0.011985 166.03847866604 0.00000000000 
0.012543 155.94424896787 12.03960725754 
0.013100 156.60601891149 13.49409451211 
0.013658 150.48458772135 10.09064028220 
0.014215 146.53939404108 9.61760591448 
0.014772 141.26016390333 7.03651013827 
0.015330 140.85955120537 6.07663444485 
0.015887 135.34281390294 5.30162793854 
0.016445 135.24506775944 4.13633646069 
0.017002 127.96617547464 4.06549652999 
0.017560 125.72252907570 3.60823969285 
0.018117 121.58813450232 2.78698599419 
0.018675 117.50995750380 2.49234286109 
0.019232 114.08876253154 2.61402543952 
0.019789 111.91539577304 2.37605687025 
0.020347 107.49745272556 2.16275115926 
0.020904 104.89519535190 1.90479013870 
0.021462 100.29007003766 1.72956281924 
0.022019 97.54230155547 1.51870795714 
0.022577 94.18264144548 1.49278018707 
0.023134 90.19514875457 1.14524609089 
0.023692 88.29926044953 1.25491322860 
0.024249 84.90536479576 1.10509403681 
0.024807 82.50452683936 1.14820757458 
0.025364 78.09102000471 1.03062187866 
0.025921 75.06235136177 1.03972041071 
0.026479 72.69448573713 0.96800339516 
0.027036 68.74741423213 0.85004780712 
0.027594 67.07678277144 0.81968539174 
0.028151 63.67655123248 0.72035999532 
0.028709 61.72013154415 0.71334570053 
0.029266 58.88610230147 0.72047939581 
0.029824 56.64950729623 0.68418623513 
0.030381 53.53085858653 0.64506527190 
0.030938 52.26951693034 0.57674797795 
0.031496 49.44374896008 0.57697942652 
0.032053 46.68390710543 0.56864734128 
0.032611 45.39187641636 0.51518022551 
0.033168 43.46440211007 0.54841207754 
0.033726 41.39572513807 0.54123336874 
0.034283 39.58111262242 0.46693790404 
0.034841 37.20008033684 0.46841766150 
0.035398 35.19933525966 0.47948121025 
0.035955 33.96713128853 0.45223706192 
0.036513 32.06014472842 0.44821915714 
0.037070 30.65436768053 0.42589832431 
0.037628 29.34254161790 0.45684425699 
0.038185 27.55020412761 0.44069868012 
0.038743 26.41971644723 0.41175652070 
0.039300 25.69170816591 0.43209236264 
0.039858 23.95704864262 0.40469364984 
0.040415 22.68024206993 0.39028866371 
0.040973 22.17212242573 0.36141565323 
0.041530 21.00196381718 0.35600499608 
0.042087 19.75332823242 0.35180862927 
0.042645 19.13958464089 0.35936613599 
0.043202 17.91356586128 0.33760186734 
0.043760 17.43277118308 0.33107226312 
0.044317 16.86428987936 0.32370840400 
0.044875 15.66326993015 0.31981059163 
0.045432 15.04002320152 0.31333271563 
0.045990 14.57248949310 0.30429701215 
0.046547 13.83167498567 0.31454550489 
0.047104 13.44459309905 0.31134221476 
0.047662 12.78617833118 0.29754879451 
0.048219 12.42744757708 0.29418947997 
0.048777 12.00394466823 0.28548042309 
0.049334 11.20268503143 0.27365634734 
0.049892 11.00586793715 0.28694536535 
0.050449 10.64831257324 0.27711885057 
0.051007 10.58775634851 0.28188173613 
0.051564 10.39724847364 0.27418532078 
0.052121 9.41459958406 0.26128204004 
0.052679 9.72403081259 0.26514146476 
0.053236 9.60721042762 0.26794874784 
0.053794 9.03911302166 0.25270223326 
0.054351 8.93155984970 0.26626325663 
0.054909 8.60985373761 0.25291974924 
0.055466 8.57834852652 0.24436725118 
0.056024 8.48075558228 0.25972844635 
0.056581 8.23256839095 0.25052095837 
0.057138 8.13578563606 0.23989125190 
0.057696 7.46485246327 0.24602935986 
0.058253 7.87415131516 0.23749683128 
0.058811 7.75849019257 0.23867630159 
0.059368 7.35004805920 0.22837590463 
0.059926 7.44117104995 0.24157737111 
0.060483 7.11152592150 0.23773696406 
0.061041 6.85962951255 0.22975174182 
0.061598 6.68983469731 0.23383162458 
0.062155 6.67125515112 0.22455463419 
0.062713 6.51232199734 0.23407500278 
0.063270 6.85913244846 0.22103215414 
0.063828 6.30946897353 0.21421270341 
0.064385 6.56313538690 0.21629055149 
0.064943 6.02712061897 0.21588405787 
0.065500 6.42011721944 0.22096634865 
0.066057 6.21391029350 0.21877254841 
0.066615 6.09230844777 0.21629903013 
0.067172 5.65488443399 0.20995952438 
0.067730 5.30553193734 0.20493676821 
0.068287 5.91587874267 0.20430340301 
0.068845 5.38423584189 0.19920918208 
0.069402 5.44549681292 0.20558016348 
0.069960 5.46980739472 0.20384468374 
0.070517 5.01925727664 0.19226013665 
0.071074 4.95369093222 0.20206801996 
0.071632 4.75097407542 0.20017511169 
0.072189 4.76626783924 0.18836210176 
0.072747 4.51412620163 0.19480361283 
0.073304 4.53294506130 0.18795249750 
0.073862 4.35580448861 0.19873203869 
0.074419 4.39891757099 0.18755933151 
0.074977 4.26716848945 0.18476612209 
0.075534 4.15570277136 0.18779682050 
0.076091 3.98669957041 0.18302919723 
0.076649 3.90044850985 0.18048841906 
0.077206 3.64978791493 0.19232948435 
0.077764 3.75851852323 0.17987680385 
0.078321 3.52243463485 0.18352301475 
0.078879 3.52575218257 0.18490148326 
0.079436 3.55919704923 0.17961676491 
0.079993 3.35051570727 0.17232083539 
0.080551 3.43847592968 0.17718639837 
0.081108 3.13269990860 0.18302001714 
0.081666 3.15009490167 0.17413125566 
0.082223 2.80257716324 0.17712268447 
0.082781 3.03325030653 0.17534704097 
0.083338 2.86266329381 0.17684412912 
0.083895 2.68413039263 0.17516208302 
0.084453 2.59727964183 0.17446785874 
0.085010 2.37322801776 0.16698225545 
0.085568 2.24356480532 0.16826921883 
0.086125 2.15638547053 0.16464518848 
0.086683 2.37440636134 0.16960833590 
0.087240 2.12704778032 0.16624010383 
0.087798 2.00808139059 0.16370849345 
0.088355 1.90597680934 0.15952595063 
0.088912 1.94168296241 0.16565975943 
0.089470 1.90807941495 0.16046925451 
0.090027 1.90394824961 0.16210649275 
0.090585 1.96366688081 0.16256210880 
0.091142 1.52637194296 0.15702725951 
0.091700 1.72916744669 0.16052847248 
0.092257 1.58495481367 0.15929916821 
0.092814 1.40169582434 0.15435718372 
0.093372 1.35616290661 0.15055979215 
0.093929 1.39204394798 0.15238924428 
0.094487 1.03024116384 0.15635356617 
0.095044 1.39843778800 0.15279531372 
0.095602 1.39918637037 0.14626857258 
0.096159 1.25591746720 0.14832313686 
0.096716 1.24801835328 0.14700748999 
0.097274 1.16611416666 0.15379692602 
0.097831 1.07456593608 0.15462044486 
0.098389 1.31383928544 0.14673732031 
0.098946 1.18548895343 0.15114333017 
0.099504 1.10401372374 0.14977100427 
0.100061 1.14190078411 0.15146032436 
0.100618 1.03337163612 0.14339704650 
0.101176 1.11220895837 0.14665348776 
0.101733 1.10736764286 0.15476810222 
0.102291 1.12107215681 0.14375355826 
0.102848 1.02854739137 0.14606550709 
0.103406 0.99231136750 0.14724809129 
0.103963 0.84517196589 0.14124077942 
0.104520 1.07050194954 0.14563464709 
0.105078 0.80968412730 0.14513679265 
0.105635 0.90554153926 0.14382039137 
0.106193 0.73885548550 0.14221124188 
0.106750 0.70144856105 0.14040015667 
0.107308 0.77977431802 0.14184770190 
0.107865 0.92468252571 0.13839844261 
0.108422 0.90744705081 0.14170998100 
0.108980 0.80627366841 0.14042224460 
0.109537 0.92295490625 0.14196111099 
0.110095 0.85541037751 0.14280422207 
0.110652 0.78022952004 0.13588828490 
0.111210 0.67883021621 0.14019499635 
0.111767 0.90894833746 0.13538267985 
0.112324 1.00959463306 0.13922410129 
0.112882 0.76768161994 0.13266958424 
0.113439 0.74363947771 0.13580252810 
0.113997 0.86849819081 0.13622780482 
0.114554 0.79093650739 0.13799051649 
0.115111 0.71232191439 0.13215333128 
0.115669 0.93405942750 0.13304169054 
0.116226 0.68234712411 0.13221678984 
0.116784 0.72942191602 0.13500088731 
0.117341 0.91567926491 0.13285041366 
0.117899 0.86523577546 0.13413617192 
0.118456 0.64095910748 0.13022367089 
0.119013 0.62118171318 0.13381743064 
0.119571 0.57046734299 0.13387750684 
0.120128 0.78188655501 0.13084955389 
0.120686 0.74824718448 0.13309471435 
0.121243 0.78540885408 0.12787226329 
0.121800 0.61914135631 0.12678188593 
0.122358 0.69636895281 0.13503324632 
0.122915 0.73106298609 0.13081691456 
0.123473 0.57939315227 0.13321399617 
0.124030 0.65217064295 0.13109191565 
0.124588 0.65767305513 0.12701396963 
0.125145 0.54927205866 0.12923858985 
0.125702 0.55723817463 0.12414410451 
0.126260 0.51318017754 0.12689116628 
0.126817 0.45424515158 0.12726130298 
0.127375 0.54482454933 0.12493284780 
0.127932 0.49484397476 0.12883600769 
0.128489 0.65513793449 0.12680889804 
0.129047 0.57555658556 0.12527695928 
0.129604 0.39436920078 0.12745822710 
0.130162 0.57932206230 0.12611232719 
0.130719 0.59321693871 0.12755679353 
0.131277 0.53553764478 0.12669685617 
0.131834 0.54797437825 0.12488184337 
0.132391 0.58790444137 0.12745379469 
0.132949 0.57054838776 0.12873864427 
0.133506 0.43931470373 0.12864534777 
0.134064 0.32408747780 0.13367343037 
0.134621 0.59276953879 0.13089980454 
0.135178 0.62620767184 0.13716790942 
0.135736 0.56189839991 0.13759436393 
0.136293 0.48870023845 0.13819287129 
0.136851 0.64192565993 0.14070113969 
0.137408 0.29446768295 0.14232337060 
0.137965 0.36090815257 0.13341369468 
0.138523 0.34014223015 0.13533656695 
0.139080 0.34651615434 0.13954583958 
0.139638 0.49041847670 0.13718811724 
0.140195 0.50959619639 0.14010660110 
0.140752 0.39381916885 0.13732624520 
0.141310 0.22383640145 0.14055375638 
0.141867 0.30934463779 0.14155315562 
0.142425 0.31591950372 0.13480337363 
0.142982 0.46560034847 0.13504188407 
0.143540 0.34841932747 0.13716816670 
0.144097 0.28676016018 0.13417933578 
0.144654 0.30404807520 0.13488471432 
0.145212 0.53023204711 0.12840073440 
0.145769 0.32841347522 0.13218075499 
0.146327 0.33090700659 0.13187257942 
0.146884 0.22313442924 0.12831105068 
0.147441 0.28137372348 0.12804147461 
0.147999 0.21934608364 0.12678942806 
0.148556 0.41907139799 0.12738889883 
0.149114 0.21016069440 0.12358703443 
0.149671 0.21786335446 0.12666865872 
0.150228 0.19552664554 0.12435692737 
0.150786 0.23885963196 0.12277807403 
0.151343 0.15377471780 0.12725918382 
0.151901 0.46523706468 0.12315317692 
0.152458 0.26941237960 0.12093291810 
0.153015 0.19080327314 0.11993651689 
0.153573 0.21655629640 0.12034360451 
0.154130 0.25971678826 0.11999137123 
0.154688 0.20323110046 0.12113029435 
0.155245 0.17232934685 0.12303125418 
0.155802 0.27413534894 0.11732738210 
0.156360 0.13304010090 0.11924805728 
0.156917 0.08158432665 0.11941539025 
0.157475 0.19916308728 0.11791129715 
0.158032 0.15031566170 0.11686599823 
0.158589 0.17036751341 0.11594335231 
0.159147 0.12561995577 0.11759625718 
0.159704 0.29668708424 0.11884471497 
0.160261 0.06518425248 0.11719869652 
0.160819 0.11646594744 0.11722293855 
0.161376 0.15674006798 0.11641086712 
0.161934 0.17749231792 0.11649216872 
0.162491 0.22009526851 0.11789665213 
0.163048 0.14990877005 0.11569663718 
0.163606 0.25769785957 0.11577309304 
0.164163 0.17257463487 0.11514806096 
0.164721 0.09169972333 0.11642410527 
0.165278 0.22573925939 0.11161729879 
0.165835 0.10959565334 0.11514689821 
0.166393 0.07943449286 0.11362971309 
0.166950 0.01827433689 0.11342227711 
0.167508 0.19591504594 0.11056228338 
0.168065 0.01787273499 0.11400433675 
0.168622 0.09270594408 0.11268965047 
0.169180 0.11650249716 0.11071279100 
0.169737 0.14109601784 0.11236387661 
0.170294 0.03199890910 0.11509768232 
0.170852 0.07637203660 0.11069493691 
0.171409 0.18185116384 0.11128124207 
0.171967 0.06673547070 0.11523664674 
0.172524 0.18028410284 0.11140922501 
0.173081 0.07847490347 0.10922458557 
0.173639 0.07593721961 0.10901594720 
0.174196 0.14306595381 0.11192784589 
0.174754 0.07798660990 0.11211100398 
0.175311 0.07913563252 0.10983854704 
0.175868 0.16269477891 0.10856010397 
0.176426 -0.05604492178 0.11072770512 
0.176983 0.00707551119 0.10612720252 
0.177540 0.06476025666 0.10705903625 
0.178098 0.00922405584 0.10728237417 
0.178655 0.12231497939 0.10792158514 
0.179213 0.04421356041 0.10770732482 
0.179770 0.03207253100 0.10471521074 
0.180327 0.11551876387 0.10587985483 
0.180885 0.07728990805 0.10845273841 
0.181442 0.07174216145 0.10900551794 
0.181999 0.20623012521 0.10696347193 
0.182557 0.25249190209 0.10831565654 
0.183114 0.07160290313 0.10670879003 
0.183672 0.22244362706 0.10779200097 
0.184229 -0.07516653852 0.10391316528 
0.184786 0.09729032689 0.10411748590 
0.185344 0.13501512497 0.10472405026 
0.185901 0.15117335578 0.10549393986 
0.186458 0.08657057989 0.10407672601 
0.187016 0.13715181069 0.10423115230 
0.187573 0.12366583246 0.10597885596 
0.188131 0.08488548133 0.10379106972 
0.188688 0.03614910488 0.10770260163 
0.189245 0.06717967899 0.10417026029 
0.189803 0.22245242574 0.10793911655 
0.190360 0.01615296269 0.10521525970 
0.190917 0.11092903991 0.10463370204 
0.191475 0.07255425847 0.10491015138 
0.192032 0.24282602239 0.10496130870 
0.192590 0.03327145954 0.10495390575 
0.193147 0.17494493866 0.10368998408 
0.193704 0.08592099369 0.10383790847 
0.194262 0.04501102464 0.10399774698 
0.194819 0.15638996748 0.10533275970 
0.195376 0.06038570028 0.10352917187 
0.195934 0.07105610315 0.10374672960 
0.196491 0.02901506981 0.09898216179 
0.197048 0.17017808783 0.10339266004 
0.197606 0.08388399871 0.10410880080 
0.198163 0.08719340387 0.10454925173 
0.198721 -0.00911737729 0.10197862050 
0.199278 0.14200031115 0.10248557096 
0.199835 0.29653309670 0.10179256354 
0.200393 0.18403260037 0.10400787821 
0.200950 0.10017491366 0.10242612861 
0.201507 0.07125841973 0.10153340867 
0.202065 0.01125800998 0.10195221806 
0.202622 0.03226098015 0.10128247295 
0.203179 0.16592207123 0.09927576071 
0.203737 0.11066920382 0.10290801068 
0.204294 0.09146145992 0.10001825418 
0.204851 -0.02604206032 0.09967649349 
0.205409 0.08742337770 0.10362905355 
0.205966 0.21217207494 0.09848973942 
0.206524 0.12043185069 0.09772633317 
0.207081 0.17317433714 0.09998745587 
0.207638 0.22116631526 0.09823816666 
0.208196 0.20281544605 0.09632250898 
0.208753 0.04440163893 0.09789685776 
0.209310 0.24585671223 0.09875956592 
0.209868 0.09358327551 0.09884904801 
0.210425 0.14215019512 0.09465637550 
0.210982 0.23278955484 0.09596040308 
0.211540 0.13217997571 0.10060596522 
0.212097 0.29796224682 0.09662666287 
0.212654 0.09662298045 0.09732693255 
0.213212 0.06715939404 0.09736901743 
0.213769 0.07780777511 0.09720866105 
0.214326 0.03558623414 0.09562618500 
0.214884 0.11030813137 0.09674129856 
0.215441 0.11277594974 0.09594922552 
0.215999 0.07194117049 0.09687944099 
0.216556 0.17199893339 0.09581980118 
0.217113 0.20513331194 0.09753730278 
0.217671 0.08048497752 0.09554425857 
0.218228 0.08571198602 0.09533362313 
0.218785 0.22028401422 0.09539698529 
0.219343 0.14547333783 0.09345806391 
0.219900 0.15251484599 0.09599438813 
0.220457 -0.01040050918 0.09343489657 
0.221015 0.15864023696 0.09348358631 
0.221572 0.12874790818 0.09579004553 
0.222129 0.17140782409 0.09542683801 
0.222687 0.23643248122 0.09551591806 
0.223244 0.06126426763 0.09577284844 
0.223801 0.20694410822 0.09631407500 
0.224359 0.20283739647 0.09429321926 
0.224916 0.31209445229 0.09337712564 
0.225473 0.04970137658 0.09444518138 
0.226031 0.31307048363 0.09495603711 
0.226588 0.04431853495 0.09555389878 
0.227145 0.15203337037 0.09329089380 
0.227703 0.13101957176 0.09322477980 
0.228260 0.16670326827 0.09211802268 
0.228817 0.13057401840 0.09262550744 
0.229375 0.13152467659 0.09355320241 
0.229932 0.20486548886 0.09298696071 
0.230489 0.04252792397 0.09122326879 
0.231047 0.19375262358 0.09273666107 
0.231604 0.03519197298 0.08845493543 
0.232161 0.03008480616 0.09139398605 
0.232719 0.01718301639 0.09071358469 
0.233276 0.05053052887 0.09286641460 
0.233833 0.00354983835 0.09133542261 
0.234391 0.06314488197 0.09083531069 
0.234948 0.17734148811 0.09007164816 
0.235505 0.16435075373 0.09061442509 
0.236063 0.05164956875 0.08930213912 
0.236620 0.08874469214 0.09045291498 
0.237177 0.03677715604 0.09128536671 
0.237735 0.08774552202 0.09354229582 
0.238292 0.12211176996 0.09069196146 
0.238849 0.17682900075 0.09072522732 
0.239407 0.13923304385 0.08922893630 
0.239964 0.33735063651 0.08869417082 
0.240521 0.07045883187 0.08921429741 
0.241079 0.12142880497 0.08938277147 
0.241636 0.10650630914 0.09024142155 
0.242193 0.23276024387 0.09057692210 
0.242750 0.02912761853 0.08849821882 
0.243308 0.11184491849 0.09163197300 
0.243865 0.07775921693 0.09019537852 
0.244422 0.09404479656 0.09154102949 
0.244980 0.06806982696 0.08964270725 
0.245537 0.17756193860 0.08974471546 
0.246094 0.08130192668 0.08738009676 
0.246652 0.13964123731 0.08986702917 
0.247209 0.07292837578 0.09105668086 
0.247766 0.18865018866 0.08794614273 
0.248324 0.07417480006 0.09051673709 
0.248881 0.24467265069 0.08754695624 
0.249438 0.19496096867 0.08907249918 
0.249996 0.11058015277 0.08756761490 
0.250553 0.04601572737 0.08771441167 
0.251110 0.18288484713 0.08713356580 
0.251667 0.07081169110 0.08882865793 
0.252225 0.16296742588 0.08809193681 
0.252782 0.13343735011 0.08881705000 
0.253339 0.15337016675 0.08774408621 
0.253897 0.06077578233 0.08853147431 
0.254454 0.02505332834 0.08440098667 
0.255011 0.08048630436 0.08536075960 
0.255569 0.08263189036 0.08729365823 
0.256126 0.08540279134 0.08802949670 
0.256683 0.04082554468 0.08643592999 
0.257241 0.03859914791 0.08596719394 
0.257798 0.07408965446 0.08757293214 
0.258355 0.06456847014 0.08668495513 
0.258912 0.13345545050 0.08734505162 
0.259470 0.10683335472 0.08583996871 
0.260027 0.03616913087 0.08683667853 
0.260584 0.14204173643 0.08562615723 
0.261142 0.10822665657 0.08678494924 
0.261699 0.12856361690 0.08477441428 
0.262256 0.19162042584 0.08642059601 
0.262814 0.13117700500 0.08592238264 
0.263371 0.21659711032 0.08563209053 
0.263928 0.13973938512 0.08673782427 
0.264485 0.16795520706 0.08742196076 
0.265043 0.07872590785 0.08609740493 
0.265600 0.05851671942 0.08515981463 
0.266157 0.00769459430 0.08511842344 
0.266715 0.05361802668 0.08593186245 
0.267272 0.01859650153 0.08560024462 
0.267829 -0.02113609414 0.08508637364 
0.268386 0.08208376131 0.08321515306 
0.268944 0.13439716214 0.08581215925 
0.269501 0.00584236577 0.08497610392 
0.270058 0.07663238701 0.08413722663 
0.270616 0.10679442077 0.08550533879 
0.271173 0.08688324711 0.08674468825 
0.271730 0.13141599512 0.08679901113 
0.272287 0.17920598540 0.08663700841 
0.272845 0.09352141757 0.08613568780 
0.273402 0.14642010007 0.08774453357 
0.273959 0.19552777422 0.08730056188 
0.274517 0.16326332503 0.08700683245 
0.275074 0.09704105739 0.08941674456 
0.275631 -0.03057722321 0.09050872675 
0.276188 0.08291355995 0.09005169154 
0.276746 0.05806830878 0.09019957317 
0.277303 0.28483893568 0.08999732253 
0.277860 0.07688636061 0.08915583791 
0.278418 0.03273760610 0.09347906476 
0.278975 -0.06425210282 0.09020291633 
0.279532 0.21476936623 0.09030609753 
0.280089 -0.01087509909 0.09134351499 
0.280647 0.07755770751 0.09011700866 
0.281204 -0.06041637761 0.09078226154 
0.281761 0.05368203276 0.08894059493 
0.282318 0.05837537397 0.09080679685 
0.282876 -0.02729577982 0.08968638982 
0.283433 0.03294872169 0.08683621588 
0.283990 0.05166996371 0.08592770587 
0.284548 0.07418648702 0.08743586752 
0.285105 0.07770258581 0.08741359206 
0.285662 -0.04083731059 0.08776035448 
0.286219 -0.06204944049 0.08648990727 
0.286777 0.10237214839 0.08683909052 
0.287334 0.02324769713 0.08586967670 
0.287891 0.09319188640 0.08337417272 
0.288448 0.12167173948 0.08470538272 
0.289006 0.06028382495 0.08332345291 
0.289563 0.08405736500 0.08376927128 
0.290120 0.09342044518 0.08608521619 
0.290677 0.17331102259 0.08503823381 
0.291235 0.18410029460 0.08549398442 
0.291792 0.05937409962 0.08270338249 
0.292349 0.01395634393 0.08491944195 
0.292906 0.00378625280 0.08653108019 
0.293464 0.04266795151 0.08431873084 
0.294021 -0.02281370145 0.08615855302 
0.294578 -0.04047554972 0.08656676016 
0.295136 0.16492968994 0.08662642503 
0.295693 0.12420971904 0.08447482776 
0.296250 0.12504785915 0.08572654376 
0.296807 0.07201980726 0.08719784363 
0.297365 0.05890035492 0.08603548006 
0.297922 0.05183059261 0.08589032077 
0.298479 0.14680592465 0.08451901485 
0.299036 0.06613912135 0.08747084449 
0.299594 -0.03988308507 0.08638187657 
0.300151 0.01281395627 0.08589111141 
0.300708 -0.00686848350 0.08746057868 
0.301265 0.10030026242 0.08621257233 
0.301823 0.03570036608 0.08807744639 
0.302380 0.02687058873 0.08456814814 
0.302937 0.05210302132 0.08775001083 
0.303494 0.14263101058 0.08386290820 
0.304052 0.11587257807 0.08678864479 
0.304609 0.10855678609 0.08591359911 
0.305166 0.09300074923 0.08580338462 
0.305723 0.11662575789 0.08634671551 
0.306280 0.10865875513 0.08551350343 
0.306838 0.10569225103 0.08279855610 
0.307395 0.06565271276 0.08720890407 
0.307952 0.03485530240 0.08685045861 
0.308509 0.16269451075 0.08544250787 
0.309067 0.10105975768 0.08579571761 
0.309624 0.21784769307 0.08628178815 
0.310181 0.09210292601 0.08717421551 
0.310738 0.07649169974 0.08475900056 
0.311296 0.09031166417 0.08578248146 
0.311853 0.02332250957 0.08568676740 
0.312410 0.11998807221 0.08641096093 
0.312967 0.09070908155 0.08526919869 
0.313525 0.06825640309 0.08708273549 
0.314082 0.07911647432 0.08693993556 
0.314639 0.03274912952 0.08638550418 
0.315196 0.09843225392 0.08767885497 
0.315753 0.07014390861 0.08672602448 
0.316311 0.02494164534 0.08665477117 
0.316868 0.07252209715 0.08494882773 
0.317425 0.14971089462 0.08681216350 
0.317982 0.00171789749 0.08579637075 
0.318540 0.14628046328 0.08582045642 
0.319097 0.02445014259 0.08572779214 
0.319654 0.11502934220 0.08973330415 
0.320211 0.14582392718 0.08705746016 
0.320768 0.05802716614 0.08702184303 
0.321326 0.11540818283 0.08717603961 
0.321883 0.01863279358 0.08586233332 
0.322440 0.02549013651 0.08655847070 
0.322997 0.12335511017 0.08806673391 
0.323555 0.11723008359 0.08864554144 
0.324112 0.15702188344 0.08629924691 
0.324669 0.04635619188 0.08633565566 
0.325226 0.03397949663 0.08761903942 
0.325783 0.11236033318 0.08646108321 
0.326341 0.19825369277 0.08794753103 
0.326898 0.02829316693 0.08663918564 
0.327455 0.12952494267 0.08712176868 
0.328012 0.07293144638 0.08804098063 
0.328569 0.09418304537 0.08633310360 
0.329127 0.03516005576 0.08792287365 
0.329684 0.01444471256 0.08864259489 
0.330241 -0.00987450343 0.08992925613 
0.330798 0.05828419897 0.08903877682 
0.331355 0.00211855266 0.08769586949 
0.331913 0.13075207200 0.08806706273 
0.332470 0.08017235453 0.09056082808 
0.333027 0.03184732314 0.08694517680 
0.333584 0.11648264276 0.09008884884 
0.334141 0.07134341836 0.08933002083 
0.334699 0.18113134255 0.09007146172 
0.335256 0.12127921940 0.09043371266 
0.335813 0.03123188683 0.08893216557 
0.336370 0.05415718928 0.09180515326 
0.336927 0.06056151766 0.08983106959 
0.337485 0.05889325023 0.09100589304 
0.338042 0.09675779433 0.09166632776 
0.338599 0.12614336763 0.09068883429 
0.339156 0.21773289333 0.09207471552 
0.339713 0.06850860305 0.09241999441 
0.340271 0.15835459127 0.09257850288 
0.340828 0.13797731485 0.09298716055 
0.341385 0.05418187527 0.09329955457 
0.341942 0.11550985354 0.09424788499 
0.342499 0.07266420424 0.09257008166 
0.343057 0.01684478640 0.09250978466 
0.343614 0.00527945322 0.09469941651 
0.344171 0.03143177062 0.09432316986 
0.344728 0.09699572247 0.09450240688 
0.345285 0.05081341158 0.09595783268 
0.345842 0.06359583309 0.09312129450 
0.346400 0.03377740525 0.09409868525 
0.346957 0.13546550901 0.09714739583 
0.347514 0.09921288947 0.09795395268 
0.348071 0.02858008709 0.09653013410 
0.348628 0.11248923260 0.09594924488 
0.349186 0.03972278481 0.09755188630 
0.349743 0.02072069178 0.09616059817 
0.350300 0.15838816878 0.09556908997 
0.350857 0.08914512040 0.09700229767 
0.351414 0.09340653412 0.09857190373 
0.351971 0.04277665240 0.09762404950 
0.352529 0.09475085052 0.09981552773 
0.353086 0.05195310613 0.10109482178 
0.353643 0.07078737491 0.10092279432 
0.354200 0.07026287571 0.09963106921 
0.354757 0.02681715339 0.10281145187 
0.355314 0.00476196230 0.10104831088 
0.355872 0.04774310338 0.10382741523 
0.356429 0.22540703004 0.10250528269 
0.356986 0.10523755952 0.10423331218 
0.357543 0.26022021456 0.10459620634 
0.358100 0.20124386831 0.10283091110 
0.358657 0.00855624032 0.10444649598 
0.359215 0.09660787118 0.10310821773 
0.359772 0.10043728617 0.10560837807 
0.360329 0.18704625192 0.10331635306 
0.360886 0.01165290112 0.10322434264 
0.361443 0.16916288269 0.10271512882 
0.362000 -0.02962668426 0.10370425617 
0.362558 0.14115230724 0.10299627368 
0.363115 0.23586739303 0.10107525831 
0.363672 0.14193327157 0.10169998350 
0.364229 0.17828914807 0.10284847958 
0.364786 0.17885020561 0.10239704802 
0.365343 0.17090431908 0.10240801011 
0.365900 0.01581719292 0.10329732963 
0.366458 0.12964928295 0.10257651019 
0.367015 0.26350401196 0.10197285534 
0.367572 0.18555154111 0.10093355157 
0.368129 0.25324159122 0.10022826000 
0.368686 -0.00878239107 0.10119348235 
0.369243 0.15352046466 0.09958670561 
0.369801 0.07016281809 0.10025580735 
0.370358 0.10312902453 0.09933382466 
0.370915 0.09905050870 0.09902279582 
0.371472 0.02537342146 0.09848774814 
0.372029 0.19088453983 0.10132355833 
0.372586 0.12382110422 0.10080288116 
0.373143 0.05271345732 0.09804549763 
0.373700 0.05307826211 0.09789637303 
0.374258 0.07023116488 0.09772757901 
0.374815 0.01843450670 0.10090737030 
0.375372 0.01069476212 0.09616603868 
0.375929 0.09698479212 0.09650514389 
0.376486 0.08720353702 0.09614909953 
0.377043 0.06680382080 0.09475057299 
0.377600 0.04251079379 0.09689190685 
0.378158 0.03898535009 0.09350074116 
0.378715 0.09822798463 0.09524370097 
0.379272 0.05873208950 0.09693121956 
0.379829 0.18947288930 0.09366125619 
0.380386 0.04175628364 0.09480947685 
0.380943 0.30737723030 0.09536046285 
0.381500 0.17766071123 0.09440967339 
0.382057 0.07140603050 0.09331105559 
0.382615 0.13077525189 0.09400637597 
0.383172 0.09684460710 0.09269411546 
0.383729 0.13216099556 0.09038011620 
0.384286 0.18984332062 0.09208632301 
0.384843 0.17999660709 0.09186763401 
0.385400 0.11187145669 0.09015976214 
0.385957 0.03388870278 0.09343094204 
0.386514 0.07264394228 0.09199650095 
0.387072 0.05893933859 0.09310180728 
0.387629 0.03190214183 0.09084807594 
0.388186 0.06132729324 0.09180566138 
0.388743 0.07778311619 0.08939811264 
0.389300 0.04409318077 0.09072660072 
0.389857 0.15523310012 0.09137440517 
0.390414 0.14862698258 0.09155926224 
0.390971 0.06238134619 0.09158014725 
0.391528 0.06060514530 0.09004052086 
0.392086 0.04982631117 0.08939746991 
0.392643 0.04055895943 0.09062352048 
0.393200 0.01425269837 0.09036010421 
0.393757 0.07481031486 0.08712210942 
0.394314 0.00941392151 0.08826973244 
0.394871 0.14652022639 0.08950707387 
0.395428 -0.03108028084 0.09055164366 
0.395985 0.04151393485 0.09003318269 
0.396542 0.07196733792 0.09086289552 
0.397099 0.12760114251 0.09113086607 
0.397657 0.07180435345 0.09101879868 
0.398214 0.15409562236 0.08876628120 
0.398771 0.13471812084 0.08920838576 
0.399328 0.08239926697 0.08926401612 
0.399885 0.10239373629 0.08880637161 
0.400442 0.06738378782 0.09000565439 
0.400999 0.02859305022 0.08985461408 
0.401556 0.11144771646 0.09172295210 
0.402113 0.18120880062 0.09340054650 
0.402670 0.01790396477 0.09509125012 
0.403227 -0.07309137299 0.09583402768 
0.403785 0.03504821188 0.09693420434 
0.404342 0.07740335221 0.09771007603 
0.404899 0.04806982542 0.09711843274 
0.405456 0.04779268418 0.09702011717 
0.406013 0.08735671353 0.09910327548 
0.406570 0.21158809292 0.09857001648 
0.407127 0.11836788090 0.09796633881 
0.407684 0.06818990608 0.09965390595 
0.408241 0.13877791357 0.10636693460 
0.408798 0.12559507854 0.10362727640 
0.409355 0.06416146880 0.10472878907 
0.409912 0.02708073847 0.10755377828 
0.410469 0.04086365777 0.10613830973 
0.411027 0.05393719938 0.10742139530 
0.411584 0.11373644999 0.11137655370 
0.412141 -0.10701298216 0.10925120819 
0.412698 0.12712156147 0.10743590395 
0.413255 0.11932502215 0.10888917185 
0.413812 0.02003110191 0.11077791686 
0.414369 0.06934337580 0.11320337819 
0.414926 0.13452111968 0.11249121368 
0.415483 -0.03150953519 0.11341353992 
0.416040 0.00183879054 0.11444716842 
0.416597 0.08525021754 0.11380741532 
0.417154 0.11447686716 0.11544872464 
0.417711 -0.06263182082 0.11596327651 
0.418268 0.01730565960 0.11990019401 
0.418825 0.10966518811 0.11500947472 
0.419382 0.02393022928 0.11747060607 
0.419940 0.02721840277 0.11665681613 
0.420497 0.13112967359 0.11422520689 
0.421054 0.05031023576 0.11266188764 
0.421611 0.12898268165 0.11259198748 
0.422168 0.15530708676 0.11316791860 
0.422725 0.04567816964 0.11421278784 
0.423282 0.30720983328 0.11510603747 
0.423839 0.05696564967 0.11291283768 
0.424396 0.06306329703 0.11693227008 
0.424953 0.15465085383 0.11664293676 
0.425510 0.01544493365 0.11515400724 
0.426067 0.18063984698 0.11441045486 
0.426624 0.03259996076 0.11272107505 
0.427181 0.02579132508 0.11726801022 
0.427738 0.11754322826 0.12140469830 
0.428295 -0.11279047465 0.11427921755 
0.428852 0.06847872603 0.11555268395 
0.429409 0.13752811345 0.11278923413 
0.429966 0.13255181298 0.11817604999 
0.430523 0.14286832312 0.11806268181 
0.431080 0.00270811854 0.11913257994 
0.431637 0.15171718502 0.11807124915 
0.432194 0.27067327372 0.11495394024 
0.432752 0.26609533431 0.12003340396 
0.433309 0.27602995669 0.11727109006 
0.433866 0.19373466677 0.11829963912 
0.434423 0.10372975613 0.11831802545 
0.434980 0.25406686474 0.12028633330 
0.435537 0.24224319472 0.11855475967 
0.436094 0.09383121592 0.11897348065 
0.436651 0.04332183635 0.11851229997 
0.437208 0.12023941162 0.11844186384 
0.437765 0.26803141251 0.11543142023 
0.438322 0.14058071444 0.11885132983 
0.438879 0.19864110459 0.11742498082 
0.439436 0.08678633797 0.12043861994 
0.439993 0.21277216713 0.12320970286 
0.440550 0.11859435021 0.12402529949 
0.441107 -0.02226609610 0.12584185841 
0.441664 0.21893701355 0.12227827559 
0.442221 0.12590317574 0.12251168364 
0.442778 0.12893295163 0.12371098538 
0.443335 0.12786016097 0.12315616631 
0.443892 0.26161736763 0.12646115854 
0.444449 -0.07600949867 0.12226671727 
0.445006 -0.02893802296 0.12332164581 
0.445563 0.04740921808 0.12617663050 
0.446120 0.08343759828 0.12339718240 
0.446677 0.08919893336 0.12324525279 
0.447234 0.17956564541 0.12589283686 
0.447791 -0.04290602930 0.12578420770 
0.448348 0.03588959390 0.12699747547 
0.448905 0.04914561400 0.12287519838 
0.449462 0.00978490872 0.12159358505 
0.450019 -0.23104907554 0.12386348034 
0.450576 0.23557970915 0.11764613829 
0.451133 0.10368642539 0.12259714114 
0.451690 0.04788028288 0.12258859181 
0.452247 0.12151020484 0.12142921064 
0.452804 0.01361523167 0.12252249825 
0.453361 0.04894670512 0.12560483929 
0.453918 -0.13137787014 0.11703084018 
0.454475 0.12280931155 0.12452424142 
0.455032 0.17589943605 0.12413173447 
0.455589 0.14035683285 0.12358567378 
0.456146 0.05724150403 0.12415490925 
0.456703 0.01679003571 0.12650417272 
0.457260 0.15410520972 0.12105044836 
0.457817 -0.02001902223 0.12352189494 
0.458374 0.04509043192 0.12145605142 
0.458931 0.09754344939 0.12135662879 
0.459488 0.16317656839 0.11941238992 
0.460045 0.23937605666 0.11952615495 
0.460602 0.16471394796 0.12398144340 
0.461159 0.18515429331 0.12103409443 
0.461716 -0.00509022009 0.12217716422 
0.462273 0.00386969444 0.12399356481 
0.462830 0.12996113256 0.12177066301 
0.463387 -0.02030917875 0.12190965074 
0.463943 0.01310762753 0.12181177196 
0.464500 -0.02500718454 0.12183864859 
0.465057 0.14798838031 0.11936815068 
0.465614 0.14043478376 0.12273292402 
0.466171 0.05429788987 0.12511904279 
0.466728 0.23885384217 0.12093654498 
0.467285 0.02236258025 0.12281560777 
0.467842 0.12231961221 0.12096650099 
0.468399 0.02808952407 0.12355056245 
0.468956 0.20621873918 0.12246258398 
0.469513 0.06875878719 0.12299671329 
0.470070 0.16704225874 0.12061672367 
0.470627 0.08059629618 0.12506909388 
0.471184 0.07480007333 0.11825569513 
0.471741 0.13382903001 0.12300104723 
0.472298 0.18050802287 0.12283317347 
0.472855 0.08119255421 0.11811953400 
0.473412 0.18296679479 0.12303883250 
0.473969 -0.01543368051 0.12194761578 
0.474526 0.01441421028 0.12153156497 
0.475083 0.15237033536 0.12315285719 
0.475640 0.05911545880 0.11963654627 
0.476196 0.06699479706 0.12464586415 
0.476753 0.03711051515 0.12607583591 
0.477310 -0.06647831543 0.12436101961 
0.477867 0.09279955519 0.12058641303 
0.478424 0.25763201287 0.12099972568 
0.478981 0.15286559641 0.12280918923 
0.479538 -0.00833171157 0.12107373104 
0.480095 0.02276368037 0.12531678821 
0.480652 0.04533103318 0.12670206296 
0.481209 0.02967921793 0.11796892050 
0.481766 0.17587390680 0.11699988217 
0.482323 0.04229465953 0.12292507819 
0.482880 0.12121939777 0.11883502871 
0.483437 0.00494820234 0.12245443562 
0.483994 0.06494121115 0.12265370181 
0.484550 -0.00317694945 0.12184747437 
0.485107 0.01068999719 0.12331140865 
0.485664 -0.05618024794 0.11877795211 
0.486221 0.12148439463 0.12223913782 
0.486778 -0.03428483175 0.11638218718 
0.487335 0.12621642159 0.12039352781 
0.487892 0.04706218823 0.12226377554 
0.488449 0.16558566422 0.12273308524 
0.489006 -0.07074045865 0.11935120950 
0.489563 0.06159353775 0.11876058322 
0.490120 0.05901973382 0.12336417707 
0.490677 0.14747163964 0.11794724389 
0.491233 -0.02604711326 0.12061163176 
0.491790 0.11933689152 0.12298137231 
0.492347 0.08128687865 0.12551085708 
0.492904 0.20421877151 0.11711605486 
0.493461 -0.05085872186 0.12289665701 
0.494018 0.21363444870 0.12428987679 
0.494575 -0.01484907176 0.11962745329 
0.495132 0.22933164315 0.12138547764 
0.495689 0.10958186729 0.11990189401 
0.496246 0.21911102488 0.12289100596 
0.496802 -0.05737593931 0.12039449157 
0.497359 -0.00831367743 0.12065233124 
0.497916 -0.00041608608 0.11851476989 
0.498473 0.14923965628 0.12410233746 
0.499030 0.04493352208 0.12082712560 
0.499587 0.14620151848 0.12323762881 
0.500144 -0.01707860255 0.11967626402 
0.500701 0.04907498171 0.12166944048 
0.501258 0.11724275512 0.12175350828 
0.501815 0.12577643447 0.11937530892 
0.502371 0.14568172685 0.12276330256 
0.502928 0.07691212637 0.12222406339 
0.503485 0.08929673709 0.12102412827 
0.504042 0.09243618919 0.12236007199 
0.504599 0.06686616931 0.12553745864 
0.505156 0.16559491889 0.12213615388 
0.505713 0.07240239579 0.12075231222 
0.506270 -0.04873043877 0.12297156006 
0.506826 0.14868690706 0.12355782196 
0.507383 0.14268141293 0.11824341992 
0.507940 -0.02433867981 0.11854429501 
0.508497 0.17926312933 0.12032639191 
0.509054 0.03950020207 0.12530145903 
0.509611 0.09677096701 0.12324719823 
0.510168 0.14154840020 0.12474111525 
0.510725 0.00334659441 0.12035510084 
0.511281 0.04364784813 0.12363101718 
0.511838 0.03327808787 0.12902351634 
0.512395 0.06195693233 0.12441341946 
0.512952 0.04773909636 0.12314949252 
0.513509 0.20531196944 0.12423156816 
0.514066 0.13005040717 0.12031622406 
0.514623 0.08223301471 0.12348203262 
0.515179 0.18028239074 0.12224190645 
0.515736 0.09546818531 0.12428104357 
0.516293 0.08618756695 0.12686932866 
0.516850 0.06854527904 0.13268372768 
0.517407 0.10966210073 0.13001138090 
0.517964 0.11611324755 0.12872766738 
0.518521 0.10622028567 0.13115081565 
0.519077 -0.02535612279 0.12399938979 
0.519634 0.11181040849 0.12406839597 
0.520191 0.07317733140 0.12649648105 
0.520748 0.13724553763 0.13141678116 
0.521305 0.10138568102 0.13063238158 
0.521862 0.03050543321 0.13037457785 
0.522418 0.05849535388 0.13336212488 
0.522975 0.06207595162 0.13742514770 
0.523532 0.02734047530 0.13309073561 
0.524089 0.09965472958 0.13838279003 
0.524646 0.13050646185 0.14307906362 
0.525203 0.24189611106 0.13323662736 
0.525759 0.03195077593 0.13980648681 
0.526316 0.14733445073 0.13703250394 
0.526873 0.00736212056 0.13814810807 
0.527430 0.22134991440 0.14380157818 
0.527987 0.08605231036 0.14289326908 
0.528544 0.06640148293 0.14022952013 
0.529100 0.02723699914 0.14886897967 
0.529657 0.02228734554 0.13918265706 
0.530214 0.05427094483 0.14238219389 
0.530771 -0.08110884803 0.14722753219 
0.531328 0.08965350982 0.14699056659 
0.531884 0.34218962060 0.14896325517 
0.532441 0.16937780763 0.14740365469 
0.532998 0.19263637292 0.14538344561 
0.533555 0.12485173406 0.15278892757 
0.534112 0.21413703703 0.15610396161 
0.534669 0.02484425248 0.15719394821 
0.535225 -0.00363622111 0.16189834043 
0.535782 0.13038768767 0.15827685435 
0.536339 0.00917291908 0.16105876785 
0.536896 -0.02066204444 0.15582435872 
0.537453 0.09269280293 0.17098185652 
0.538009 0.25607576991 0.16930546523 
0.538566 0.17205034673 0.16406501927 
0.539123 0.12573039641 0.18319683245 
0.539680 0.05324207083 0.18178323498 
0.540237 0.43035990439 0.17871286752 
0.540793 -0.10288324318 0.20340150468 
0.541350 0.26304564444 0.20388640078 
0.541907 0.33960251989 0.22721699366 
0.542464 0.22856309731 0.25514079923 
0.543021 0.02935384128 0.41895231451 
