0.011985 155.49011017113 0.00000000000 
0.012543 153.22460047870 10.15460849509 
0.013100 153.51827761125 13.06239059335 
0.013658 148.13626992481 11.27949276532 
0.014215 147.60198359424 9.20174225196 
0.014772 141.48421990251 7.03329707573 
0.015330 138.85061172171 5.45348721674 
0.015887 133.71041488620 5.09764443515 
0.016445 130.34464138129 3.91097098881 
0.017002 126.02653955439 4.48903684491 
0.017560 125.37684925305 3.44241899100 
0.018117 122.62651852341 2.92880610676 
0.018675 118.44364536078 2.13912030852 
0.019232 114.44251375733 2.65735247726 
0.019789 110.83080310782 2.21073621978 
0.020347 108.14776664830 2.03846287776 
0.020904 104.09224177719 1.66908817922 
0.021462 100.54306594124 1.68322551781 
0.022019 97.34745703557 1.49119064109 
0.022577 93.44232072309 1.41006614732 
0.023134 90.05078858415 1.40503939623 
0.023692 87.55017613325 1.29132010318 
0.024249 84.31189583901 1.16106174469 
0.024807 80.43603377056 1.17775544189 
0.025364 76.58759794034 1.08431257491 
0.025921 75.27494891566 0.99152764669 
0.026479 72.95235129109 0.92497756284 
0.027036 69.18958417044 0.87711124227 
0.027594 66.10705146172 0.82144688542 
0.028151 64.23099812033 0.78705792652 
0.028709 61.30846074381 0.73360907656 
0.029266 58.67615710550 0.71583470215 
0.029824 55.99582980130 0.64783596517 
0.030381 54.09209469961 0.64199043246 
0.030938 51.24178706602 0.60858804401 
0.031496 49.08754235655 0.59880074606 
0.032053 47.74675122848 0.56657827023 
0.032611 44.76126342228 0.54452742540 
0.033168 43.62529325974 0.53199565881 
0.033726 40.86878445056 0.49004250602 
0.034283 40.04301840614 0.49479486583 
0.034841 36.99784488253 0.45316621337 
0.035398 35.70591997700 0.47399711252 
0.035955 33.87485752985 0.45600349139 
0.036513 32.47978473500 0.43912343350 
0.037070 31.40476282953 0.46171757318 
0.037628 29.08135077107 0.44951450346 
0.038185 27.67857124967 0.40259352134 
0.038743 27.05340793419 0.40973775050 
0.039300 25.81283481416 0.40715225077 
0.039858 24.67395427775 0.40276628193 
0.040415 23.06522804901 0.37550296786 
0.040973 21.85644979935 0.38715807969 
0.041530 21.01935401535 0.38492233931 
0.042087 20.34089842211 0.33195005742 
0.042645 19.57952044632 0.37612331643 
0.043202 18.09904404235 0.35872670190 
0.043760 17.77246975730 0.33376623726 
0.044317 17.36798151242 0.32779192551 
0.044875 16.23469094787 0.33580917370 
0.045432 15.57821369341 0.32770607591 
0.045990 14.79292494879 0.31743244700 
0.046547 14.15156494213 0.32545147110 
0.047104 13.95658448585 0.30045812326 
0.047662 13.03313324018 0.30476977025 
0.048219 12.87420653280 0.30618006426 
0.048777 11.99894968846 0.30592130286 
0.049334 11.35387965425 0.28685912400 
0.049892 11.02152921499 0.27822138743 
0.050449 10.65007258965 0.28148087412 
0.051007 10.75995904009 0.28121333965 
0.051564 10.56248252820 0.27181553830 
0.052121 10.30906013842 0.26013772455 
0.052679 10.00262053338 0.27836691780 
0.053236 9.25835854203 0.25304929249 
0.053794 9.39354550520 0.25809251796 
0.054351 9.23136243382 0.25846957426 
0.054909 8.97848726174 0.24881208611 
0.055466 8.72648221647 0.24951280555 
0.056024 8.27006721155 0.24405247441 
0.056581 8.38370578700 0.25199468529 
0.057138 8.04114209339 0.23713892025 
0.057696 7.94861002390 0.25111526660 
0.058253 7.59933422832 0.24933454564 
0.058811 7.39672766538 0.22966582410 
0.059368 7.50156882246 0.22847323361 
0.059926 7.43377209406 0.23260157522 
0.060483 7.34795278345 0.23613305486 
0.061041 7.03256694942 0.21873181093 
0.061598 6.77737029362 0.23912285343 
0.062155 6.87043291571 0.22822826300 
0.062713 6.63866141291 0.21610079003 
0.063270 6.73664276235 0.21404614638 
0.063828 6.17540458580 0.21414848393 
0.064385 6.44379011092 0.21616214126 
0.064943 6.41981040341 0.21648339523 
0.065500 6.20041415054 0.22178846765 
0.066057 6.03982608922 0.21113961075 
0.066615 5.88081365556 0.21733687689 
0.067172 5.81844853612 0.20380793152 
0.067730 5.68414856679 0.20722651692 
0.068287 5.54502076806 0.19618437086 
0.068845 5.47091063864 0.19758798243 
0.069402 5.67739601358 0.20447454745 
0.069960 5.24922282485 0.20139609854 
0.070517 5.28450671379 0.19663219841 
0.071074 4.88281178992 0.19907123115 
0.071632 4.78366795548 0.19186071352 
0.072189 4.78502062388 0.19374933657 
0.072747 4.72745899215 0.19789640811 
0.073304 4.67714066023 0.19834598168 
0.073862 4.24840786258 0.19172184604 
0.074419 4.40294859092 0.19298956451 
0.074977 4.23114724947 0.19037022460 
0.075534 3.88741806492 0.19394334971 
0.076091 4.17425075246 0.18609215185 
0.076649 4.14760163691 0.18226536686 
0.077206 3.77046273347 0.18729392511 
0.077764 3.82437421053 0.18663999243 
0.078321 3.36014473287 0.18261863184 
0.078879 3.45695105418 0.18442389504 
0.079436 3.55488831352 0.18242450556 
0.079993 3.23165563874 0.17522894391 
0.080551 3.24825061464 0.18440731965 
0.081108 3.00231309458 0.17876877246 
0.081666 3.02587062299 0.17817426264 
0.082223 2.83763720006 0.17301872402 
0.082781 2.92643611312 0.17233368456 
0.083338 2.83630365445 0.17078969495 
0.083895 2.73883882757 0.16715767918 
0.084453 2.70966237735 0.16769834954 
0.085010 2.46391792154 0.16444346976 
0.085568 2.25338452882 0.16873057184 
0.086125 2.26950960722 0.17312432647 
0.086683 2.17294164447 0.16994931240 
0.087240 2.18135712788 0.16566695245 
0.087798 2.13556577666 0.16617292397 
0.088355 2.02803022545 0.16429054141 
0.088912 1.87954560509 0.15830220072 
0.089470 1.95393991976 0.15946909528 
0.090027 1.72860150065 0.15675220918 
0.090585 1.80530348719 0.15574345931 
0.091142 1.56352087541 0.16375911109 
0.091700 1.58956797963 0.15860648187 
0.092257 1.62725696070 0.16239244896 
0.092814 1.53761269080 0.15414096324 
0.093372 1.27931319225 0.15389394942 
0.093929 1.45641178367 0.15523048522 
0.094487 1.43707053057 0.15727906909 
0.095044 1.22904678947 0.15723452569 
0.095602 0.99135477524 0.15720845394 
0.096159 1.14489931765 0.14980663811 
0.096716 1.51580215395 0.15222807059 
0.097274 1.20520456476 0.14878479375 
0.097831 1.12272008657 0.14964029082 
0.098389 0.92935793797 0.14555021065 
0.098946 1.06641041747 0.15402165087 
0.099504 1.19454947850 0.14732892507 
0.100061 0.97369079891 0.15121897153 
0.100618 1.00914126345 0.14699926900 
0.101176 0.94309661915 0.14404202463 
0.101733 1.03715576621 0.14854229720 
0.102291 1.04563905112 0.14544086544 
0.102848 0.80032929473 0.14744777811 
0.103406 0.88468684671 0.14272619971 
0.103963 0.86594415046 0.14427122561 
0.104520 0.83098833732 0.14126025458 
0.105078 0.89101547111 0.14103303531 
0.105635 1.05584741648 0.13946365224 
0.106193 1.02600469414 0.13694368377 
0.106750 1.10971174096 0.14142241663 
0.107308 0.94503586137 0.14097651557 
0.107865 0.85605888155 0.14170899968 
0.108422 0.80948154498 0.13358879476 
0.108980 0.74860497834 0.13729048137 
0.109537 0.78692962712 0.13834435574 
0.110095 0.76570250347 0.13931014689 
0.110652 0.74752287908 0.14070337656 
0.111210 0.69572972325 0.14274388334 
0.111767 0.97440478697 0.13736175702 
0.112324 0.80108817477 0.14025289863 
0.112882 0.79840984189 0.13699328698 
0.113439 0.81377834385 0.13442044834 
0.113997 0.87195041732 0.13480977023 
0.114554 0.80574745247 0.13572088426 
0.115111 0.80420862936 0.13416877769 
0.115669 0.72844830971 0.13684382725 
0.116226 0.79810441181 0.13744214711 
0.116784 0.71589312143 0.13315525928 
0.117341 0.60345280614 0.13527892025 
0.117899 0.71875325907 0.13474294338 
0.118456 0.89098415028 0.12953481589 
0.119013 0.63990787092 0.13074252593 
0.119571 0.62844094191 0.13292034551 
0.120128 0.59866552455 0.13042269702 
0.120686 0.60813856682 0.13187686418 
0.121243 0.68749767427 0.12977337096 
0.121800 0.57401245987 0.13106974995 
0.122358 0.76170270005 0.13099366766 
0.122915 0.72026244601 0.12830142885 
0.123473 0.59375352733 0.13058254021 
0.124030 0.43086965518 0.13180137396 
0.124588 0.58456551860 0.12934443038 
0.125145 0.54295244316 0.12879778252 
0.125702 0.52135341639 0.12855220969 
0.126260 0.65393637285 0.13015975985 
0.126817 0.60539609129 0.13192920558 
0.127375 0.48417661129 0.12669870205 
0.127932 0.67563503493 0.12811393634 
0.128489 0.34128504476 0.12791524346 
0.129047 0.58188885249 0.12563862719 
0.129604 0.49239880351 0.13052489964 
0.130162 0.41606439775 0.12408098387 
0.130719 0.50562032783 0.12578478279 
0.131277 0.47661216346 0.12519595961 
0.131834 0.56278890094 0.12518582257 
0.132391 0.48335699142 0.12924802881 
0.132949 0.48059114103 0.13679083376 
0.133506 0.22869694510 0.13024506095 
0.134064 0.39358899860 0.13405253899 
0.134621 0.57856171989 0.13319838068 
0.135178 0.31031363213 0.13707388715 
0.135736 0.39711188795 0.13732312127 
0.136293 0.36364193220 0.13982676052 
0.136851 0.41741514974 0.13474318986 
0.137408 0.51179903282 0.14483333332 
0.137965 0.30057944255 0.13970664821 
0.138523 0.30756144051 0.13645729858 
0.139080 0.51175627049 0.13848248723 
0.139638 0.36293464082 0.13565010428 
0.140195 0.46190947915 0.14207337237 
0.140752 0.43894436829 0.13598351348 
0.141310 0.40872757621 0.14049044583 
0.141867 0.46652863349 0.14039695913 
0.142425 0.38925135771 0.13876353417 
0.142982 0.39634062919 0.13812572846 
0.143540 0.45167100761 0.13256391958 
0.144097 0.35750569975 0.13133542748 
0.144654 0.40949544513 0.13607691435 
0.145212 0.22147881306 0.13207908680 
0.145769 0.23476844533 0.13056184962 
0.146327 0.18040763250 0.13087587897 
0.146884 0.43027927714 0.13093804286 
0.147441 0.25793694144 0.12322838517 
0.147999 0.26656255212 0.12788409733 
0.148556 0.39622436234 0.12801096530 
0.149114 0.21403212549 0.12617403227 
0.149671 0.34652626685 0.12435700517 
0.150228 0.24889862628 0.12676886844 
0.150786 0.13704592917 0.12279597345 
0.151343 0.13159879314 0.12249923812 
0.151901 0.20882566013 0.12675522458 
0.152458 0.33920844925 0.12554347250 
0.153015 0.29056552502 0.12383525600 
0.153573 0.17074218451 0.11967954248 
0.154130 0.25512723712 0.12016334045 
0.154688 0.16293618071 0.11880910176 
0.155245 0.18291845444 0.11955406872 
0.155802 0.25210220910 0.11484105498 
0.156360 0.25731812986 0.11963496653 
0.156917 0.17572801313 0.11989223797 
0.157475 0.15675858772 0.11783034800 
0.158032 0.29582281273 0.12060728413 
0.158589 0.14924631575 0.11951926541 
0.159147 0.04651338325 0.11705685441 
0.159704 0.07919539318 0.11697580059 
0.160261 0.11071604469 0.11997351637 
0.160819 0.13906459011 0.11792428559 
0.161376 0.06177477451 0.11371372330 
0.161934 0.30358264610 0.11617847780 
0.162491 0.21775669014 0.11204088415 
0.163048 0.09477880777 0.11752053259 
0.163606 0.05555310144 0.11635188827 
0.164163 0.02989718767 0.11889218943 
0.164721 0.13139281511 0.11506609750 
0.165278 0.29555951560 0.11226722891 
0.165835 0.05985396483 0.11195912275 
0.166393 -0.02160560038 0.11531205926 
0.166950 0.05681948632 0.11237702762 
0.167508 0.00748334717 0.11598973436 
0.168065 0.04050272015 0.11343914033 
0.168622 0.29244803614 0.11216765082 
0.169180 0.10571335645 0.11506260430 
0.169737 0.06276009954 0.11190878660 
0.170294 0.10241923374 0.11006505724 
0.170852 0.19901827153 0.11192316265 
0.171409 -0.03474056874 0.11230197597 
0.171967 0.15518419863 0.11364516038 
0.172524 0.16251375271 0.11291746755 
0.173081 0.11737875768 0.11243445236 
0.173639 0.00784884012 0.11041664513 
0.174196 0.02351711162 0.10837142416 
0.174754 0.13329644134 0.10759565837 
0.175311 0.02114267204 0.10738537036 
0.175868 0.05023287157 0.11180354381 
0.176426 0.01321880587 0.10668253166 
0.176983 0.11496733031 0.11024363140 
0.177540 0.19202713169 0.10706648964 
0.178098 0.10112025100 0.10730583717 
0.178655 0.06907208659 0.10655345159 
0.179213 -0.01056483572 0.10807460634 
0.179770 0.08886450881 0.10706059064 
0.180327 0.12101870278 0.10715742184 
0.180885 0.18467557518 0.10567676772 
0.181442 0.15447685924 0.10726341680 
0.181999 0.02150615613 0.10393106532 
0.182557 0.12489666784 0.10582186472 
0.183114 -0.08085504342 0.10419294951 
0.183672 0.02210642395 0.10490922385 
0.184229 -0.00345161051 0.10472556307 
0.184786 0.06605368524 0.10494380181 
0.185344 0.12261408274 0.10727728795 
0.185901 0.02933508173 0.10437843379 
0.186458 0.12103069507 0.10548672799 
0.187016 0.14869327727 0.10811131912 
0.187573 0.09461039579 0.10600773531 
0.188131 -0.07668607759 0.10600002558 
0.188688 0.06204588712 0.10367834433 
0.189245 -0.00071431674 0.10594010683 
0.189803 0.06490379514 0.10892579319 
0.190360 0.14179673556 0.10581142583 
0.190917 0.18557912956 0.10561358941 
0.191475 -0.02425270697 0.10582113834 
0.192032 0.07890576777 0.10169585878 
0.192590 0.03461899609 0.10345468680 
0.193147 0.08868424766 0.10720423294 
0.193704 0.07958191100 0.10320635690 
0.194262 0.06955165339 0.10507862969 
0.194819 0.00696948303 0.10331835888 
0.195376 -0.06545531548 0.10280097265 
0.195934 0.02938487967 0.10348249161 
0.196491 0.16391291817 0.10043740451 
0.197048 0.17640878993 0.10370100763 
0.197606 0.09018848893 0.10515629113 
0.198163 0.13502680192 0.10265437187 
0.198721 0.06516974193 0.10188310469 
0.199278 0.15046791077 0.10316209873 
0.199835 -0.00263082397 0.10491637543 
0.200393 0.11896484346 0.10326475009 
0.200950 0.04762315344 0.10165267292 
0.201507 0.11847498939 0.10471093016 
0.202065 0.05088881380 0.10122008639 
0.202622 0.13067823615 0.10315999902 
0.203179 0.03935361567 0.10098256398 
0.203737 0.11024454171 0.10201890965 
0.204294 0.05043188205 0.09820656416 
0.204851 0.04777510851 0.10070371272 
0.205409 0.13162719462 0.09951877682 
0.205966 0.05280554500 0.09922171805 
0.206524 -0.00005177223 0.09795655897 
0.207081 0.06054270921 0.10030364550 
0.207638 0.08473704352 0.09673530846 
0.208196 0.19651644521 0.09866270369 
0.208753 0.09277499761 0.09568405677 
0.209310 0.01325330716 0.09839356095 
0.209868 0.29947181072 0.09703612734 
0.210425 0.10381678840 0.09802647038 
0.210982 0.08341842451 0.09734505526 
0.211540 0.13404638180 0.09685750734 
0.212097 0.00502816884 0.09948520622 
0.212654 0.03828825429 0.09813397632 
0.213212 0.18643178947 0.09692474588 
0.213769 0.11044159083 0.09743207409 
0.214326 0.19376965641 0.09743333997 
0.214884 0.08052711894 0.09918724996 
0.215441 0.14710728768 0.09796185086 
0.215999 0.24765087309 0.09275911818 
0.216556 0.08131428713 0.09648131603 
0.217113 -0.01134035778 0.09586497043 
0.217671 0.13604469833 0.09546814380 
0.218228 0.13534079662 0.09559358031 
0.218785 0.20561760299 0.09730052810 
0.219343 0.05664588013 0.09443199085 
0.219900 0.03727988133 0.09631680122 
0.220457 0.11134596563 0.09403737983 
0.221015 0.06502234075 0.09495045280 
0.221572 -0.00093800082 0.09761820108 
0.222129 0.07375837731 0.09586111224 
0.222687 0.02798170164 0.09581168944 
0.223244 0.03786473621 0.09350983474 
0.223801 0.24844316712 0.09337875017 
0.224359 -0.00148553286 0.09516500847 
0.224916 0.14437818681 0.09582276692 
0.225473 0.16692504525 0.09618950855 
0.226031 0.08841118009 0.09346487499 
0.226588 0.07588994602 0.09490657398 
0.227145 0.18746028700 0.09428169802 
0.227703 0.04672633957 0.09373080621 
0.228260 0.07556104666 0.09351994926 
0.228817 0.01523161586 0.09471614104 
0.229375 -0.03899302595 0.09299484741 
0.229932 0.14300725529 0.09174790892 
0.230489 0.17561637037 0.09214265156 
0.231047 0.05413617783 0.09289453577 
0.231604 0.11323468855 0.08855294258 
0.232161 0.30591169987 0.08975002952 
0.232719 0.25469460609 0.09040219702 
0.233276 0.10667528768 0.09318454316 
0.233833 0.04696379240 0.09068104065 
0.234391 0.06486502150 0.08978284157 
0.234948 0.06048085425 0.09037950849 
0.235505 0.09861801363 0.09206999195 
0.236063 0.03305091016 0.09289792755 
0.236620 0.10487801322 0.09194469394 
0.237177 0.09889286918 0.09068295362 
0.237735 0.10665361212 0.09086125330 
0.238292 0.09296345013 0.09172659341 
0.238849 0.03847643506 0.09144231667 
0.239407 0.10633462481 0.09227243513 
0.239964 0.08075144308 0.09312199758 
0.240521 0.08170019249 0.09057453465 
0.241079 0.07186556387 0.09045840694 
0.241636 0.00768181990 0.09161422482 
0.242193 0.10609766837 0.09215466927 
0.242750 0.04454311898 0.08890297595 
0.243308 0.08195148825 0.09169328073 
0.243865 0.20381162778 0.09013215110 
0.244422 0.01991211732 0.08936169827 
0.244980 0.02457048868 0.08884783817 
0.245537 0.02422402522 0.08885441071 
0.246094 0.06586883038 0.09049001313 
0.246652 0.11348632816 0.08870100825 
0.247209 0.08513976714 0.08899539645 
0.247766 0.11889018025 0.08834869231 
0.248324 0.04746576322 0.09161289839 
0.248881 -0.00787341654 0.08881941398 
0.249438 0.08781727347 0.08846630250 
0.249996 0.08889010419 0.08883642916 
0.250553 0.08333407355 0.08725453753 
0.251110 0.08596597896 0.08719383104 
0.251667 0.09889158515 0.08973508697 
0.252225 0.09355421946 0.08767939678 
0.252782 -0.02586793546 0.09038135433 
0.253339 0.00554030545 0.08721735581 
0.253897 0.12129986350 0.08840361401 
0.254454 0.05028801873 0.08693723342 
0.255011 0.11980124589 0.08587326133 
0.255569 0.06212123911 0.08605182650 
0.256126 0.08821640143 0.08605233488 
0.256683 0.10034344723 0.08962904961 
0.257241 0.03679743211 0.08628053770 
0.257798 0.06646495622 0.08726748697 
0.258355 0.13353747789 0.08689612387 
0.258912 -0.01085975171 0.08558154980 
0.259470 0.05981013223 0.08651741272 
0.260027 0.17741044757 0.08619311524 
0.260584 0.02866625454 0.08742609779 
0.261142 0.02657987781 0.08660412225 
0.261699 0.07364473792 0.08778815749 
0.262256 -0.04878711188 0.08532541917 
0.262814 0.19237672203 0.08485334985 
0.263371 0.11464965195 0.08777525249 
0.263928 0.08379059084 0.08652083436 
0.264485 0.09113753596 0.08560902642 
0.265043 0.13047200622 0.08570563747 
0.265600 0.09123670139 0.08518314574 
0.266157 0.07628754993 0.08601565975 
0.266715 0.07347609283 0.08363315758 
0.267272 0.02352895441 0.08495148688 
0.267829 0.12229161296 0.08469873917 
0.268386 0.04273383075 0.08469999116 
0.268944 0.16811668723 0.08425111373 
0.269501 0.06181102677 0.08424486698 
0.270058 0.14352968907 0.08406545917 
0.270616 0.11106583680 0.08603095391 
0.271173 -0.09429681238 0.08687854127 
0.271730 0.03509391250 0.08370235332 
0.272287 0.08548152991 0.08631204703 
0.272845 0.03341335972 0.08676235059 
0.273402 -0.05102260725 0.08728656728 
0.273959 0.07371082621 0.08884431817 
0.274517 0.26486822325 0.08893502900 
0.275074 0.10090998103 0.09018074719 
0.275631 0.00609070900 0.08674930395 
0.276188 0.05588380757 0.08848383491 
0.276746 0.08542505170 0.09097019665 
0.277303 -0.03654165839 0.09011106818 
0.277860 0.12698473026 0.09049714234 
0.278418 0.02651150421 0.08881520520 
0.278975 0.19256856949 0.08919296431 
0.279532 0.09461707057 0.09238769517 
0.280089 0.02042963030 0.09022512711 
0.280647 0.02834833205 0.09006183052 
0.281204 0.10054011275 0.08998086188 
0.281761 0.12132806028 0.08942640434 
0.282318 -0.01693660356 0.08974363406 
0.282876 0.05115339975 0.08776362718 
0.283433 -0.00561190207 0.08837501838 
0.283990 -0.00651387162 0.08682153004 
0.284548 0.14028865253 0.08641993882 
0.285105 0.02669795096 0.08765262581 
0.285662 0.03152526245 0.08698361757 
0.286219 0.01914392984 0.08559187560 
0.286777 0.08981766601 0.08667907795 
0.287334 0.15390020765 0.08635030135 
0.287891 0.20131635511 0.08561334002 
0.288448 0.09871971403 0.08373442754 
0.289006 0.11737059173 0.08609908659 
0.289563 0.08552750011 0.08544088908 
0.290120 0.04460244572 0.08507498303 
0.290677 0.03341984087 0.08442074386 
0.291235 0.17860937507 0.08366484686 
0.291792 0.05967401695 0.08403654651 
0.292349 0.06616572019 0.08347789757 
0.292906 0.01880127014 0.08685688883 
0.293464 0.07552995736 0.08573482503 
0.294021 0.05662066405 0.08436330681 
0.294578 0.04963049046 0.08625448007 
0.295136 0.06629091229 0.08671947704 
0.295693 0.07772669719 0.08731916545 
0.296250 0.11025099164 0.08675212889 
0.296807 0.11007177316 0.08694404613 
0.297365 -0.06924373799 0.08534370816 
0.297922 0.01024556682 0.08436564433 
0.298479 0.17469592589 0.08642217379 
0.299036 0.03710651227 0.08609724418 
0.299594 -0.00106174375 0.08540433612 
0.300151 0.08147785248 0.08435728873 
0.300708 0.10097769574 0.08635514244 
0.301265 0.08048706238 0.08699265245 
0.301823 0.07717643545 0.08574998506 
0.302380 0.03287948073 0.08561863172 
0.302937 0.07567293099 0.08744049183 
0.303494 0.01021989129 0.08479462926 
0.304052 0.07454470315 0.08516253345 
0.304609 0.00106470275 0.08523175051 
0.305166 -0.04885491186 0.08735710596 
0.305723 0.09091328588 0.08637817637 
0.306280 -0.02095108468 0.08672192704 
0.306838 0.03549013798 0.08562548106 
0.307395 -0.01606043389 0.08697119477 
0.307952 0.00223248766 0.08593046163 
0.308509 -0.05088919009 0.08649288568 
0.309067 -0.02690947606 0.08705071106 
0.309624 0.09195911316 0.08597097282 
0.310181 0.00761043073 0.08470345817 
0.310738 -0.00247018022 0.08674050447 
0.311296 0.08407800379 0.08630842207 
0.311853 0.00693520603 0.08614357471 
0.312410 0.10504194661 0.08702379732 
0.312967 0.01286037989 0.08641838943 
0.313525 0.01552518806 0.08576189721 
0.314082 0.06721237755 0.08649806276 
0.314639 -0.07680176763 0.08560158811 
0.315196 -0.01087831424 0.08513165105 
0.315753 0.09105407344 0.08519349605 
0.316311 0.05198436916 0.08690075164 
0.316868 0.00197293373 0.08627824836 
0.317425 0.09094610057 0.08806122882 
0.317982 0.10599634926 0.08704012597 
0.318540 0.12642894882 0.08662680512 
0.319097 0.11586702805 0.08618748251 
0.319654 0.08559733770 0.08672939765 
0.320211 -0.02806868320 0.08847795412 
0.320768 0.10217831034 0.08871269121 
0.321326 0.12435457774 0.08592284274 
0.321883 0.05488883144 0.08703093069 
0.322440 -0.01395946650 0.08656581774 
0.322997 0.01741976114 0.08759667835 
0.323555 0.08587382757 0.08727057763 
0.324112 0.12226377436 0.08784093822 
0.324669 0.07710534556 0.08847723397 
0.325226 0.04358173251 0.08730815988 
0.325783 0.07638308069 0.08695724653 
0.326341 0.01355587099 0.08751622917 
0.326898 0.05121269227 0.08657645676 
0.327455 0.07892721465 0.08709817104 
0.328012 0.15747884354 0.08830908565 
0.328569 0.03501577173 0.08725189541 
0.329127 0.05465350216 0.08616135265 
0.329684 -0.01140544865 0.08798998355 
0.330241 -0.02004181422 0.08848987978 
0.330798 -0.02166042147 0.08829906259 
0.331355 0.05959477069 0.08909681852 
0.331913 -0.00714311914 0.08842156534 
0.332470 0.19236864331 0.08941633951 
0.333027 0.08333846960 0.08676649359 
0.333584 -0.01113876131 0.08873185347 
0.334141 0.11643790359 0.08903166164 
0.334699 0.01001520142 0.09021730898 
0.335256 0.08308319805 0.09012670230 
0.335813 0.16662639648 0.09200151676 
0.336370 0.08397393677 0.08900336056 
0.336927 0.07359584781 0.09012972485 
0.337485 0.03268417038 0.09020152032 
0.338042 0.04896051208 0.09253429481 
0.338599 0.04687684784 0.09242157246 
0.339156 0.03603768158 0.09074260092 
0.339713 0.13442178043 0.09172097224 
0.340271 0.01734684833 0.09221951699 
0.340828 0.06049680705 0.09317463233 
0.341385 0.07453933339 0.09390867153 
0.341942 0.07276859527 0.09370696216 
0.342499 0.02638833836 0.09413610724 
0.343057 -0.07398653267 0.09644964323 
0.343614 0.01438610747 0.09253590249 
0.344171 -0.04886630076 0.09554388140 
0.344728 0.01100405794 0.09535372829 
0.345285 0.04943670781 0.09387397089 
0.345842 0.08492480878 0.09627904796 
0.346400 0.09357801311 0.09423973045 
0.346957 0.12231966986 0.09527345743 
0.347514 0.09731835275 0.09492628081 
0.348071 0.08597388187 0.09644847380 
0.348628 0.05403851947 0.09760151221 
0.349186 0.01996220191 0.09678604685 
0.349743 0.08156156884 0.09678142286 
0.350300 0.09181698650 0.09609652833 
0.350857 0.05823410199 0.09756098131 
0.351414 0.12288819455 0.09833578282 
0.351971 0.14180667125 0.09831441819 
0.352529 0.02945786481 0.09936484234 
0.353086 0.14079344411 0.09950948152 
0.353643 0.00109302823 0.10347173110 
0.354200 0.03714817859 0.10279283712 
0.354757 -0.01497000792 0.10126097505 
0.355314 0.04946539029 0.10130820033 
0.355872 -0.03905396444 0.10240699430 
0.356429 0.22681405639 0.10060593213 
0.356986 0.04831035682 0.10145528929 
0.357543 0.14004863803 0.10198756619 
0.358100 -0.01626156287 0.10353011189 
0.358657 0.06526980876 0.10293646674 
0.359215 -0.10118622352 0.10254576543 
0.359772 0.02731526308 0.10343929081 
0.360329 0.13840425794 0.10468231123 
0.360886 0.04418307262 0.10484568418 
0.361443 0.10905891936 0.10495265845 
0.362000 0.04738830300 0.10212609962 
0.362558 0.08407216660 0.10174971711 
0.363115 -0.03672802554 0.10326299506 
0.363672 0.07319640958 0.10228682606 
0.364229 0.08234079108 0.10208863549 
0.364786 -0.11974153651 0.10135715075 
0.365343 0.11130841880 0.10460775193 
0.365900 0.12434503035 0.10284744349 
0.366458 0.06954898132 0.10381670650 
0.367015 -0.00335877786 0.09906762435 
0.367572 0.06395339353 0.10495735345 
0.368129 -0.00507593141 0.10351481201 
0.368686 0.21310932282 0.10021385262 
0.369243 0.17893001447 0.10187970796 
0.369801 0.06699051752 0.10158085924 
0.370358 -0.11262341025 0.10031746976 
0.370915 0.16552029026 0.10055179017 
0.371472 0.02248369324 0.10058893414 
0.372029 0.02626678108 0.09973448514 
0.372586 0.11394462282 0.09930312545 
0.373143 -0.03079565716 0.10030850544 
0.373700 0.19294351877 0.09732534520 
0.374258 0.15685226462 0.09523037471 
0.374815 0.09960159900 0.09633700158 
0.375372 0.16383841128 0.09619636944 
0.375929 0.03472662067 0.09661202804 
0.376486 0.01636377305 0.09559439642 
0.377043 0.12149879758 0.09572797104 
0.377600 0.06891059104 0.09684347871 
0.378158 0.05669950129 0.09578267932 
0.378715 0.04476941728 0.09533267322 
0.379272 0.03357539914 0.09576518227 
0.379829 0.25433598551 0.09662054830 
0.380386 -0.00015709791 0.09236368734 
0.380943 0.00530612149 0.09659213412 
0.381500 0.13613397163 0.09171541267 
0.382057 -0.03272038485 0.09252511745 
0.382615 0.01266951966 0.09165561454 
0.383172 0.06598953490 0.09149932120 
0.383729 0.02403443626 0.09505019348 
0.384286 0.12793265246 0.09391339730 
0.384843 0.02428520205 0.09270507481 
0.385400 0.09491795472 0.09221437661 
0.385957 0.02060425115 0.09124737699 
0.386514 0.18874221938 0.09158657772 
0.387072 0.11469096013 0.09231691162 
0.387629 0.02700782433 0.09281641029 
0.388186 0.15349596334 0.09075930458 
0.388743 0.06819582048 0.08945931553 
0.389300 0.07829258003 0.09068822746 
0.389857 0.13947174099 0.09079132497 
0.390414 0.11531854352 0.09093360429 
0.390971 0.08335127699 0.08923385720 
0.391528 0.14965367220 0.08937323398 
0.392086 0.14251281906 0.08820624044 
0.392643 -0.00211808633 0.08921961207 
0.393200 0.13445119819 0.08984597144 
0.393757 0.09798248875 0.08897816771 
0.394314 0.09005583519 0.08938000844 
0.394871 0.12936436391 0.08859523143 
0.395428 0.05406793099 0.09094034081 
0.395985 0.06853774964 0.08818346916 
0.396542 0.06464376565 0.09191841948 
0.397099 0.02676323258 0.08854932721 
0.397657 0.05712428602 0.08848874242 
0.398214 0.07939701010 0.08954842300 
0.398771 0.08845413827 0.08877317199 
0.399328 -0.08643428363 0.08778751208 
0.399885 0.04854142412 0.08863208837 
0.400442 0.13874071317 0.08925571332 
0.400999 0.03564864838 0.09082377913 
0.401556 0.04591798165 0.09194957489 
0.402113 0.16317860587 0.09354383128 
0.402670 0.00286656803 0.09671907302 
0.403227 -0.07442045472 0.09701813473 
0.403785 -0.11406106951 0.09728659053 
0.404342 0.04837066883 0.09911738083 
0.404899 -0.01692562527 0.10024251223 
0.405456 0.06953009172 0.09926595631 
0.406013 0.07471833736 0.09954822865 
0.406570 0.03665217416 0.10011139815 
0.407127 0.03389352085 0.10207101528 
0.407684 0.07989023545 0.10114237559 
0.408241 0.10772968075 0.10228744648 
0.408798 0.01769244959 0.10105779005 
0.409355 -0.05827237125 0.10366897472 
0.409912 -0.02257018384 0.10494894575 
0.410469 -0.00412909505 0.10521488844 
0.411027 0.16325468330 0.10315643047 
0.411584 0.00433920815 0.11106770987 
0.412141 0.08769838778 0.11224696738 
0.412698 0.16810694349 0.11350473986 
0.413255 0.06909224349 0.11240688996 
0.413812 -0.05955189700 0.11115619894 
0.414369 -0.09950182287 0.11506017276 
0.414926 0.04779256157 0.11398857029 
0.415483 0.07973844184 0.11319415188 
0.416040 -0.09368187319 0.11611309190 
0.416597 -0.01551297256 0.11621363264 
0.417154 -0.02480915393 0.11473772778 
0.417711 0.07304953378 0.11769670859 
0.418268 0.02172932785 0.11381596737 
0.418825 0.05018613491 0.11554038343 
0.419382 0.00960095663 0.11293627873 
0.419940 0.11993460368 0.11804046774 
0.420497 0.08226472212 0.11611557057 
0.421054 0.11195162630 0.11462948362 
0.421611 -0.02285956073 0.11263988443 
0.422168 0.05380104562 0.11436305858 
0.422725 0.25174160685 0.11349894722 
0.423282 0.09327552872 0.11605065712 
0.423839 0.12172005185 0.11495479455 
0.424396 0.11312675766 0.11659138802 
0.424953 -0.07583974627 0.11583034535 
0.425510 0.08950373472 0.11500423852 
0.426067 0.22450949727 0.11373592147 
0.426624 0.12617539686 0.11222558049 
0.427181 0.01952374257 0.11685194228 
0.427738 0.12100995141 0.11708278338 
0.428295 0.18925926498 0.11575297023 
0.428852 0.12404310149 0.11691980832 
0.429409 0.01926091241 0.11426996510 
0.429966 -0.03514268214 0.11626630399 
0.430523 0.10229211437 0.11768309273 
0.431080 0.19216956626 0.11344997479 
0.431637 0.05965422893 0.11564793567 
0.432194 0.13340363834 0.11757301594 
0.432752 0.19941672593 0.11976139135 
0.433309 0.16731831250 0.11545260904 
0.433866 0.12749252299 0.12111111632 
0.434423 0.14562225145 0.11497778278 
0.434980 0.05892671475 0.11682152773 
0.435537 0.04817590406 0.11769187901 
0.436094 0.06374146472 0.11862230665 
0.436651 0.07368058734 0.12145285537 
0.437208 0.12561670732 0.11910323881 
0.437765 0.11752309152 0.11699650776 
0.438322 0.24713670812 0.11851960383 
0.438879 0.03333913849 0.11946381539 
0.439436 -0.02799574802 0.12292636571 
0.439993 0.21865145157 0.11996230173 
0.440550 0.01620750518 0.12645285718 
0.441107 0.07221798879 0.11991160374 
0.441664 0.08021369226 0.12077793402 
0.442221 -0.04136285557 0.12346223609 
0.442778 0.06963478630 0.12323045598 
0.443335 0.04656400842 0.12470036378 
0.443892 0.05091720389 0.12075741553 
0.444449 0.11573375823 0.12344622541 
0.445006 0.15957221780 0.12383531787 
0.445563 0.20158818724 0.12450470199 
0.446120 0.21241075212 0.12095753636 
0.446677 0.11919848278 0.12507256739 
0.447234 0.10945866708 0.12870933056 
0.447791 0.06695619802 0.12219136084 
0.448348 0.13572145629 0.12746799203 
0.448905 0.04818507362 0.12167715169 
0.449462 0.01632932892 0.12034393480 
0.450019 -0.06381354607 0.12340667990 
0.450576 0.29325896482 0.12176944227 
0.451133 0.11407269423 0.12483644372 
0.451690 0.11428487896 0.12028721885 
0.452247 -0.02111039774 0.12561691259 
0.452804 0.09907317420 0.12264176274 
0.453361 -0.01480697893 0.11987666252 
0.453918 0.07838574581 0.11940560788 
0.454475 0.08572636101 0.12499812644 
0.455032 0.21191582611 0.12001034946 
0.455589 0.11600618920 0.12531147081 
0.456146 0.12202864452 0.12106207872 
0.456703 0.03409478377 0.12324464489 
0.457260 0.11671789898 0.12221936902 
0.457817 0.02355554979 0.12160996653 
0.458374 0.09229429713 0.12357787288 
0.458931 0.04546218428 0.12415383534 
0.459488 0.00706392208 0.12499941726 
0.460045 -0.00627660618 0.12235030894 
0.460602 0.13650945465 0.12359948522 
0.461159 0.06880814562 0.12300442874 
0.461716 0.01598144247 0.12433463663 
0.462273 0.18822454169 0.12424228192 
0.462830 0.06221918848 0.12475281103 
0.463387 0.17157038852 0.12156488938 
0.463943 0.16356261489 0.12121924055 
0.464500 0.20074667905 0.12220966549 
0.465057 0.00021214016 0.12026016797 
0.465614 0.15227363937 0.12103689511 
0.466171 0.11450307852 0.12228636464 
0.466728 0.08727906379 0.12132433300 
0.467285 0.13558484376 0.12293827077 
0.467842 0.10304397238 0.12032402275 
0.468399 0.07331834425 0.12765280886 
0.468956 0.13030404487 0.11973866821 
0.469513 0.26147504151 0.11912834972 
0.470070 0.29549036313 0.12069436059 
0.470627 -0.00194070364 0.12349968691 
0.471184 0.08451314992 0.12118804085 
0.471741 0.04802631088 0.12520171865 
0.472298 0.17794476863 0.12270301753 
0.472855 0.16081425426 0.11787683723 
0.473412 0.10823467733 0.11836090087 
0.473969 0.12187829035 0.11660148266 
0.474526 0.04674455700 0.12048940990 
0.475083 0.13915776743 0.12104654693 
0.475640 0.05655466837 0.11979587113 
0.476196 -0.06613058785 0.12358514233 
0.476753 0.03561838681 0.12203241457 
0.477310 0.19235706451 0.11713456829 
0.477867 0.21030893535 0.11974831455 
0.478424 0.04474835873 0.12276455931 
0.478981 0.10437298950 0.12356499992 
0.479538 0.01975226254 0.12190299367 
0.480095 0.10867698048 0.12484567926 
0.480652 0.15014107200 0.11881364810 
0.481209 0.11154364374 0.12035696720 
0.481766 0.04898871489 0.11772747328 
0.482323 0.09666584684 0.11656561511 
0.482880 0.04470663678 0.11785772952 
0.483437 0.07954185412 0.12122511548 
0.483994 -0.07772669564 0.12206830356 
0.484550 -0.07711208432 0.12375332466 
0.485107 0.10532662781 0.11819089353 
0.485664 0.03933895666 0.12216541050 
0.486221 0.08272854036 0.11973728725 
0.486778 0.04480200909 0.12436984520 
0.487335 0.01234866267 0.12203875501 
0.487892 0.06666844351 0.11963312818 
0.488449 0.07728201515 0.12005136479 
0.489006 0.05924030698 0.12087579920 
0.489563 0.06331531013 0.12387390413 
0.490120 0.09625280933 0.12294399052 
0.490677 0.13741852330 0.12194690659 
0.491233 -0.03499889651 0.11806916651 
0.491790 -0.01657713450 0.12039840675 
0.492347 -0.06312439047 0.12290843477 
0.492904 0.03485851055 0.12094309284 
0.493461 0.05120899860 0.12018918810 
0.494018 0.04797259911 0.12491216307 
0.494575 -0.00459131753 0.11743462505 
0.495132 0.12779579865 0.12855304435 
0.495689 0.05785505856 0.11762416680 
0.496246 0.04403921589 0.12623953252 
0.496802 0.28303826154 0.12051376991 
0.497359 0.14778950767 0.11935357744 
0.497916 -0.01139866575 0.11990865867 
0.498473 0.13596315720 0.12309216023 
0.499030 0.10826352979 0.12446755017 
0.499587 -0.00676482749 0.11613579479 
0.500144 0.20626061856 0.12133363845 
0.500701 0.14725032809 0.12039288292 
0.501258 0.09296395975 0.11979820931 
0.501815 0.21347282426 0.12274063400 
0.502371 0.16168347166 0.11846259938 
0.502928 0.00822184935 0.12568311458 
0.503485 -0.04625413450 0.11545743619 
0.504042 0.22188402785 0.12314718501 
0.504599 0.05827955310 0.12882664724 
0.505156 0.04785561738 0.11782112498 
0.505713 0.13001319715 0.12030394626 
0.506270 0.05172819065 0.12261658899 
0.506826 -0.07699791282 0.12164127789 
0.507383 0.06169324431 0.11836997988 
0.507940 -0.00350576095 0.12020100565 
0.508497 0.04986231641 0.12127772019 
0.509054 0.14607856527 0.11985161330 
0.509611 -0.04543634949 0.12086208412 
0.510168 0.06743603716 0.12287413327 
0.510725 0.15812867145 0.12467972837 
0.511281 -0.05773359315 0.12356065944 
0.511838 0.07579851422 0.12494943576 
0.512395 0.16398706296 0.12707669275 
0.512952 0.04628861404 0.12484202118 
0.513509 0.04861987601 0.12778498459 
0.514066 0.03448936281 0.12762169944 
0.514623 -0.00726984872 0.12677720615 
0.515179 0.04374132039 0.12564992153 
0.515736 -0.05739501678 0.12596077670 
0.516293 0.12193057759 0.12867956725 
0.516850 0.14794999843 0.12941957498 
0.517407 0.18182190527 0.12636380244 
0.517964 0.07617359994 0.12923385333 
0.518521 0.01487117880 0.13144473293 
0.519077 0.16073460658 0.12647053618 
0.519634 0.12527221678 0.13190553830 
0.520191 -0.00917546080 0.13762801448 
0.520748 -0.14432775818 0.13778164924 
0.521305 0.10063367090 0.13147051258 
0.521862 0.12133573866 0.13182660262 
0.522418 0.09650336654 0.13356206711 
0.522975 0.14232243661 0.13527720362 
0.523532 0.06867114732 0.13549695853 
0.524089 0.03549244931 0.14139774660 
0.524646 0.06304771093 0.13905619588 
0.525203 0.11671846928 0.13596355986 
0.525759 0.22168482118 0.13509823104 
0.526316 0.18744103593 0.13517356383 
0.526873 0.09098130016 0.14068283656 
0.527430 -0.01240135146 0.13850110764 
0.527987 0.09820409535 0.14054594091 
0.528544 0.26088000381 0.14079298068 
0.529100 0.06278435351 0.13808178289 
0.529657 0.19886152153 0.14194655421 
0.530214 0.01545977947 0.14158416983 
0.530771 0.04109590424 0.14489613590 
0.531328 0.13041974592 0.14783490107 
0.531884 0.14717727291 0.14535295485 
0.532441 0.12650144598 0.15467364985 
0.532998 0.08128320915 0.15275874534 
0.533555 0.17209146905 0.15252627926 
0.534112 0.14496428304 0.14923624310 
0.534669 0.01766553153 0.15731062037 
0.535225 0.14535646128 0.14728384800 
0.535782 0.04198179768 0.16178356413 
0.536339 0.30585702293 0.15746110696 
0.536896 -0.02168453074 0.16406604835 
0.537453 0.05140290484 0.15656787544 
0.538009 -0.08135224960 0.16522243020 
0.538566 0.00607102585 0.16499581817 
0.539123 0.20040642861 0.17832530403 
0.539680 0.06883225559 0.17672280407 
0.540237 0.02074147039 0.18105830402 
0.540793 0.22284376050 0.19054670417 
0.541350 -0.09343265479 0.20906289748 
0.541907 0.03444396448 0.24418939649 
0.542464 0.49214893640 0.27037780026 
0.543021 -0.13860069467 0.42919489197 
