0.011985 164.58372826232 0.00000000000 
0.012543 153.84876192172 9.44372832740 
0.013100 153.93560885027 12.98725761844 
0.013658 148.70335460282 10.48700919190 
0.014215 143.19495686116 9.10794687177 
0.014772 144.87461947036 7.36458918055 
0.015330 139.03080561104 5.47226289416 
0.015887 133.08141194233 5.18714584738 
0.016445 131.43197931640 4.40745847432 
0.017002 128.17047620426 3.78070895865 
0.017560 124.15023447404 3.52548030796 
0.018117 121.54293002475 2.86716933486 
0.018675 118.79116744184 2.41658507515 
0.019232 115.30927901676 2.60469673143 
0.019789 110.05002094303 2.23513636930 
0.020347 108.13599068916 2.32395394207 
0.020904 105.26830471198 1.68685939221 
0.021462 99.85143479985 1.52117395528 
0.022019 97.50149530035 1.49512378836 
0.022577 94.66849214990 1.48127839208 
0.023134 91.59984679927 1.27843573674 
0.023692 88.24665911242 1.33410176356 
0.024249 84.40292329746 1.12658072453 
0.024807 81.00773311684 1.17158241019 
0.025364 77.53069019500 1.03792210379 
0.025921 74.86099975064 1.03244278269 
0.026479 71.94745947831 0.86402462269 
0.027036 70.41302718227 0.83565808206 
0.027594 67.34826409141 0.78692219432 
0.028151 63.46612937143 0.71883184339 
0.028709 60.20570171931 0.72768638429 
0.029266 58.58174260127 0.68961730248 
0.029824 56.56820773586 0.64358190135 
0.030381 53.90917025954 0.63677262690 
0.030938 51.28846583664 0.58031569154 
0.031496 48.72080091868 0.55582535411 
0.032053 47.20427421099 0.60420380306 
0.032611 44.78498028120 0.54036639095 
0.033168 42.98869299046 0.51322118890 
0.033726 40.77450512583 0.52093457929 
0.034283 39.09758673700 0.46679331741 
0.034841 37.31717947880 0.47854792203 
0.035398 36.11982689455 0.46823093309 
0.035955 34.00358098365 0.44091394657 
0.036513 32.32688407499 0.47009434311 
0.037070 30.56162062309 0.41905689415 
0.037628 29.28097829545 0.43740068152 
0.038185 28.35835299695 0.41053874976 
0.038743 27.02545866266 0.38682681150 
0.039300 25.87278342504 0.42202719342 
0.039858 23.99332503994 0.40652997286 
0.040415 22.60823413905 0.37462293516 
0.040973 21.65321730839 0.39473458089 
0.041530 21.01219122025 0.36329875339 
0.042087 20.15126875421 0.35289300701 
0.042645 19.10928134170 0.35723382162 
0.043202 18.10411802503 0.33696131500 
0.043760 17.38191005852 0.35777073231 
0.044317 16.87544201582 0.33799253201 
0.044875 16.53454664162 0.33126702280 
0.045432 15.08146026874 0.32905176296 
0.045990 15.01087862597 0.31520527726 
0.046547 14.28118941497 0.31941536597 
0.047104 13.57409681377 0.30691941467 
0.047662 12.65499040142 0.30130309280 
0.048219 12.53586673254 0.29648329557 
0.048777 12.03606897135 0.29125752897 
0.049334 11.82624059126 0.29478851359 
0.049892 11.42975581747 0.27775884830 
0.050449 10.93277570891 0.27417268514 
0.051007 10.29752927922 0.27046589918 
0.051564 10.51510694290 0.26523341224 
0.052121 10.11556946616 0.27011492048 
0.052679 9.79314345049 0.26085145617 
0.053236 9.38078433388 0.25799501045 
0.053794 9.30727704670 0.26951802346 
0.054351 8.92992349304 0.26313740889 
0.054909 8.70974184661 0.24887005353 
0.055466 8.76227795745 0.25437896303 
0.056024 8.40530269886 0.24311281564 
0.056581 8.18023189232 0.23970175731 
0.057138 8.01519944280 0.24348470990 
0.057696 7.98015601179 0.25111635588 
0.058253 7.82838457453 0.24249846725 
0.058811 7.74250433986 0.24888596813 
0.059368 7.41336169806 0.23365714659 
0.059926 7.35565514823 0.23280949737 
0.060483 7.14737727818 0.23904894100 
0.061041 7.16820323167 0.22542612156 
0.061598 6.91639194885 0.23426517230 
0.062155 6.93732525533 0.23393152221 
0.062713 6.72987383341 0.22544301603 
0.063270 6.71707046872 0.21793715343 
0.063828 6.35691965752 0.21779671619 
0.064385 6.21657908388 0.21675883971 
0.064943 6.29789914902 0.21828429396 
0.065500 6.10902899797 0.21773990651 
0.066057 6.00785273845 0.21165926282 
0.066615 6.15071289906 0.21423542198 
0.067172 5.88671618368 0.21090160687 
0.067730 5.71274955217 0.20931669585 
0.068287 5.73968251474 0.20243179209 
0.068845 5.38005099017 0.20652839825 
0.069402 5.47810330195 0.20738332805 
0.069960 5.24881840406 0.19379669263 
0.070517 5.09390960182 0.19501859714 
0.071074 5.13180554240 0.19870400385 
0.071632 4.90678728517 0.19566889519 
0.072189 4.91259602957 0.19016419314 
0.072747 4.54245120250 0.19328617064 
0.073304 4.62298110515 0.19899898112 
0.073862 4.71816615894 0.19550180244 
0.074419 4.38637063184 0.18883945501 
0.074977 4.51362712660 0.18209477619 
0.075534 4.36750677601 0.18789030696 
0.076091 3.95778311901 0.18143538960 
0.076649 4.06269322587 0.18236542549 
0.077206 3.85106320333 0.18324772450 
0.077764 3.77005981246 0.18537889561 
0.078321 3.83449765151 0.18484457283 
0.078879 3.45588921724 0.17606339941 
0.079436 3.41225762832 0.17712566843 
0.079993 3.53809394961 0.17579047038 
0.080551 3.03406793206 0.18182293616 
0.081108 3.00904785831 0.18036774506 
0.081666 2.99434308560 0.17130936150 
0.082223 3.09172116574 0.17790415531 
0.082781 2.78964387516 0.17444665679 
0.083338 2.92018045940 0.16724055099 
0.083895 2.79459496770 0.16614400311 
0.084453 2.45294846166 0.17453680507 
0.085010 2.45126995782 0.16936157689 
0.085568 2.38145358596 0.16732146422 
0.086125 2.33822863179 0.17138952537 
0.086683 2.30091823895 0.16135042056 
0.087240 2.32171465720 0.16415975634 
0.087798 1.99838463490 0.16240004171 
0.088355 2.03563734577 0.16515653769 
0.088912 1.92075017386 0.16142678305 
0.089470 1.90608266521 0.16099462391 
0.090027 1.65348562375 0.16387414567 
0.090585 1.74755993517 0.15835047942 
0.091142 1.49627753405 0.16091784002 
0.091700 1.57421883456 0.15662073969 
0.092257 1.67802714890 0.15618886512 
0.092814 1.64658904710 0.15989010100 
0.093372 1.54263325119 0.14994182281 
0.093929 1.54977258590 0.15418623856 
0.094487 1.44548760677 0.15520148769 
0.095044 1.41940721365 0.15347691607 
0.095602 1.35693028688 0.15504204306 
0.096159 1.34773523609 0.15213972171 
0.096716 1.19461472530 0.14702556666 
0.097274 1.06369156070 0.15590082975 
0.097831 1.21075790667 0.15365723485 
0.098389 1.06913175006 0.14963029326 
0.098946 1.25632388341 0.14620653275 
0.099504 1.26851256675 0.15008450445 
0.100061 1.20521543901 0.14818728721 
0.100618 1.11243270847 0.15045875016 
0.101176 0.98075321315 0.14390968799 
0.101733 1.07622249484 0.14694805499 
0.102291 0.98472815262 0.14499699361 
0.102848 1.07066995450 0.14727249293 
0.103406 0.89305364727 0.14100944496 
0.103963 0.97510478801 0.14297719102 
0.104520 1.03599275840 0.14792795903 
0.105078 1.00382265627 0.14280263014 
0.105635 1.01757358119 0.14260836426 
0.106193 0.80081445371 0.14178366183 
0.106750 0.82925023667 0.14174643864 
0.107308 0.89264581091 0.14211320754 
0.107865 0.77490920351 0.13686847671 
0.108422 1.03564042187 0.13708782400 
0.108980 0.69296703377 0.13550217491 
0.109537 0.98624653482 0.14115602211 
0.110095 0.80664476633 0.13611812924 
0.110652 0.79162578044 0.14528636126 
0.111210 0.85301038938 0.13935521425 
0.111767 0.86994796517 0.13865516390 
0.112324 0.67956856202 0.14270188354 
0.112882 0.81216499647 0.13610191921 
0.113439 0.76016335135 0.13849719497 
0.113997 0.82858850071 0.13740989775 
0.114554 0.78809290364 0.13660730067 
0.115111 0.66915021451 0.13232714773 
0.115669 0.70141176912 0.13199980210 
0.116226 0.74889676516 0.13581364310 
0.116784 0.66558614173 0.13445138799 
0.117341 0.86414364307 0.13658752656 
0.117899 0.59629790873 0.13744395279 
0.118456 0.73847196066 0.13062819127 
0.119013 0.79203412238 0.13220038563 
0.119571 0.71258108530 0.13237376922 
0.120128 0.54115474873 0.13409356865 
0.120686 0.70761408472 0.13146110026 
0.121243 0.87025775605 0.13059970049 
0.121800 0.63047246073 0.13285478880 
0.122358 0.64281140405 0.12875813360 
0.122915 0.65074502175 0.12773280412 
0.123473 0.73683303839 0.13122099574 
0.124030 0.66125690663 0.13186766007 
0.124588 0.70209779065 0.13360930541 
0.125145 0.67589030020 0.12900622035 
0.125702 0.68681279401 0.13178820818 
0.126260 0.56080167480 0.12986121664 
0.126817 0.56703038244 0.12647709854 
0.127375 0.56110506351 0.12708453827 
0.127932 0.62852999840 0.12947652674 
0.128489 0.55939421886 0.12798211764 
0.129047 0.58818056049 0.12426142902 
0.129604 0.58785867252 0.12988701337 
0.130162 0.52033951095 0.12519821477 
0.130719 0.57450201749 0.12265492202 
0.131277 0.61563139180 0.12435251859 
0.131834 0.59193959253 0.12298197670 
0.132391 0.50287178808 0.12936139838 
0.132949 0.55738741737 0.12819809978 
0.133506 0.56689496503 0.12926448936 
0.134064 0.44925915686 0.13132127229 
0.134621 0.35333651382 0.13434888622 
0.135178 0.44241485798 0.13786288082 
0.135736 0.56583166383 0.13842181022 
0.136293 0.37739457049 0.13929670215 
0.136851 0.46653958570 0.13265041591 
0.137408 0.37860194956 0.13625702673 
0.137965 0.43919358858 0.13978205524 
0.138523 0.36396967351 0.14253725895 
0.139080 0.44151377062 0.13892740600 
0.139638 0.30415979471 0.13905515489 
0.140195 0.41723025704 0.14067027059 
0.140752 0.45983475992 0.13835723295 
0.141310 0.35080947681 0.13700990127 
0.141867 0.36627524323 0.14185929743 
0.142425 0.31649006488 0.13966728203 
0.142982 0.34459760378 0.13766713388 
0.143540 0.29038227335 0.14489899124 
0.144097 0.12215018744 0.13641348030 
0.144654 0.28250402030 0.13841171079 
0.145212 0.32250866944 0.13057544777 
0.145769 0.24472204641 0.12920493748 
0.146327 0.25157287269 0.13108638805 
0.146884 0.21640326035 0.12886135065 
0.147441 0.31278199184 0.12820528176 
0.147999 0.36159150704 0.13085687456 
0.148556 0.26928011073 0.12824030984 
0.149114 0.24943568401 0.12485393884 
0.149671 0.31054838635 0.12263080640 
0.150228 0.27538586590 0.12486172314 
0.150786 0.11854296978 0.12534448862 
0.151343 0.36326204404 0.12492748349 
0.151901 0.01730088513 0.12164552029 
0.152458 0.27654118427 0.12262988764 
0.153015 0.34602071470 0.12488693518 
0.153573 0.31201012636 0.12159176900 
0.154130 0.25004497324 0.12238202736 
0.154688 0.29084142258 0.12261140540 
0.155245 0.20108223668 0.11886513541 
0.155802 0.16811323267 0.12014118115 
0.156360 0.24526097992 0.11885773951 
0.156917 0.29908831488 0.12142914576 
0.157475 0.12264795956 0.11978065705 
0.158032 0.31538275125 0.12385854955 
0.158589 0.27319012777 0.11736912129 
0.159147 -0.01026540140 0.11603130162 
0.159704 0.18815645611 0.11513613683 
0.160261 0.30353567700 0.11385770375 
0.160819 0.29839719342 0.11470777170 
0.161376 0.14320876951 0.11600281952 
0.161934 0.18995340827 0.11499372357 
0.162491 0.16913119869 0.11718556248 
0.163048 0.21561948761 0.11639205753 
0.163606 0.00972964527 0.11365812615 
0.164163 0.20861429545 0.11750237311 
0.164721 -0.00399569523 0.11413157273 
0.165278 0.11168393476 0.11450353402 
0.165835 0.21239723861 0.11451240067 
0.166393 0.25482955099 0.11389985623 
0.166950 0.06554286957 0.11303075896 
0.167508 0.08795609236 0.11510414466 
0.168065 0.13850514716 0.11504949949 
0.168622 0.14682158016 0.11321595657 
0.169180 0.22296337886 0.10984076025 
0.169737 0.25176957115 0.11340769686 
0.170294 0.12284964820 0.11416275077 
0.170852 0.12541346207 0.11270565488 
0.171409 0.27194730599 0.11314732376 
0.171967 0.12379150866 0.10990584686 
0.172524 0.12494153643 0.11086766626 
0.173081 0.21941686312 0.10874264761 
0.173639 0.10800588431 0.10885599162 
0.174196 0.01760263551 0.10974247020 
0.174754 0.05658214022 0.10943699916 
0.175311 0.22408239599 0.10889410396 
0.175868 0.03726625542 0.11033648378 
0.176426 0.22956187333 0.10604972953 
0.176983 -0.00392820640 0.10663123949 
0.177540 0.05851443627 0.10591879793 
0.178098 0.06604647609 0.10744334153 
0.178655 0.17204123511 0.10938200773 
0.179213 0.17994309818 0.10540872497 
0.179770 0.08895641505 0.10670691248 
0.180327 0.12396419311 0.10935214453 
0.180885 0.08746723808 0.10768010422 
0.181442 0.18518646763 0.10719398239 
0.181999 0.10170010954 0.10712802119 
0.182557 0.15154086051 0.10939446414 
0.183114 0.11278202242 0.10785524816 
0.183672 0.04789632550 0.10726348543 
0.184229 0.05566740030 0.10355597527 
0.184786 -0.00814132109 0.10656351766 
0.185344 0.15956413509 0.10779510662 
0.185901 0.16037191388 0.10415061931 
0.186458 0.03966465362 0.10299619845 
0.187016 0.17100157672 0.10464236803 
0.187573 0.12356340820 0.10823130629 
0.188131 0.12429295991 0.10607040594 
0.188688 0.00986536250 0.10622870506 
0.189245 0.16257823824 0.10570738422 
0.189803 -0.01895553897 0.10505124524 
0.190360 0.11770993343 0.10599318436 
0.190917 0.06125891663 0.10503006121 
0.191475 0.14129379186 0.10602509939 
0.192032 0.01842106233 0.10277736316 
0.192590 0.08993428985 0.10473411439 
0.193147 0.03798346660 0.10512469747 
0.193704 0.15027948947 0.10702862148 
0.194262 0.08214813830 0.10533941851 
0.194819 0.14389283390 0.10333980375 
0.195376 0.14065469316 0.10541282500 
0.195934 0.05930823015 0.10037901009 
0.196491 0.09909825472 0.10363247725 
0.197048 0.16900870682 0.10423726475 
0.197606 -0.00218921088 0.10481283762 
0.198163 0.15814574152 0.10034185452 
0.198721 0.10448068316 0.10301339784 
0.199278 0.00699616735 0.10090353518 
0.199835 0.12949250090 0.10190289453 
0.200393 0.11010538051 0.10211724770 
0.200950 0.22025130926 0.10255541947 
0.201507 0.20156163194 0.10313767606 
0.202065 0.16961854930 0.10159001972 
0.202622 0.03332040803 0.10075708101 
0.203179 0.05958762071 0.10086460813 
0.203737 0.11616989896 0.09960465494 
0.204294 0.09805090532 0.10126030034 
0.204851 -0.00297306406 0.10040987687 
0.205409 0.05334031095 0.10116524997 
0.205966 0.09476585477 0.09976772708 
0.206524 0.14338492605 0.10031965556 
0.207081 0.10240865671 0.10014623772 
0.207638 0.06863286865 0.09887271632 
0.208196 0.18999013609 0.09905489307 
0.208753 0.06278222524 0.09731823582 
0.209310 0.08344538991 0.10028585366 
0.209868 0.17794868884 0.09721164769 
0.210425 0.16432969185 0.09645449000 
0.210982 0.09190574606 0.09832759325 
0.211540 0.22718609921 0.09752559368 
0.212097 0.10296351728 0.09898406448 
0.212654 -0.00729666672 0.09753099081 
0.213212 0.19819627501 0.09861765414 
0.213769 0.14329699299 0.09646934792 
0.214326 0.14371019144 0.09938121080 
0.214884 0.17511460294 0.09621001702 
0.215441 0.14737493234 0.09575479317 
0.215999 0.25085054771 0.09752474428 
0.216556 0.10978973882 0.09508736794 
0.217113 0.38017854215 0.09573291974 
0.217671 0.00371482566 0.09755958263 
0.218228 0.12581130542 0.09587919113 
0.218785 0.11908556681 0.09799872033 
0.219343 0.15204835174 0.09503984387 
0.219900 0.16371163975 0.09445648561 
0.220457 0.20899052714 0.09559887395 
0.221015 0.05033549189 0.09573198407 
0.221572 0.05958432425 0.09584994995 
0.222129 0.27067516392 0.09411823358 
0.222687 0.11645863570 0.09448171228 
0.223244 0.08596029063 0.09433295942 
0.223801 0.10048216649 0.09652162833 
0.224359 0.13041679397 0.09592992281 
0.224916 0.19028379923 0.09703679938 
0.225473 0.26664915471 0.09461915950 
0.226031 0.08900748063 0.09375195454 
0.226588 0.26116506269 0.09546354553 
0.227145 -0.03335716404 0.09515129700 
0.227703 0.07003918379 0.09496788180 
0.228260 0.16280790536 0.09272883916 
0.228817 0.10910682706 0.09419172340 
0.229375 0.14516527974 0.09279471652 
0.229932 0.13364136862 0.09350936557 
0.230489 0.10021979957 0.09352897853 
0.231047 0.20528620097 0.09196622149 
0.231604 0.05957682410 0.09217462384 
0.232161 0.15473659442 0.09104661929 
0.232719 0.28869336003 0.09186818298 
0.233276 0.11075861667 0.09288357345 
0.233833 0.15153789081 0.09089692270 
0.234391 0.14143576206 0.09238220471 
0.234948 0.11957285541 0.08971595272 
0.235505 0.20873840160 0.09084397722 
0.236063 0.12786873287 0.09075071877 
0.236620 0.17811106607 0.09282487400 
0.237177 0.18556136549 0.09239121022 
0.237735 0.11486464175 0.09081732955 
0.238292 0.26107864935 0.09057371455 
0.238849 0.12980561970 0.08998066389 
0.239407 -0.10512013347 0.09021057029 
0.239964 0.09314806399 0.08936175850 
0.240521 0.16307842725 0.09086970016 
0.241079 0.11431905336 0.09180556043 
0.241636 0.15596902757 0.08770430686 
0.242193 0.04648406946 0.08901003121 
0.242750 0.04466148862 0.09029807285 
0.243308 0.20885652502 0.08998622382 
0.243865 0.12963917784 0.08902729509 
0.244422 0.17140634454 0.08991365603 
0.244980 0.08346424690 0.08894602694 
0.245537 0.12370583901 0.08915334073 
0.246094 0.17833341614 0.09130442078 
0.246652 0.20936388749 0.08977692034 
0.247209 0.19276845748 0.09041181792 
0.247766 -0.02737544774 0.09002540500 
0.248324 0.09592650141 0.08846515324 
0.248881 0.09272190852 0.08874305308 
0.249438 0.14051490482 0.08921787287 
0.249996 0.11422785711 0.09029879946 
0.250553 0.17040143333 0.08986620820 
0.251110 0.17661750061 0.08895894004 
0.251667 0.18544560910 0.08720823632 
0.252225 0.08552651563 0.09024592859 
0.252782 0.20137979791 0.08979500542 
0.253339 0.15321507303 0.08671123105 
0.253897 0.16669928791 0.08776427806 
0.254454 0.12763365841 0.08755904893 
0.255011 0.02170066390 0.08490310338 
0.255569 0.08441544820 0.08662562494 
0.256126 0.15154475850 0.08769774848 
0.256683 0.09393600293 0.08713419652 
0.257241 0.08281250249 0.08781955852 
0.257798 0.05472513787 0.08780492212 
0.258355 0.18655266076 0.08772346537 
0.258912 0.14926221059 0.08454711032 
0.259470 0.02267947915 0.08678559022 
0.260027 0.04677911789 0.08725135758 
0.260584 0.15850450063 0.08662165623 
0.261142 0.09279103073 0.08531024615 
0.261699 0.06624525112 0.08570374480 
0.262256 0.06472146177 0.08696278375 
0.262814 0.12603804366 0.08603886881 
0.263371 0.09786794428 0.08670030881 
0.263928 0.07297120502 0.08556229159 
0.264485 0.13977756362 0.08503376103 
0.265043 -0.05275812854 0.08489290376 
0.265600 0.13346659120 0.08578732387 
0.266157 0.05565744755 0.08492633208 
0.266715 0.20479395428 0.08553987283 
0.267272 0.10836927689 0.08433522664 
0.267829 0.08376526268 0.08290676869 
0.268386 0.15515944488 0.08680487180 
0.268944 0.13807362221 0.08443513501 
0.269501 0.12995552935 0.08427045782 
0.270058 0.08937652865 0.08502303017 
0.270616 0.09677761623 0.08477066340 
0.271173 -0.04005381345 0.08480031838 
0.271730 0.16137867284 0.08542170375 
0.272287 0.07507855234 0.08718822073 
0.272845 0.25056572588 0.08757268870 
0.273402 0.12033294201 0.08623082308 
0.273959 0.12235762204 0.08807501251 
0.274517 0.02736794704 0.08878857808 
0.275074 0.10432900878 0.09080716968 
0.275631 0.02011142340 0.08923701608 
0.276188 0.08203076389 0.08815334622 
0.276746 0.08135162136 0.09150176702 
0.277303 0.27216808307 0.09140381093 
0.277860 -0.00580404678 0.09078064627 
0.278418 0.16380742597 0.08991155063 
0.278975 0.02814350603 0.09146235285 
0.279532 0.02985451057 0.08892154176 
0.280089 0.13027728231 0.08980495548 
0.280647 0.21860646202 0.09251506477 
0.281204 0.12807838942 0.09032362860 
0.281761 0.03782817390 0.08851954960 
0.282318 0.13964210693 0.08944738075 
0.282876 -0.00810479897 0.08905446353 
0.283433 0.01128531725 0.08884175101 
0.283990 0.07270655551 0.08538467269 
0.284548 0.05338966969 0.08530441558 
0.285105 0.03903988633 0.08540299145 
0.285662 0.06332565878 0.08703677648 
0.286219 0.15366214510 0.08468267069 
0.286777 -0.04455208371 0.08853900739 
0.287334 0.02474187498 0.08577059237 
0.287891 0.02242052416 0.08654238579 
0.288448 0.19937132261 0.08750490440 
0.289006 0.07346772362 0.08687197092 
0.289563 0.10173944213 0.08549254245 
0.290120 0.03050534914 0.08614698491 
0.290677 0.06461332335 0.08302814772 
0.291235 0.16138914754 0.08387713373 
0.291792 0.09023708959 0.08495618306 
0.292349 0.13588673774 0.08473015138 
0.292906 0.10269849525 0.08563336841 
0.293464 0.08938423488 0.08384268991 
0.294021 0.21029855625 0.08409163570 
0.294578 0.00362461767 0.08387866287 
0.295136 0.20403258660 0.08568381459 
0.295693 0.19620360877 0.08687015698 
0.296250 0.06495738387 0.08587280657 
0.296807 0.09401803008 0.08625267701 
0.297365 -0.03534018654 0.08589198599 
0.297922 0.14751304002 0.08414591359 
0.298479 -0.04737721794 0.08537183369 
0.299036 -0.04568986032 0.08551677589 
0.299594 0.06499556542 0.08626703729 
0.300151 0.02733081403 0.08523112650 
0.300708 0.04585809492 0.08580260252 
0.301265 0.07094155773 0.08684050272 
0.301823 0.15913080977 0.08579291903 
0.302380 0.07123437365 0.08474722006 
0.302937 0.09360717936 0.08458502269 
0.303494 0.10697151443 0.08466520557 
0.304052 0.00358174640 0.08623751171 
0.304609 0.12562963696 0.08639693656 
0.305166 0.10977785752 0.08608467471 
0.305723 0.01978014153 0.08743599225 
0.306280 0.01142449162 0.08475916995 
0.306838 0.09425012701 0.08671125168 
0.307395 0.10015388935 0.08662690931 
0.307952 0.07607450059 0.08717625912 
0.308509 0.06853781974 0.08625821360 
0.309067 0.05670444170 0.08527067573 
0.309624 0.01549606436 0.08457320421 
0.310181 0.07434135511 0.08549732395 
0.310738 0.07347473567 0.08599259294 
0.311296 0.12766419412 0.08624175455 
0.311853 -0.09329506830 0.08832251820 
0.312410 0.13481908665 0.08653853989 
0.312967 0.12333345532 0.08566778583 
0.313525 -0.00482630158 0.08533030888 
0.314082 0.09909381107 0.08529958982 
0.314639 0.14731539698 0.08621336608 
0.315196 0.13633151432 0.08685809261 
0.315753 0.06149467921 0.08773798197 
0.316311 0.11229052323 0.08678329029 
0.316868 0.09146870118 0.08586771612 
0.317425 -0.04892385152 0.08938158783 
0.317982 0.07659555125 0.08540517133 
0.318540 0.11541907775 0.08549872010 
0.319097 0.13674455679 0.08720342049 
0.319654 0.17902151746 0.08685235980 
0.320211 0.12580614649 0.08692203319 
0.320768 0.11456256092 0.08855981067 
0.321326 0.07688158858 0.08751542138 
0.321883 0.16172942509 0.08846850551 
0.322440 0.02222598829 0.08698019546 
0.322997 0.18558211147 0.08687662683 
0.323555 0.16525043915 0.08800939827 
0.324112 -0.04649809655 0.08683975410 
0.324669 0.08652166896 0.08870055261 
0.325226 0.06902678530 0.08784288284 
0.325783 0.08671722303 0.08862082159 
0.326341 0.10864711232 0.08734016322 
0.326898 0.14858859267 0.08798085774 
0.327455 0.13399764092 0.08527228830 
0.328012 -0.04094869478 0.08806810761 
0.328569 0.06029018765 0.08851354321 
0.329127 0.19494340641 0.09106106545 
0.329684 0.17167772914 0.08855714641 
0.330241 0.12370722242 0.08801020643 
0.330798 0.02033275355 0.08662886343 
0.331355 0.07472273091 0.08818216584 
0.331913 0.18279509220 0.08996048668 
0.332470 0.09299755778 0.08948201732 
0.333027 0.15808388871 0.08896597004 
0.333584 0.12392365647 0.08949085986 
0.334141 0.16853364014 0.08964621493 
0.334699 0.16586467699 0.08890289337 
0.335256 0.11504402904 0.08963901982 
0.335813 0.08843470083 0.09163898342 
0.336370 0.09939448754 0.09051545577 
0.336927 0.07956254197 0.09099197193 
0.337485 0.11154936638 0.09133187294 
0.338042 0.15175425373 0.09212413317 
0.338599 0.06164942298 0.09228333651 
0.339156 0.05037430496 0.09264758851 
0.339713 0.12085249519 0.09389408134 
0.340271 0.07651132500 0.09316389793 
0.340828 0.16883741854 0.09522093331 
0.341385 0.08549488683 0.09395361734 
0.341942 0.19268589605 0.09291186570 
0.342499 0.00939405390 0.09184394207 
0.343057 0.03318512127 0.09411613393 
0.343614 0.13804885077 0.09454043970 
0.344171 0.00478158940 0.09512442305 
0.344728 0.15947825764 0.09206283172 
0.345285 0.06486160397 0.09367776293 
0.345842 -0.03495124787 0.09437742933 
0.346400 0.14273095204 0.09531263613 
0.346957 0.05610991948 0.09560248746 
0.347514 0.08996407124 0.09499581644 
0.348071 0.14502876946 0.09672974964 
0.348628 0.19438342098 0.09724547801 
0.349186 0.07534163086 0.09620872373 
0.349743 0.03731923446 0.09684001240 
0.350300 0.04055331281 0.09785939830 
0.350857 0.02538267908 0.09646456761 
0.351414 0.02463868675 0.09914538673 
0.351971 0.04252414161 0.09829680415 
0.352529 0.00264581763 0.10022191563 
0.353086 0.14711217636 0.10041976346 
0.353643 0.07329798399 0.10048723879 
0.354200 0.11404584803 0.09889930674 
0.354757 0.16713872008 0.10294356565 
0.355314 0.10745154306 0.10163959593 
0.355872 0.10420580208 0.10225930552 
0.356429 0.08524959405 0.10161666376 
0.356986 0.17544537886 0.10288313456 
0.357543 0.08329059166 0.10228342952 
0.358100 0.07940207707 0.10128596988 
0.358657 0.08297088473 0.10130917096 
0.359215 0.10761793701 0.10333785438 
0.359772 0.04794519509 0.10455627099 
0.360329 0.15130547599 0.10495436557 
0.360886 0.09141694410 0.10320206090 
0.361443 0.08003783412 0.10190600849 
0.362000 0.06714061490 0.10322639332 
0.362558 -0.00175351274 0.10302988425 
0.363115 0.17862514395 0.10163124030 
0.363672 0.13773005561 0.10219775796 
0.364229 0.10413092504 0.10418943310 
0.364786 0.13521891517 0.10218563083 
0.365343 0.18498521396 0.10360666550 
0.365900 0.18565711151 0.10272148019 
0.366458 0.03642798661 0.10196282752 
0.367015 -0.12258052532 0.10242616753 
0.367572 0.15464698241 0.09870933629 
0.368129 0.07006701190 0.10194109713 
0.368686 0.05014690797 0.10023472143 
0.369243 0.02519757352 0.10100101595 
0.369801 0.03221805870 0.10016965785 
0.370358 -0.00558942327 0.10008835642 
0.370915 0.05672107738 0.09890361817 
0.371472 -0.03033346929 0.10296939796 
0.372029 0.09338813766 0.10060154730 
0.372586 -0.00509801003 0.09860220133 
0.373143 0.11423537191 0.09965665425 
0.373700 0.14629462729 0.10031402230 
0.374258 0.07006777957 0.09798467233 
0.374815 0.05803666170 0.09763290706 
0.375372 0.14913896819 0.09764144505 
0.375929 0.12323013824 0.09595213858 
0.376486 0.14732135007 0.09592607760 
0.377043 0.12531471949 0.09577090071 
0.377600 0.11124311101 0.09557549170 
0.378158 0.04600567367 0.09488486993 
0.378715 0.05101156249 0.09612155817 
0.379272 0.10283521113 0.09571784564 
0.379829 0.06290196329 0.09481298312 
0.380386 0.11649664946 0.09455150892 
0.380943 0.14605026126 0.09310034752 
0.381500 0.12060968959 0.09286705347 
0.382057 0.08705885261 0.09116776074 
0.382615 0.16404244580 0.09702199397 
0.383172 0.05908158652 0.09289669468 
0.383729 0.07485725128 0.09291309760 
0.384286 0.15678712896 0.09212776727 
0.384843 0.10550784251 0.09181353744 
0.385400 0.05328891748 0.09289196110 
0.385957 0.10353422113 0.09270863300 
0.386514 0.21116967037 0.09030093608 
0.387072 0.10515405892 0.09354875173 
0.387629 0.01973632216 0.09134128452 
0.388186 -0.03418125036 0.09006785201 
0.388743 0.03098548515 0.09211292697 
0.389300 0.09550637340 0.09048834250 
0.389857 -0.00068354278 0.09105487518 
0.390414 0.12273445059 0.09128476026 
0.390971 -0.02426402592 0.08906809063 
0.391528 0.07630496194 0.09095595716 
0.392086 0.07198159742 0.09088361592 
0.392643 0.20205899467 0.09009919260 
0.393200 0.07183241204 0.09129925157 
0.393757 0.07841393221 0.09097894735 
0.394314 0.04637449671 0.09134830916 
0.394871 0.11031625245 0.08979428214 
0.395428 0.10459091172 0.09012816554 
0.395985 0.05989979662 0.08966767644 
0.396542 -0.00604610794 0.08967737802 
0.397099 0.14473538944 0.09024907046 
0.397657 0.04954192081 0.09177848321 
0.398214 0.13963631421 0.08859662068 
0.398771 0.19196921751 0.08848159119 
0.399328 0.15140247334 0.09019218615 
0.399885 0.25935247277 0.08882486772 
0.400442 0.05720429779 0.08986494501 
0.400999 0.09631714428 0.08946901361 
0.401556 0.14361005348 0.09148822283 
0.402113 0.14503940203 0.09271442201 
0.402670 0.04454209700 0.09657100947 
0.403227 0.07542192948 0.09590020136 
0.403785 0.02320131992 0.09705894689 
0.404342 -0.03470599067 0.09678856415 
0.404899 0.15379522969 0.09819357405 
0.405456 0.11719995159 0.09863740621 
0.406013 0.04889576029 0.09891583068 
0.406570 0.11239999904 0.10203742844 
0.407127 0.23446617565 0.09826423222 
0.407684 0.04746302898 0.10241963278 
0.408241 0.29362059041 0.10340690697 
0.408798 0.10222359896 0.10213860481 
0.409355 0.04327375674 0.10606116063 
0.409912 0.08023916108 0.10759992746 
0.410469 0.12917589045 0.10711639815 
0.411027 -0.01917567467 0.10678668120 
0.411584 0.08771819586 0.11154864407 
0.412141 0.07036758876 0.11199666948 
0.412698 0.00033219170 0.10985217208 
0.413255 0.05373826882 0.10778651765 
0.413812 0.01730211215 0.10701455007 
0.414369 0.09006841635 0.11216468272 
0.414926 -0.02267065859 0.11275399576 
0.415483 0.09855986803 0.11501949759 
0.416040 -0.00015880665 0.11510625212 
0.416597 0.05339257460 0.11451153510 
0.417154 0.03306306467 0.12034698565 
0.417711 -0.05430072719 0.11754778662 
0.418268 0.17161743687 0.11974092179 
0.418825 0.11725520006 0.11677821569 
0.419382 -0.01280984664 0.11411339598 
0.419940 0.28256277086 0.11514458015 
0.420497 0.20132037375 0.11418724181 
0.421054 0.11930031204 0.11502397909 
0.421611 0.20962953917 0.11510069184 
0.422168 0.07305115725 0.11422446206 
0.422725 -0.02099293773 0.11395843095 
0.423282 0.10418265787 0.11334430659 
0.423839 0.18828734822 0.11296900133 
0.424396 0.00026891660 0.11210803201 
0.424953 -0.02321417243 0.11642143472 
0.425510 0.03628815184 0.11592738437 
0.426067 -0.04478929562 0.11551140041 
0.426624 -0.00743379781 0.11688679424 
0.427181 0.28238285679 0.11658312045 
0.427738 0.12809315242 0.11722171995 
0.428295 0.13766470784 0.11638864960 
0.428852 0.05123723479 0.11652182073 
0.429409 0.12463744724 0.11397268605 
0.429966 0.02188858901 0.11776308645 
0.430523 -0.02968823969 0.11676112140 
0.431080 0.14461438995 0.11507931521 
0.431637 0.13305616572 0.11486094430 
0.432194 0.07554716640 0.11696284330 
0.432752 0.11448913418 0.11941632647 
0.433309 0.10110323879 0.11783491637 
0.433866 0.12951222111 0.11954859043 
0.434423 0.13167555641 0.11867219258 
0.434980 0.20908200676 0.11817279512 
0.435537 0.01770690363 0.11725934904 
0.436094 0.06177061720 0.11784156515 
0.436651 -0.00334303018 0.12397249247 
0.437208 0.12020583619 0.11905992029 
0.437765 0.04764129595 0.11951246168 
0.438322 0.14518768944 0.11606253380 
0.438879 0.06651802917 0.11837050608 
0.439436 0.05090871341 0.11945605737 
0.439993 0.13578681134 0.12101784694 
0.440550 0.09994264498 0.12348822470 
0.441107 0.10090478954 0.12190551160 
0.441664 0.08176839113 0.12246484622 
0.442221 0.07531878254 0.12271997427 
0.442778 0.11518396056 0.11875163157 
0.443335 0.16025035756 0.12438491156 
0.443892 0.01496813760 0.12191421396 
0.444449 0.12063971282 0.12413743399 
0.445006 -0.01867314461 0.12244279927 
0.445563 0.10688009790 0.12630362614 
0.446120 0.24248639574 0.12622263405 
0.446677 0.03927759903 0.12476915248 
0.447234 0.05504652094 0.12531203689 
0.447791 0.26042282273 0.12700847223 
0.448348 -0.00210444052 0.12515907061 
0.448905 0.06861821903 0.12447856489 
0.449462 0.15754515595 0.12342055501 
0.450019 0.13310207351 0.12498170834 
0.450576 0.05930660584 0.11966057393 
0.451133 0.12156965064 0.12099554949 
0.451690 0.02775960360 0.12109284278 
0.452247 0.32780476069 0.12250721834 
0.452804 0.07145734233 0.12349648099 
0.453361 0.00230434068 0.11805701898 
0.453918 0.20935139397 0.12075066699 
0.454475 0.14252038410 0.12208563523 
0.455032 0.14218843729 0.12281040188 
0.455589 0.04531833918 0.12353674399 
0.456146 0.12142635191 0.12339801180 
0.456703 0.19213767444 0.12140247552 
0.457260 -0.10800980399 0.12133159405 
0.457817 0.16305014140 0.11828017869 
0.458374 0.19823504702 0.12311076116 
0.458931 0.10343838621 0.12471247685 
0.459488 0.06085204227 0.12371818666 
0.460045 0.07108693860 0.12132861879 
0.460602 0.09337139714 0.12214733251 
0.461159 0.20170427210 0.12230864341 
0.461716 0.02067881913 0.12067497646 
0.462273 0.02809452631 0.12535398471 
0.462830 0.12047713348 0.12203983941 
0.463387 0.18655403736 0.12665176612 
0.463943 0.05441436113 0.12403721253 
0.464500 0.17342077976 0.12308426011 
0.465057 -0.12754381683 0.12581330731 
0.465614 0.05778737872 0.12172499190 
0.466171 0.05972112121 0.12589949583 
0.466728 0.02046079418 0.12374108367 
0.467285 0.05463423689 0.12502524607 
0.467842 0.15197847156 0.12210911597 
0.468399 -0.05535251020 0.12370434007 
0.468956 -0.09672946452 0.12362137838 
0.469513 0.14886848326 0.11894181335 
0.470070 0.05563689789 0.12219411070 
0.470627 0.23243400350 0.12354196643 
0.471184 0.13780925073 0.12302293215 
0.471741 0.12907144731 0.12335884631 
0.472298 0.06984031256 0.12022231140 
0.472855 -0.01103611127 0.12198397357 
0.473412 0.03597747865 0.11736384257 
0.473969 0.22578552385 0.12573565522 
0.474526 0.20534981247 0.12671593594 
0.475083 0.19978795214 0.12143170165 
0.475640 0.20564758085 0.11967661195 
0.476196 0.08172944789 0.12359254956 
0.476753 0.11558489799 0.12250006263 
0.477310 0.14858798426 0.12069124101 
0.477867 0.05268286217 0.11991840990 
0.478424 0.27271751990 0.12489299270 
0.478981 0.24479764540 0.12311264047 
0.479538 0.29702231559 0.12323636971 
0.480095 0.17551071289 0.12385052379 
0.480652 0.10699786374 0.12145315349 
0.481209 0.11571896611 0.11603651376 
0.481766 -0.04699591556 0.11903066887 
0.482323 0.09767876227 0.11994298987 
0.482880 0.13253344050 0.12196776866 
0.483437 0.05087445220 0.12071044758 
0.483994 0.13969998187 0.12263566209 
0.484550 0.09641400485 0.11842242935 
0.485107 0.23258002109 0.11898529652 
0.485664 0.05161638351 0.11989048763 
0.486221 0.15666946756 0.11992756937 
0.486778 0.10489518215 0.12246022299 
0.487335 0.16056910632 0.12357210126 
0.487892 0.11197216131 0.11995091220 
0.488449 0.18682580551 0.12743883578 
0.489006 0.11766724667 0.12129378811 
0.489563 0.02956904801 0.11983872972 
0.490120 0.09088978248 0.12084558697 
0.490677 -0.01484339073 0.12074054852 
0.491233 0.05778161048 0.11955350910 
0.491790 0.23159292165 0.12547852297 
0.492347 0.17502534985 0.12540297047 
0.492904 0.30606026852 0.11677485784 
0.493461 -0.03064332018 0.12316915261 
0.494018 0.12677877953 0.12042713990 
0.494575 -0.03562971357 0.12012186626 
0.495132 0.18332557482 0.11533605258 
0.495689 0.13236279431 0.12002465902 
0.496246 0.12281066226 0.12115794205 
0.496802 0.19378251099 0.12373942681 
0.497359 0.02178086657 0.11990296082 
0.497916 0.07983759999 0.11945752375 
0.498473 0.24373609583 0.12421329314 
0.499030 0.21893020380 0.11852212998 
0.499587 0.11026783665 0.11863785193 
0.500144 0.31080760263 0.12660108160 
0.500701 0.06658082316 0.12206592225 
0.501258 0.19253971191 0.12176299475 
0.501815 0.03990458290 0.12489491409 
0.502371 0.05150129288 0.12354851569 
0.502928 0.25304933331 0.12457090124 
0.503485 0.15239247188 0.12178038159 
0.504042 0.19354867722 0.12216750015 
0.504599 0.02862414777 0.12782488631 
0.505156 0.23001395585 0.12176034794 
0.505713 0.19169043863 0.11864340933 
0.506270 -0.03472752252 0.12234508962 
0.506826 0.17678010616 0.12008471792 
0.507383 0.10350189654 0.12224726274 
0.507940 0.05174488519 0.12314256960 
0.508497 -0.04120812948 0.12306826396 
0.509054 -0.11058432248 0.12145644907 
0.509611 0.03667931605 0.11959822563 
0.510168 0.11884685211 0.12242380407 
0.510725 -0.10751130399 0.12367063651 
0.511281 0.17624510688 0.12290007151 
0.511838 0.04636086859 0.12911685007 
0.512395 0.13997582166 0.12371877900 
0.512952 0.09562835649 0.12813921765 
0.513509 0.05187240395 0.12341938391 
0.514066 0.12678204764 0.12499090742 
0.514623 0.11138396481 0.12915140584 
0.515179 0.15988077971 0.12586651048 
0.515736 0.14162886119 0.12564833628 
0.516293 -0.04724650627 0.12607939775 
0.516850 0.15564108350 0.12917572915 
0.517407 0.04340647380 0.12886957768 
0.517964 0.17534777612 0.12982156981 
0.518521 0.09973863067 0.13108918854 
0.519077 0.16849797223 0.13037858273 
0.519634 0.21783304319 0.13125915422 
0.520191 0.02663126259 0.12731793011 
0.520748 0.16554197635 0.13060192870 
0.521305 0.22025213540 0.13583030007 
0.521862 0.11466074862 0.13695614712 
0.522418 0.07427179231 0.13104939467 
0.522975 0.12806176381 0.13649410712 
0.523532 0.28056440977 0.13465642293 
0.524089 0.19458917699 0.13283597696 
0.524646 0.02715105991 0.13654801359 
0.525203 0.14766257382 0.13815304121 
0.525759 -0.05428490543 0.13841784293 
0.526316 0.12494554301 0.13866165569 
0.526873 0.11957623643 0.13767722776 
0.527430 0.21537654063 0.14053805678 
0.527987 -0.05884629230 0.14190435543 
0.528544 0.01333208746 0.14043288154 
0.529100 0.09007760879 0.13892332631 
0.529657 0.04332055076 0.13834984388 
0.530214 -0.00605979648 0.14748371009 
0.530771 0.15635547348 0.14455850411 
0.531328 0.16470091341 0.14728111835 
0.531884 0.24153368166 0.15123687549 
0.532441 0.05959983253 0.14326401802 
0.532998 0.18576249350 0.14900022544 
0.533555 -0.04610199788 0.15949124211 
0.534112 0.02336766948 0.14929191229 
0.534669 0.21905878177 0.15385327859 
0.535225 0.05575767417 0.15021490377 
0.535782 0.19689172842 0.15579839540 
0.536339 0.32179106063 0.16069597073 
0.536896 0.24355801273 0.16676543155 
0.537453 0.23153046499 0.16769215041 
0.538009 -0.02085680501 0.17472476819 
0.538566 0.02837215831 0.16957730451 
0.539123 0.21155440007 0.17508020295 
0.539680 0.01592379639 0.17818603339 
0.540237 -0.07859837276 0.18830758074 
0.540793 0.18200079029 0.19176228466 
0.541350 0.18365276585 0.22212354275 
0.541907 0.07793347904 0.24720137552 
0.542464 0.19921141365 0.25456432927 
0.543021 -0.19287325305 0.46284114518 
