0.011985 187.55384356440 0.00000000000 
0.012543 160.56099770787 10.44955036807 
0.013100 152.44803855177 13.30738092602 
0.013658 153.05736836582 10.16040655476 
0.014215 143.42090907440 9.32249448426 
0.014772 144.97651420769 6.88157745027 
0.015330 141.21411789687 5.46582988453 
0.015887 135.66056243414 4.94839815241 
0.016445 135.67752017348 4.11398904787 
0.017002 128.44081229880 3.98960673845 
0.017560 125.65015572110 3.44315643679 
0.018117 121.88184877253 2.80735620762 
0.018675 120.31756782587 2.33977747462 
0.019232 115.33294222661 2.56328953285 
0.019789 110.91814297320 2.26484370949 
0.020347 107.73927882446 2.21663269391 
0.020904 104.57857462896 1.79073951607 
0.021462 100.88035984340 1.67248925214 
0.022019 97.98095669654 1.59224623716 
0.022577 93.19758300439 1.38645311103 
0.023134 91.74689535363 1.26703559338 
0.023692 87.95587443567 1.27334702517 
0.024249 84.68449143825 1.20052564491 
0.024807 80.97420228378 1.16277862026 
0.025364 78.20703290378 1.02360897804 
0.025921 75.29574540761 0.98806289771 
0.026479 72.99269809895 0.87961834698 
0.027036 69.01630968333 0.81870607152 
0.027594 66.71461645081 0.83067489787 
0.028151 64.41113117233 0.77171256711 
0.028709 61.44109625999 0.71740684867 
0.029266 58.30445605917 0.70356561532 
0.029824 56.45157317122 0.68650220440 
0.030381 53.88247857524 0.61557110651 
0.030938 51.12873600015 0.58579246351 
0.031496 48.63007279409 0.57097228213 
0.032053 47.03295523770 0.56573681745 
0.032611 44.08217892708 0.54331164379 
0.033168 42.13238108279 0.50855426246 
0.033726 40.67645355799 0.53757258125 
0.034283 38.95070962610 0.49883314115 
0.034841 36.07836234040 0.51444299963 
0.035398 34.98125953745 0.47417717480 
0.035955 34.32558048696 0.45629946065 
0.036513 31.45518630499 0.44915674958 
0.037070 30.29307327647 0.42757237424 
0.037628 28.90861110423 0.43880648154 
0.038185 27.22727277394 0.41992396033 
0.038743 26.22334419619 0.41403737088 
0.039300 24.76158900191 0.40231167203 
0.039858 23.62740150700 0.39331600053 
0.040415 22.16931550343 0.38814239928 
0.040973 21.43012695378 0.38238553658 
0.041530 20.57149566278 0.37533925025 
0.042087 19.33232854993 0.34778615287 
0.042645 18.77079026065 0.34501533864 
0.043202 17.47331048946 0.33916648013 
0.043760 17.22390097806 0.32687530290 
0.044317 15.70332626219 0.32767038955 
0.044875 15.47836714912 0.33281073173 
0.045432 15.01404716277 0.31930129559 
0.045990 14.22474829100 0.30110068278 
0.046547 13.65850545549 0.29845693723 
0.047104 13.06722332359 0.29259952817 
0.047662 12.10725731550 0.29741131689 
0.048219 12.23757176932 0.30495809019 
0.048777 11.60308979031 0.28792033389 
0.049334 11.41132592626 0.27227208514 
0.049892 10.95728165094 0.27950562669 
0.050449 10.18712186078 0.27611485353 
0.051007 10.26605239780 0.27722582512 
0.051564 9.94557333234 0.28341180767 
0.052121 9.71733337537 0.26932119177 
0.052679 9.46079219821 0.26750399535 
0.053236 8.93205586891 0.25601930652 
0.053794 8.80568288010 0.25263397430 
0.054351 8.71198480894 0.26480801121 
0.054909 8.20983425645 0.24623931618 
0.055466 7.93768328398 0.23886766042 
0.056024 8.05910030741 0.24700926142 
0.056581 8.27425848864 0.25745499481 
0.057138 7.73183215197 0.24443649649 
0.057696 7.75359885735 0.24288891229 
0.058253 7.22851237050 0.23633900838 
0.058811 7.30614314636 0.23969372474 
0.059368 7.36983336878 0.24074251319 
0.059926 6.87634878557 0.23368633421 
0.060483 6.73431023751 0.23931150020 
0.061041 6.89478551203 0.22940879436 
0.061598 6.71728732235 0.23198570736 
0.062155 6.72986629310 0.23598248159 
0.062713 6.86832784571 0.22367734866 
0.063270 6.54020085198 0.21573769374 
0.063828 6.23189246945 0.22838938653 
0.064385 6.75312082353 0.22559404630 
0.064943 6.58967462699 0.22583347117 
0.065500 6.17968174382 0.21675472035 
0.066057 5.92280295864 0.21349558608 
0.066615 5.73748792714 0.21983493709 
0.067172 5.78041746796 0.21516218624 
0.067730 5.42199943920 0.20675712417 
0.068287 5.39222109700 0.20153635482 
0.068845 5.52130936907 0.19827841515 
0.069402 5.28018774367 0.20932891258 
0.069960 5.39604238505 0.20506838622 
0.070517 5.11882710105 0.19131494339 
0.071074 5.13464007099 0.20456777849 
0.071632 4.81904675992 0.19743761685 
0.072189 4.87309909521 0.19228244358 
0.072747 4.60295812756 0.18968840299 
0.073304 4.75829246332 0.19419938250 
0.073862 4.54033820389 0.19575041817 
0.074419 4.35829579756 0.19265435933 
0.074977 4.32985258944 0.20204097314 
0.075534 4.14847108160 0.19501407174 
0.076091 3.76057511659 0.17951519795 
0.076649 4.29899850880 0.18349816633 
0.077206 3.90553565867 0.18831416174 
0.077764 3.69127132970 0.18354581459 
0.078321 3.59435748486 0.18214513639 
0.078879 3.55524123942 0.17983881852 
0.079436 3.60880935661 0.17016299987 
0.079993 3.20474998276 0.18119828930 
0.080551 3.04851795783 0.18535233223 
0.081108 3.23942706187 0.18626313068 
0.081666 3.06737166905 0.17470777925 
0.082223 2.68832563641 0.17245363759 
0.082781 2.95455287713 0.16807169239 
0.083338 2.73024147471 0.17366412070 
0.083895 2.68473354618 0.16982780155 
0.084453 2.51832517439 0.17016211949 
0.085010 2.34151837554 0.16512501262 
0.085568 2.22292720681 0.16907568785 
0.086125 2.31745932854 0.16828402979 
0.086683 2.29085837981 0.16861177622 
0.087240 2.33375909966 0.17159409789 
0.087798 1.90454133588 0.15662211436 
0.088355 1.97521321596 0.16873680556 
0.088912 1.81200220479 0.16054888399 
0.089470 1.89487509639 0.15929968130 
0.090027 1.77244618244 0.16086611027 
0.090585 1.63144754750 0.15873641232 
0.091142 1.51191119796 0.16004621857 
0.091700 1.49372378844 0.15946887520 
0.092257 1.61181511025 0.15741308813 
0.092814 1.49538346245 0.15409301313 
0.093372 1.36875854929 0.15550308467 
0.093929 1.35101254660 0.15262848251 
0.094487 1.54496821862 0.15178432443 
0.095044 1.18057706859 0.15319903263 
0.095602 1.31535875386 0.14990261497 
0.096159 1.30795122550 0.15010501787 
0.096716 1.29012921068 0.15088095421 
0.097274 1.21610531689 0.15144236626 
0.097831 0.92258750309 0.14899316419 
0.098389 0.91275770610 0.14771592160 
0.098946 1.01329155093 0.14482542290 
0.099504 0.80896516410 0.14655333858 
0.100061 0.97510982492 0.14593461616 
0.100618 1.05948124022 0.14772266396 
0.101176 1.22093895196 0.14806015340 
0.101733 1.13493147196 0.14488674935 
0.102291 1.13736958735 0.14885855875 
0.102848 0.92241928211 0.14773601227 
0.103406 1.05781586684 0.14503282112 
0.103963 0.77500293828 0.14573031515 
0.104520 0.81151149484 0.13999261965 
0.105078 0.76624839396 0.14533549025 
0.105635 0.76923651294 0.14528069200 
0.106193 0.97642047740 0.14065343378 
0.106750 0.90907234227 0.14497215036 
0.107308 0.87985716511 0.14044552618 
0.107865 0.82179667711 0.14067038298 
0.108422 0.80768519017 0.13938278276 
0.108980 0.65395708202 0.13947593329 
0.109537 0.61629904038 0.13706755627 
0.110095 0.86796828460 0.13810772267 
0.110652 0.77065199481 0.13622374493 
0.111210 0.71957146116 0.13846781141 
0.111767 0.90100906572 0.14001784371 
0.112324 0.59298311160 0.13967830248 
0.112882 0.63673883570 0.13678425574 
0.113439 0.87191535311 0.13727051934 
0.113997 0.71519909556 0.13416768699 
0.114554 0.87165964659 0.13674474258 
0.115111 0.75722110880 0.13355533907 
0.115669 0.80456570750 0.12878922653 
0.116226 0.67378823698 0.13541780045 
0.116784 0.80125889956 0.13328222833 
0.117341 0.60574382041 0.13495380814 
0.117899 0.69547045142 0.13556690519 
0.118456 0.87399133965 0.13133779572 
0.119013 0.78327546322 0.13159270278 
0.119571 0.83209349758 0.13128741823 
0.120128 0.65921803435 0.13227052028 
0.120686 0.80286326814 0.13621444376 
0.121243 0.80824282080 0.13255801733 
0.121800 0.65571972228 0.13270373873 
0.122358 0.75660389721 0.12985505895 
0.122915 0.74478508070 0.12601079137 
0.123473 0.63966065022 0.13228974050 
0.124030 0.61376019724 0.13036111166 
0.124588 0.61002660315 0.12741628102 
0.125145 0.47228963124 0.12787650818 
0.125702 0.60634944577 0.12951744640 
0.126260 0.57719117459 0.12836360965 
0.126817 0.66506417909 0.12593174979 
0.127375 0.45589294730 0.12266523596 
0.127932 0.51255671980 0.12998619437 
0.128489 0.60906634302 0.12641795609 
0.129047 0.47219534612 0.12455825758 
0.129604 0.53502540420 0.12866710342 
0.130162 0.55069856548 0.12528952362 
0.130719 0.51181612315 0.12461398847 
0.131277 0.69772112116 0.12361953652 
0.131834 0.52934097456 0.12472856273 
0.132391 0.46554085980 0.12886916033 
0.132949 0.56945734329 0.12991979878 
0.133506 0.59238743411 0.13260696972 
0.134064 0.59090014102 0.13169995690 
0.134621 0.44925822978 0.13696338531 
0.135178 0.29276056784 0.13852165940 
0.135736 0.43435795005 0.13818958405 
0.136293 0.50426146116 0.13844238027 
0.136851 0.50062995148 0.14045691133 
0.137408 0.46766828241 0.13263147618 
0.137965 0.37808428540 0.13360796246 
0.138523 0.29534763130 0.14004601976 
0.139080 0.29946025498 0.13813093079 
0.139638 0.36836255235 0.13734179678 
0.140195 0.43855295938 0.14126555868 
0.140752 0.19516367652 0.14223456460 
0.141310 0.28839004473 0.14174562981 
0.141867 0.38477493241 0.14128909407 
0.142425 0.20368034962 0.13866231072 
0.142982 0.39188847209 0.13678206715 
0.143540 0.44602770972 0.14002338881 
0.144097 0.29143607297 0.13621229877 
0.144654 0.37470747050 0.13481326638 
0.145212 0.28437052461 0.13025294686 
0.145769 0.40817227079 0.13246661891 
0.146327 0.34910516218 0.12787747235 
0.146884 0.25120587638 0.12492714203 
0.147441 0.30732176354 0.12622031616 
0.147999 0.20812214694 0.12530484293 
0.148556 0.21485930951 0.12701302479 
0.149114 0.20098888281 0.12095283361 
0.149671 0.21880246677 0.12521271054 
0.150228 0.30092972369 0.12142482067 
0.150786 0.09815166791 0.11790584908 
0.151343 0.17121079105 0.12648628835 
0.151901 0.12701629631 0.12332634858 
0.152458 0.34070113645 0.12217047517 
0.153015 0.30981670522 0.11953383003 
0.153573 0.31237652403 0.12039686574 
0.154130 0.24728389831 0.11942205900 
0.154688 0.26624283766 0.12038663052 
0.155245 0.18894141209 0.11890128477 
0.155802 0.18865915127 0.12404894885 
0.156360 0.16798365442 0.12018373735 
0.156917 0.20863723785 0.11898241768 
0.157475 0.21613497033 0.12351925962 
0.158032 0.14533402032 0.11778862994 
0.158589 0.26087803750 0.11710189975 
0.159147 0.23403547123 0.11568392579 
0.159704 0.21138504425 0.11896402615 
0.160261 0.14675054672 0.11726877593 
0.160819 0.20738821867 0.11698806869 
0.161376 0.04587416739 0.11698568447 
0.161934 0.26609777357 0.11562289671 
0.162491 0.24503423808 0.11598204839 
0.163048 0.26020180725 0.12056127650 
0.163606 0.12258782835 0.11470229195 
0.164163 0.06155292589 0.11654717740 
0.164721 0.06716340190 0.11289515000 
0.165278 0.16658810476 0.11416274393 
0.165835 0.08698417515 0.11402616265 
0.166393 0.23936648763 0.11204789828 
0.166950 0.09365900741 0.11389659411 
0.167508 0.15418986917 0.11288809948 
0.168065 0.13122530775 0.11450830572 
0.168622 0.13816972996 0.11243946852 
0.169180 0.01385192223 0.11088900978 
0.169737 0.19398272929 0.11069420645 
0.170294 0.17513727144 0.11314103916 
0.170852 0.08166301923 0.11222751615 
0.171409 0.09968727861 0.11030691059 
0.171967 0.19618663833 0.10843551766 
0.172524 -0.00326850090 0.10929225161 
0.173081 0.08557310862 0.11062868115 
0.173639 0.12708978749 0.10941145635 
0.174196 0.17140413446 0.10902678084 
0.174754 0.11801309319 0.11081379012 
0.175311 0.13812364667 0.11180007181 
0.175868 0.15523659605 0.10985918060 
0.176426 0.04314834930 0.10951868499 
0.176983 0.08715737891 0.10700024482 
0.177540 0.15483349822 0.10565945617 
0.178098 0.06038126690 0.10516575551 
0.178655 0.17905320430 0.10776145296 
0.179213 0.06971711303 0.11014289268 
0.179770 0.01815969165 0.10971998116 
0.180327 0.06752182824 0.10643339618 
0.180885 0.11214252024 0.10644935114 
0.181442 -0.06272219992 0.10768148799 
0.181999 0.15836798937 0.10565354178 
0.182557 0.07530418625 0.10613826995 
0.183114 0.20538167694 0.10640328241 
0.183672 0.19499535119 0.10634015108 
0.184229 0.12550968438 0.10546551022 
0.184786 0.03412542114 0.10284989649 
0.185344 0.08372864212 0.10604764628 
0.185901 0.07049538383 0.10591792702 
0.186458 0.11938013107 0.10492076176 
0.187016 0.10328980951 0.10514856682 
0.187573 0.12304185168 0.10602846708 
0.188131 0.04751650614 0.10514075902 
0.188688 0.05299475302 0.10788515885 
0.189245 0.06480424675 0.10425630106 
0.189803 0.18688279267 0.10747863472 
0.190360 0.15705179074 0.10566759401 
0.190917 0.06390923001 0.10672086593 
0.191475 0.06106242687 0.10389196320 
0.192032 -0.00297883108 0.10332349458 
0.192590 0.07042984089 0.10186546641 
0.193147 0.29519154469 0.10700533821 
0.193704 0.03402403845 0.10317598653 
0.194262 0.06160710640 0.10250015791 
0.194819 0.23194885562 0.10310655311 
0.195376 0.03852523409 0.10420755354 
0.195934 0.00515200998 0.10389352160 
0.196491 -0.02552880922 0.10125446743 
0.197048 -0.04064126366 0.10150214054 
0.197606 0.18758403689 0.10452242136 
0.198163 0.01956465075 0.10365768802 
0.198721 0.21473289017 0.10025739593 
0.199278 0.05569576704 0.09991541985 
0.199835 0.15283874670 0.10286825218 
0.200393 -0.05437045316 0.10147821053 
0.200950 0.14839093661 0.10213469632 
0.201507 0.12003015170 0.10144229031 
0.202065 0.10821686683 0.10259076669 
0.202622 0.19541788339 0.10211822481 
0.203179 0.13820613847 0.10156327933 
0.203737 0.11027472060 0.10091665938 
0.204294 0.00381198978 0.09919775016 
0.204851 0.17340745006 0.10248504521 
0.205409 0.20191751057 0.10080831937 
0.205966 0.09836005451 0.09872123513 
0.206524 0.11596565056 0.09866310108 
0.207081 0.11970637519 0.09811764287 
0.207638 0.00349869805 0.09681057053 
0.208196 0.10453141288 0.09548692828 
0.208753 0.13357690475 0.09865260876 
0.209310 0.03505269693 0.09964656218 
0.209868 0.17059960153 0.09806702113 
0.210425 0.10311700002 0.09887598816 
0.210982 0.17010859465 0.09857776585 
0.211540 -0.00845367455 0.09644078081 
0.212097 0.12631224905 0.09585527491 
0.212654 0.10386965560 0.09941526776 
0.213212 0.11170010487 0.09651285413 
0.213769 0.10064824001 0.09715008923 
0.214326 0.02673935153 0.09548991747 
0.214884 -0.02961611499 0.09378326671 
0.215441 0.14621884970 0.09636935289 
0.215999 0.09429711467 0.09774268058 
0.216556 0.08400616214 0.09521298768 
0.217113 0.12540607012 0.09803138790 
0.217671 0.12419459680 0.09700070142 
0.218228 0.15188137873 0.09522174345 
0.218785 0.17531328623 0.09552964965 
0.219343 0.15675093821 0.09519486553 
0.219900 0.09084970942 0.09750386379 
0.220457 0.09968787413 0.09561620285 
0.221015 0.17545537603 0.09443357062 
0.221572 0.18794758235 0.09478810387 
0.222129 0.09174870911 0.09354649827 
0.222687 0.11714629559 0.09501603543 
0.223244 0.16257294354 0.09387691730 
0.223801 0.11983239127 0.09439069971 
0.224359 0.01976927198 0.09446771932 
0.224916 0.09016081099 0.09432913306 
0.225473 0.04204417189 0.09276379285 
0.226031 0.00434168512 0.09394542593 
0.226588 0.11671697946 0.09245628696 
0.227145 0.13954118917 0.09527482722 
0.227703 0.05778159504 0.09185033280 
0.228260 0.12975981960 0.09253272449 
0.228817 0.13377434793 0.09240858736 
0.229375 0.06157376188 0.09257910045 
0.229932 0.18885775080 0.09135123971 
0.230489 0.11978029709 0.09222047301 
0.231047 0.13108466026 0.09097909260 
0.231604 0.10218280369 0.09108048924 
0.232161 0.03893799426 0.09262448579 
0.232719 0.09082971189 0.09026267941 
0.233276 0.12814380206 0.09300260360 
0.233833 0.18453374688 0.09118987485 
0.234391 0.07192698416 0.09171943509 
0.234948 0.14992077588 0.09116055591 
0.235505 0.10904021988 0.09116487338 
0.236063 0.06637602619 0.08939321370 
0.236620 0.15663035838 0.09016931862 
0.237177 -0.02791411837 0.09305029157 
0.237735 0.08694277568 0.09199673835 
0.238292 0.08991213184 0.09113616797 
0.238849 0.04937550483 0.09086234860 
0.239407 0.13634296976 0.08988942366 
0.239964 0.08903578805 0.09035209176 
0.240521 0.23585051370 0.09005638088 
0.241079 0.04298162029 0.09055937980 
0.241636 0.17215587327 0.08750376557 
0.242193 0.05801013400 0.09002983269 
0.242750 0.05992506040 0.09076616850 
0.243308 0.11415275230 0.09108956792 
0.243865 0.09827743452 0.09056922052 
0.244422 0.00501593005 0.08975900276 
0.244980 0.08106851572 0.08907702555 
0.245537 0.11449398855 0.08825555474 
0.246094 0.07409737038 0.09154438329 
0.246652 0.05399182312 0.08961146268 
0.247209 0.08673727200 0.08860816298 
0.247766 0.04332365561 0.08890065059 
0.248324 0.08402579848 0.08937745212 
0.248881 0.06960803093 0.08890303727 
0.249438 0.13523323944 0.08728382646 
0.249996 0.13683282302 0.09022560132 
0.250553 0.02016955125 0.08787616925 
0.251110 -0.03204779721 0.08975165096 
0.251667 0.15777855480 0.08938355262 
0.252225 0.14222240855 0.08659931650 
0.252782 0.09113823695 0.08907047862 
0.253339 0.08807666479 0.08769698655 
0.253897 0.06751296110 0.08881273528 
0.254454 0.11205370478 0.08562643529 
0.255011 0.09835359225 0.08808841626 
0.255569 0.03484207526 0.08864584137 
0.256126 0.11599634679 0.08764780638 
0.256683 0.21457732202 0.08661052308 
0.257241 0.03245138465 0.08617265423 
0.257798 0.07977628878 0.08656784569 
0.258355 0.02306745219 0.08638901790 
0.258912 0.06075998480 0.08677390522 
0.259470 -0.02418195784 0.08657374770 
0.260027 0.02241916125 0.08633925615 
0.260584 0.05365990532 0.08601792278 
0.261142 0.08287039364 0.08599401426 
0.261699 -0.00149071572 0.08438366114 
0.262256 0.06552921096 0.08527133025 
0.262814 0.13578874186 0.08524085088 
0.263371 0.06167512857 0.08577468506 
0.263928 -0.03046543295 0.08683108733 
0.264485 0.14526868648 0.08636628810 
0.265043 0.10612673812 0.08487323210 
0.265600 0.17583203825 0.08658864328 
0.266157 0.07710148068 0.08696246313 
0.266715 0.02002514028 0.08492789950 
0.267272 -0.02989272624 0.08634525220 
0.267829 0.10146372412 0.08536843093 
0.268386 0.12628505415 0.08411542950 
0.268944 -0.00039740756 0.08497501840 
0.269501 0.13864037319 0.08521347616 
0.270058 0.02406129377 0.08395352593 
0.270616 0.03456173182 0.08403033479 
0.271173 0.02847993914 0.08498830134 
0.271730 -0.00401628542 0.08690714066 
0.272287 0.10276946135 0.08677030362 
0.272845 0.07269484973 0.08612871553 
0.273402 0.11775556135 0.08688302930 
0.273959 0.07801350099 0.08830214585 
0.274517 -0.09204005373 0.08783419668 
0.275074 -0.06897546559 0.08838028662 
0.275631 -0.00637177794 0.08926111387 
0.276188 0.09965337250 0.08900381040 
0.276746 -0.06828779867 0.08898252241 
0.277303 -0.06313752522 0.09039442119 
0.277860 0.09153430917 0.09024702709 
0.278418 0.05032126287 0.09039830194 
0.278975 0.10200268302 0.09019990703 
0.279532 0.03409511704 0.09051483190 
0.280089 0.12919456902 0.09227576589 
0.280647 0.00209436038 0.09200908228 
0.281204 0.11195601312 0.09065419273 
0.281761 0.00052987649 0.08748510580 
0.282318 0.00653362504 0.08856012744 
0.282876 0.01994354732 0.08857560594 
0.283433 -0.01710800133 0.08711114874 
0.283990 0.04161945623 0.08756964182 
0.284548 0.10202176582 0.08775474869 
0.285105 0.12430751880 0.08637501602 
0.285662 0.06888410618 0.08681000410 
0.286219 -0.04530862122 0.08684369725 
0.286777 0.03415154623 0.08717734150 
0.287334 0.01152639962 0.08778541297 
0.287891 0.03522139622 0.08492333556 
0.288448 -0.08311228414 0.08439731428 
0.289006 0.01915516603 0.08358005685 
0.289563 0.06264512576 0.08485721814 
0.290120 0.07192701522 0.08583417671 
0.290677 0.14129726818 0.08407931835 
0.291235 0.08514658965 0.08492284650 
0.291792 0.00809039893 0.08322441415 
0.292349 0.11189507555 0.08578397372 
0.292906 0.06679051890 0.08626389095 
0.293464 0.04634668033 0.08458870197 
0.294021 0.18798834550 0.08586826400 
0.294578 0.13099400332 0.08485940587 
0.295136 0.05176292329 0.08422326774 
0.295693 -0.00978798746 0.08594991458 
0.296250 0.05693567135 0.08462481033 
0.296807 -0.06090997653 0.08630328291 
0.297365 0.06616918741 0.08810283315 
0.297922 -0.05710380195 0.08471858886 
0.298479 0.00319619621 0.08531488531 
0.299036 0.06792082935 0.08560837749 
0.299594 0.10616225580 0.08597388226 
0.300151 0.18199255185 0.08656885419 
0.300708 -0.06348154113 0.08553312524 
0.301265 0.06744642600 0.08428678104 
0.301823 0.11640652132 0.08477501353 
0.302380 0.10384156340 0.08603861727 
0.302937 0.10882619283 0.08808084277 
0.303494 0.08708888396 0.08650610936 
0.304052 0.13283787012 0.08393893443 
0.304609 0.14011483840 0.08571941482 
0.305166 0.07665952674 0.08559637686 
0.305723 0.11654712114 0.08689243992 
0.306280 0.10618158177 0.08587755022 
0.306838 -0.02252593915 0.08540431887 
0.307395 0.01754383811 0.08607422778 
0.307952 0.00628269431 0.08481757939 
0.308509 0.09460580141 0.08535948244 
0.309067 0.01357520913 0.08643286379 
0.309624 0.06517432234 0.08444972165 
0.310181 0.10069208557 0.08520537484 
0.310738 0.11205754649 0.08657455164 
0.311296 0.17841362438 0.08613808887 
0.311853 0.06157314205 0.08699569975 
0.312410 0.12460488995 0.08650606711 
0.312967 -0.02269822156 0.08616810290 
0.313525 0.05397541565 0.08721747786 
0.314082 0.07856227087 0.08563948417 
0.314639 0.07712689373 0.08717674228 
0.315196 -0.03831235495 0.08643003569 
0.315753 0.02158533405 0.08561210437 
0.316311 0.07205964955 0.08633473439 
0.316868 0.18487209316 0.08760616910 
0.317425 0.07460101312 0.08623529616 
0.317982 0.10105824833 0.08698719565 
0.318540 0.05433734286 0.08719881112 
0.319097 0.03930143439 0.08653647398 
0.319654 -0.00993575262 0.08663972754 
0.320211 0.17070783249 0.08948266223 
0.320768 0.00195896455 0.08710293672 
0.321326 0.10043265396 0.08799267923 
0.321883 0.09608532594 0.08737390393 
0.322440 -0.04059602363 0.08687778310 
0.322997 0.08119749890 0.08564761378 
0.323555 0.02825311318 0.08765761007 
0.324112 0.02295150377 0.08690207557 
0.324669 0.02446785131 0.08516769814 
0.325226 0.11289418680 0.08655117012 
0.325783 -0.04289395313 0.08668898932 
0.326341 0.08663296642 0.08650659928 
0.326898 0.19694124933 0.08702977003 
0.327455 0.13826538287 0.08864442006 
0.328012 0.06667504883 0.08777466351 
0.328569 0.12971510051 0.08827960573 
0.329127 -0.01251369452 0.08850002844 
0.329684 0.06968593710 0.08833292280 
0.330241 0.14225377770 0.08738305791 
0.330798 0.06453154208 0.08713157666 
0.331355 0.08533552204 0.08808854043 
0.331913 0.04479659420 0.09001745803 
0.332470 -0.01773635887 0.08865545540 
0.333027 0.08363936037 0.08802787101 
0.333584 0.07736341707 0.09132440756 
0.334141 0.05881430152 0.08910133904 
0.334699 0.10620261321 0.08873185933 
0.335256 0.02888093939 0.09132772461 
0.335813 0.08510771207 0.09162026065 
0.336370 0.10523915440 0.09061620338 
0.336927 0.15036977734 0.09033946327 
0.337485 0.04832816171 0.09162875379 
0.338042 0.01134406925 0.09133391151 
0.338599 0.01606796504 0.08993073371 
0.339156 -0.04005894806 0.09348175360 
0.339713 -0.00218123492 0.09403471649 
0.340271 0.06558147115 0.09181541702 
0.340828 0.25110930885 0.09305726755 
0.341385 0.01747147133 0.09474539714 
0.341942 0.04342219311 0.09307984893 
0.342499 0.06535966713 0.09397539110 
0.343057 0.14350070032 0.09329710419 
0.343614 0.12246023007 0.09340932084 
0.344171 0.18137412858 0.09451099793 
0.344728 0.01556035911 0.09552402655 
0.345285 0.16904984230 0.09516522737 
0.345842 0.14160689375 0.09283128626 
0.346400 0.13186848151 0.09433256060 
0.346957 0.14354699505 0.09502032846 
0.347514 0.00205597147 0.09578672534 
0.348071 0.14097330483 0.09666768685 
0.348628 0.07469717873 0.09741049665 
0.349186 0.13135975407 0.09800641751 
0.349743 0.00856623634 0.09790947647 
0.350300 -0.03812279663 0.09783812733 
0.350857 -0.09656101266 0.09763788667 
0.351414 0.01302970986 0.09704297339 
0.351971 0.04766661188 0.09846015018 
0.352529 0.13701143973 0.09871374900 
0.353086 0.04156695606 0.10132354204 
0.353643 0.11657432864 0.10018418647 
0.354200 0.02176661606 0.09979796582 
0.354757 0.01853002577 0.10123542094 
0.355314 0.12440210793 0.10229462678 
0.355872 0.08257128041 0.10218756748 
0.356429 0.03730292803 0.10357191466 
0.356986 0.01593051951 0.10290970336 
0.357543 0.14346273040 0.10297164979 
0.358100 0.20725843415 0.10299052803 
0.358657 -0.00381111889 0.10418972227 
0.359215 0.10735504130 0.10531505931 
0.359772 0.04662245936 0.10290211198 
0.360329 0.05021948051 0.10401389735 
0.360886 0.10496050871 0.10163179382 
0.361443 0.08440555522 0.10437267749 
0.362000 -0.05657111332 0.10233740396 
0.362558 0.05695293720 0.10379049247 
0.363115 -0.00919274347 0.10467451340 
0.363672 0.05497951950 0.10184370535 
0.364229 0.05464423223 0.10140076609 
0.364786 0.14885656547 0.10296150453 
0.365343 0.00991878386 0.10321846975 
0.365900 0.12119140922 0.10033232575 
0.366458 0.09282769023 0.10105562043 
0.367015 0.16698234022 0.10257486549 
0.367572 0.09266973943 0.10366138659 
0.368129 0.06887990855 0.10180044596 
0.368686 0.17969652330 0.10179137247 
0.369243 0.12255627915 0.10126741807 
0.369801 0.06630456820 0.09980905876 
0.370358 0.07073408216 0.10290786845 
0.370915 0.07020165080 0.10180847801 
0.371472 0.07916404000 0.09787570404 
0.372029 0.02479460016 0.10026069507 
0.372586 0.05269951081 0.09878462890 
0.373143 0.09098426122 0.09822920747 
0.373700 0.20670934688 0.09748535066 
0.374258 0.10076862600 0.09824146887 
0.374815 0.05961730887 0.09576212220 
0.375372 0.03113955672 0.09868254266 
0.375929 0.13501240600 0.09623718073 
0.376486 0.00983709446 0.09740234719 
0.377043 0.03738323467 0.09728540561 
0.377600 0.00825124846 0.09400582684 
0.378158 0.01578889516 0.09563747260 
0.378715 0.16076874457 0.09549687391 
0.379272 0.04245672161 0.09487074043 
0.379829 0.03498614359 0.09576607417 
0.380386 0.12767152261 0.09265393527 
0.380943 -0.00723541395 0.09681933405 
0.381500 0.09622069266 0.09323025281 
0.382057 0.09691501625 0.09312554466 
0.382615 0.24217502575 0.09347490524 
0.383172 0.03808265370 0.09227791093 
0.383729 0.02994957286 0.09227121507 
0.384286 0.08641672348 0.09421096158 
0.384843 0.23050732288 0.09148088408 
0.385400 0.15269960448 0.09242382292 
0.385957 0.01433271335 0.08939111495 
0.386514 0.04985539715 0.09027802617 
0.387072 0.08578912187 0.09107397739 
0.387629 0.13784011940 0.09069791171 
0.388186 0.07756644224 0.09289582784 
0.388743 0.12779170857 0.09139682980 
0.389300 0.12734776807 0.09150210583 
0.389857 0.13272865076 0.08951811211 
0.390414 0.14025899439 0.08975768706 
0.390971 0.05693636143 0.09068519690 
0.391528 0.16613523401 0.09107968122 
0.392086 0.11417009481 0.08892361815 
0.392643 0.14865182600 0.09137924801 
0.393200 0.25051781516 0.08956629991 
0.393757 0.06514297589 0.09146875523 
0.394314 0.04954298592 0.08808277501 
0.394871 0.06908148042 0.08822582118 
0.395428 0.06393851868 0.08932588374 
0.395985 0.14822153187 0.08856235012 
0.396542 0.12001372808 0.08901670524 
0.397099 -0.00971242676 0.08826147854 
0.397657 -0.00079585207 0.08955963460 
0.398214 0.02203272900 0.08832108934 
0.398771 0.17245209478 0.08664685992 
0.399328 0.02187894924 0.08906066577 
0.399885 0.10217271363 0.08883174589 
0.400442 0.09459285410 0.09115140632 
0.400999 0.04943441727 0.09260203764 
0.401556 0.06667367345 0.09018332068 
0.402113 0.04520470270 0.09244228639 
0.402670 0.10897710178 0.09524434391 
0.403227 0.13323316270 0.09625011730 
0.403785 0.06583211995 0.09710422419 
0.404342 0.07297044906 0.09610036433 
0.404899 0.09385254304 0.10157616077 
0.405456 -0.01235276604 0.09982343730 
0.406013 0.08053853986 0.09764584175 
0.406570 -0.00302299173 0.09951239657 
0.407127 0.06348261742 0.10024352281 
0.407684 0.15013098572 0.10096211116 
0.408241 0.07288909677 0.10289401713 
0.408798 -0.04488335813 0.10268173460 
0.409355 0.21764797804 0.10203000487 
0.409912 -0.00698505309 0.10984180333 
0.410469 -0.04037646441 0.10614006747 
0.411027 -0.00832884450 0.10852232009 
0.411584 0.06244135698 0.10894400954 
0.412141 0.12639012996 0.10824236837 
0.412698 0.06023661162 0.11127276655 
0.413255 -0.00141536136 0.10995260325 
0.413812 -0.05858850384 0.10840562964 
0.414369 0.05996090664 0.11560216894 
0.414926 -0.00249891279 0.10955282914 
0.415483 0.17662341287 0.11213147974 
0.416040 -0.11617075693 0.11338710324 
0.416597 0.12218997068 0.11614657869 
0.417154 0.13787357596 0.11924765553 
0.417711 0.07265043347 0.11749273090 
0.418268 0.00116824090 0.11840270373 
0.418825 0.32202977532 0.11631084856 
0.419382 0.01072508743 0.11509287652 
0.419940 0.09739012111 0.11574109960 
0.420497 0.11468731455 0.11620119116 
0.421054 0.01601501365 0.11081956457 
0.421611 0.06888045109 0.11726322437 
0.422168 0.04960733100 0.11415287249 
0.422725 0.06230395751 0.11530270992 
0.423282 0.14184035114 0.11492890421 
0.423839 0.01422450933 0.11263039386 
0.424396 0.16773483283 0.11699926055 
0.424953 0.15445610180 0.11650264914 
0.425510 0.14800929383 0.11358591487 
0.426067 0.14360379601 0.11420786505 
0.426624 0.03110811072 0.11269252061 
0.427181 0.05795251978 0.11602919750 
0.427738 0.07271764663 0.11239308570 
0.428295 0.11057496695 0.11736138738 
0.428852 0.18920348939 0.11586844962 
0.429409 0.01206903107 0.11293303872 
0.429966 0.21131856022 0.11653252937 
0.430523 0.00677915939 0.11918468555 
0.431080 0.19073240629 0.11313781821 
0.431637 -0.02654634314 0.11527994703 
0.432194 0.06618840237 0.11912891559 
0.432752 0.10578695472 0.12098404066 
0.433309 0.13022685185 0.11702491541 
0.433866 0.06608611158 0.12195147397 
0.434423 0.08796407438 0.11795451666 
0.434980 0.11104516168 0.11822562562 
0.435537 0.19737594161 0.12253225450 
0.436094 0.12548161424 0.11759890547 
0.436651 0.09312805092 0.12108273829 
0.437208 0.12384610721 0.11830501356 
0.437765 0.17783960261 0.12184261628 
0.438322 0.09763104256 0.11741520538 
0.438879 0.03960446957 0.11964462138 
0.439436 0.09820481044 0.12111152404 
0.439993 -0.03355117671 0.12230018557 
0.440550 0.01140577118 0.12242693743 
0.441107 0.10355753115 0.11936276177 
0.441664 0.04856547826 0.12365259403 
0.442221 0.07798194136 0.12127334619 
0.442778 0.08654767440 0.12323462665 
0.443335 0.15478261004 0.12277703029 
0.443892 0.15970470351 0.12265888451 
0.444449 -0.04048160888 0.12601095991 
0.445006 0.03237885989 0.12005707383 
0.445563 0.11724663927 0.12695732954 
0.446120 -0.07444954582 0.12791213167 
0.446677 0.10222770623 0.12287046182 
0.447234 -0.06360741278 0.12495265648 
0.447791 0.05075537447 0.12113768243 
0.448348 0.07387662606 0.12593236241 
0.448905 0.05458539311 0.12131591186 
0.449462 0.04683037749 0.12200890998 
0.450019 0.06471212231 0.12581858261 
0.450576 0.12652433214 0.12686721246 
0.451133 0.05134123593 0.12288097657 
0.451690 0.10470255288 0.12386995354 
0.452247 0.11160822040 0.12535015073 
0.452804 0.14106674155 0.12286651095 
0.453361 0.04519409337 0.12424484419 
0.453918 0.02392422176 0.12368539600 
0.454475 0.05221437267 0.12305240074 
0.455032 0.13033086964 0.12349385741 
0.455589 -0.00890878639 0.12058386220 
0.456146 -0.00153899367 0.12281466812 
0.456703 0.07322636483 0.12616062453 
0.457260 0.09225674417 0.12261752352 
0.457817 0.00651722084 0.12450700953 
0.458374 0.05956222011 0.12267341926 
0.458931 0.14335336154 0.12576065247 
0.459488 0.11254020532 0.12612920580 
0.460045 0.25613097343 0.12505349903 
0.460602 0.08509842041 0.12764210446 
0.461159 0.07086473511 0.12498652725 
0.461716 0.00855226583 0.11979391684 
0.462273 0.18648360212 0.12079651716 
0.462830 -0.03265253637 0.12155491285 
0.463387 0.11022799863 0.11769333513 
0.463943 0.10805735492 0.12761311796 
0.464500 -0.09397544514 0.12210334114 
0.465057 0.05101735752 0.12281591985 
0.465614 0.16229713745 0.12216954727 
0.466171 0.06554463584 0.12138882067 
0.466728 0.21694379509 0.11913129843 
0.467285 0.22435309642 0.12421505746 
0.467842 0.18257180424 0.12188202405 
0.468399 0.01047474189 0.12316749563 
0.468956 -0.12301732736 0.12225088395 
0.469513 0.09808049578 0.11792302585 
0.470070 0.10787458557 0.11928642255 
0.470627 0.09029761591 0.12470116010 
0.471184 0.04122652688 0.12392485832 
0.471741 0.06401085658 0.12530319516 
0.472298 0.12917929498 0.12048353723 
0.472855 -0.05160154652 0.11971666994 
0.473412 0.00173021823 0.12080516317 
0.473969 0.26646703922 0.11998675672 
0.474526 0.01338418180 0.12004555418 
0.475083 0.20828337306 0.12281034519 
0.475640 0.10203871677 0.12193465819 
0.476196 -0.03147686319 0.12309464156 
0.476753 0.17754086383 0.12331155705 
0.477310 0.15170408479 0.11733802734 
0.477867 0.04402479784 0.12441377929 
0.478424 0.19644561717 0.12221417207 
0.478981 0.09413356027 0.12010254610 
0.479538 0.05877682821 0.12228473482 
0.480095 0.12630497165 0.11985204889 
0.480652 -0.07789122999 0.12396989969 
0.481209 0.05028377858 0.11589847922 
0.481766 0.17531120179 0.11356311303 
0.482323 0.04969744190 0.11916111603 
0.482880 0.05473432962 0.11855392996 
0.483437 0.01302512383 0.12071574836 
0.483994 0.08564663342 0.12392944805 
0.484550 0.20502920837 0.12142032236 
0.485107 0.13216276327 0.12101898371 
0.485664 0.04349652655 0.11931659354 
0.486221 0.04061125295 0.11864500632 
0.486778 0.14452584635 0.12085279724 
0.487335 0.17109670332 0.12256275362 
0.487892 0.15292558996 0.12220535802 
0.488449 0.09391580367 0.12431129589 
0.489006 0.01080251778 0.12011566056 
0.489563 0.14661623937 0.11930675462 
0.490120 0.27706665404 0.11672320196 
0.490677 0.00278666672 0.12217629995 
0.491233 0.06196438221 0.12241043335 
0.491790 0.08133877993 0.11854400104 
0.492347 -0.01076969703 0.12435522728 
0.492904 -0.00681336079 0.11921129562 
0.493461 0.13023517664 0.12121427316 
0.494018 -0.00475758740 0.12246456078 
0.494575 0.21051322066 0.12168177213 
0.495132 0.14041646383 0.12096762510 
0.495689 0.14394805002 0.11931835785 
0.496246 0.17250734583 0.12064411153 
0.496802 0.15316121565 0.12665401415 
0.497359 0.00647523656 0.11978104361 
0.497916 0.11198238008 0.12170257110 
0.498473 0.18358615150 0.12217974719 
0.499030 0.19612163004 0.12329145436 
0.499587 0.11288154027 0.12455880338 
0.500144 0.17928197203 0.12251884732 
0.500701 0.20637485320 0.11999419461 
0.501258 0.28787346365 0.12079618728 
0.501815 0.02049689641 0.11781198910 
0.502371 0.04457029367 0.12304177009 
0.502928 0.14841416914 0.12108277655 
0.503485 -0.08959349535 0.12370021143 
0.504042 0.06738683955 0.12210567754 
0.504599 0.11279687463 0.12569529716 
0.505156 0.22581471935 0.11790677781 
0.505713 0.06820697448 0.12231141392 
0.506270 0.01349443642 0.11884991979 
0.506826 0.20368399335 0.11686690261 
0.507383 0.04885391436 0.11980333376 
0.507940 0.21648793025 0.11732610333 
0.508497 0.23323715003 0.12362841312 
0.509054 0.16206394281 0.12339452396 
0.509611 0.04678871960 0.11992900493 
0.510168 0.12092051108 0.12454245499 
0.510725 0.07229075444 0.12259461815 
0.511281 0.08111973994 0.12724169589 
0.511838 -0.01024907610 0.12063291740 
0.512395 -0.03082467174 0.12377012709 
0.512952 0.13045121320 0.12347292674 
0.513509 0.20749456202 0.12822254315 
0.514066 -0.00581608272 0.11907665094 
0.514623 0.00617796480 0.12501146441 
0.515179 0.12723040116 0.12682549420 
0.515736 0.21469812779 0.12731942168 
0.516293 0.28849727517 0.13147617090 
0.516850 0.21046031381 0.12992278011 
0.517407 0.10709033973 0.12738406292 
0.517964 0.15441927765 0.13096204303 
0.518521 -0.00642166104 0.13522613419 
0.519077 0.09302999820 0.13368057058 
0.519634 0.01997448508 0.12849395298 
0.520191 0.11780418940 0.12832300386 
0.520748 0.07238931980 0.13477649843 
0.521305 0.09983097783 0.12810119703 
0.521862 0.17610458414 0.13362505995 
0.522418 0.09045594893 0.13324001327 
0.522975 0.06298821459 0.13367898813 
0.523532 0.00461694879 0.13352658054 
0.524089 0.06608158785 0.13949289063 
0.524646 0.23373062150 0.13579515072 
0.525203 0.04070953086 0.13518010656 
0.525759 0.03969180244 0.13365264303 
0.526316 0.13927762445 0.13988340914 
0.526873 -0.04410199942 0.14572338513 
0.527430 -0.03150028071 0.14173953268 
0.527987 0.28323330312 0.13516929875 
0.528544 0.07025483073 0.14318652856 
0.529100 0.08211273815 0.14624353804 
0.529657 0.19577820685 0.13743423794 
0.530214 0.14750459827 0.14562144600 
0.530771 0.14053553885 0.15072819614 
0.531328 0.01834855821 0.15168957479 
0.531884 -0.00061667091 0.14720241784 
0.532441 0.28549470007 0.14702169679 
0.532998 0.11518691773 0.15058084166 
0.533555 0.14693190063 0.14657052557 
0.534112 0.08556754781 0.14990950148 
0.534669 0.01787351298 0.15615028937 
0.535225 0.08231142892 0.15622839126 
0.535782 0.10407763637 0.15967186835 
0.536339 -0.16562653079 0.15782121177 
0.536896 0.07906972592 0.16304614790 
0.537453 0.04730455134 0.16184595593 
0.538009 0.09045372379 0.16119138872 
0.538566 0.06932957412 0.17159879691 
0.539123 0.04049206535 0.17235303486 
0.539680 -0.01199303779 0.17244043782 
0.540237 -0.00042379271 0.18025685843 
0.540793 -0.00646699042 0.19093544720 
0.541350 0.28752460063 0.20885184512 
0.541907 0.09783741225 0.22269125148 
0.542464 -0.15395337757 0.27203843590 
0.543021 -0.16264837400 0.41930593090 
