0.011985 143.13416698025 0.00000000000 
0.012543 156.05181643905 9.96554588678 
0.013100 156.31741951941 12.93665698240 
0.013658 146.09777193122 9.83764690699 
0.014215 147.15083473195 9.49557737628 
0.014772 142.33906918961 6.94048147790 
0.015330 141.83343495192 5.41191601205 
0.015887 137.27474601750 5.41905985823 
0.016445 131.78599531252 3.92032408027 
0.017002 127.27135577882 3.95578424039 
0.017560 126.51175192083 3.57464508879 
0.018117 122.55484339523 2.83640369230 
0.018675 119.31839271875 2.22017523499 
0.019232 114.27929444162 2.53237392699 
0.019789 112.41645730909 2.19930608299 
0.020347 108.31693463517 2.18158217888 
0.020904 103.48631614964 1.75032559081 
0.021462 99.49413622181 1.74978100157 
0.022019 97.16458429529 1.57180255314 
0.022577 95.20922320497 1.39484952656 
0.023134 91.67348681362 1.29045817501 
0.023692 87.39102236524 1.37160920920 
0.024249 85.17299664154 1.12959797780 
0.024807 81.71622257517 1.22130189093 
0.025364 78.81232426797 1.05783235857 
0.025921 76.00295073640 1.00230636549 
0.026479 73.58317560331 0.85377535191 
0.027036 69.00605528704 0.86090566778 
0.027594 66.71538148486 0.80264164577 
0.028151 64.78531492461 0.72410900254 
0.028709 61.28156252135 0.71283771998 
0.029266 58.86264694989 0.72357928114 
0.029824 56.93148116176 0.63083974266 
0.030381 53.60161998497 0.63652509189 
0.030938 51.71938776226 0.60153227108 
0.031496 50.24544593346 0.59036227035 
0.032053 47.20822213588 0.56867206557 
0.032611 44.72001876385 0.52790579252 
0.033168 42.85055805795 0.54727894849 
0.033726 41.13185953503 0.51304058791 
0.034283 39.50026070684 0.50820434718 
0.034841 37.39019867259 0.48757824332 
0.035398 35.29483224312 0.46926017093 
0.035955 33.63757247489 0.47656414850 
0.036513 31.98503809664 0.45815964008 
0.037070 30.51789766366 0.43462991242 
0.037628 30.02475599471 0.40707236963 
0.038185 28.10048744651 0.41108406934 
0.038743 27.27534899207 0.41675053809 
0.039300 25.04573342858 0.41335589534 
0.039858 24.01474636767 0.41294830522 
0.040415 23.20499856329 0.38506380536 
0.040973 21.77372521086 0.38463308270 
0.041530 21.19406654376 0.36092247892 
0.042087 19.77666834172 0.34375985071 
0.042645 19.29093814255 0.35265026948 
0.043202 18.44009925720 0.33413973363 
0.043760 17.43196595272 0.32803613087 
0.044317 16.67387595301 0.32732010473 
0.044875 15.80485295121 0.31824808115 
0.045432 14.69814126269 0.32469015648 
0.045990 14.56082795235 0.29411199242 
0.046547 14.12758636248 0.32363994517 
0.047104 13.04014817692 0.30701762532 
0.047662 12.75441149053 0.29127320750 
0.048219 12.34434539778 0.27945703996 
0.048777 12.07656890229 0.30451367386 
0.049334 11.63805307695 0.27901722986 
0.049892 11.24744462323 0.28487242531 
0.050449 11.07361769899 0.27989658167 
0.051007 10.42293553279 0.27569287105 
0.051564 10.05675605201 0.28182013378 
0.052121 10.01411565181 0.25334247519 
0.052679 9.94817761951 0.26281596477 
0.053236 9.49773214633 0.26717340455 
0.053794 9.28540026154 0.25969688527 
0.054351 9.22914053049 0.25684653506 
0.054909 9.08736569128 0.25994624590 
0.055466 8.80989861739 0.24157403968 
0.056024 8.38633513843 0.24911369051 
0.056581 8.04870645885 0.24430851495 
0.057138 8.12633412527 0.23753202790 
0.057696 7.84798069009 0.23768351013 
0.058253 7.46494348595 0.23517828404 
0.058811 7.55530223419 0.23890307516 
0.059368 7.34940692988 0.23923720739 
0.059926 7.36720116451 0.21839364394 
0.060483 7.38573131111 0.24228892018 
0.061041 7.19470628893 0.24023405951 
0.061598 6.90377923551 0.23129885727 
0.062155 6.84021198537 0.22752087045 
0.062713 6.57384486163 0.21832437695 
0.063270 6.72602616960 0.21994623690 
0.063828 6.61481836423 0.22521196014 
0.064385 6.58499996161 0.21682698837 
0.064943 6.30468340797 0.21592899562 
0.065500 6.11668498302 0.21652079863 
0.066057 6.02306154382 0.21087323127 
0.066615 5.96910765073 0.21601273329 
0.067172 5.56772493276 0.21189606931 
0.067730 5.52937983269 0.21922153798 
0.068287 5.68326740992 0.20286272119 
0.068845 5.23611858025 0.20212871909 
0.069402 5.48172300914 0.20205128048 
0.069960 5.30062121817 0.20151153612 
0.070517 5.23195180115 0.19671960532 
0.071074 5.06283468285 0.20011130822 
0.071632 4.94851379023 0.20164963057 
0.072189 4.82272200665 0.19444369620 
0.072747 4.56694622428 0.19433150447 
0.073304 4.54007414288 0.19263053413 
0.073862 4.30512115241 0.18380265385 
0.074419 4.37350741398 0.18721706027 
0.074977 4.19335975166 0.18791088164 
0.075534 4.29213679167 0.18337625529 
0.076091 4.07280846347 0.18577968416 
0.076649 3.97804572814 0.18693594287 
0.077206 4.00030825690 0.19467386807 
0.077764 3.82979282269 0.18597385609 
0.078321 3.74873772955 0.18243880127 
0.078879 3.67586496380 0.18111793562 
0.079436 3.64951870992 0.17678945338 
0.079993 3.34377687827 0.18197707086 
0.080551 3.19981662989 0.18058511192 
0.081108 2.93598486041 0.17441569141 
0.081666 2.86061777051 0.17860416777 
0.082223 2.96075322205 0.17743240356 
0.082781 2.69534818016 0.17581679623 
0.083338 2.84684838859 0.17401480639 
0.083895 2.63348565077 0.16890610556 
0.084453 2.56285205208 0.17242986701 
0.085010 2.32564126389 0.16762783131 
0.085568 2.27893462228 0.18001316185 
0.086125 2.33092171528 0.16173277545 
0.086683 2.34274347370 0.16532093151 
0.087240 1.99826856838 0.16289069375 
0.087798 2.03621181978 0.16107089775 
0.088355 2.13584885654 0.16180129010 
0.088912 2.03290189465 0.16515474326 
0.089470 1.78709052608 0.15900312450 
0.090027 1.87862582337 0.16041783286 
0.090585 1.84442471341 0.15971465690 
0.091142 1.66563998709 0.15839947691 
0.091700 1.72799458862 0.15974043995 
0.092257 1.49951454349 0.15350968813 
0.092814 1.59182614760 0.15838940353 
0.093372 1.48766125587 0.15449105389 
0.093929 1.49883375433 0.14944704541 
0.094487 1.31043006199 0.15598786451 
0.095044 1.36912819467 0.15328070825 
0.095602 1.16817386019 0.15614727571 
0.096159 1.48072081251 0.14997726569 
0.096716 1.30729877977 0.15580796123 
0.097274 1.28661990220 0.14967041617 
0.097831 0.97777421115 0.15151225613 
0.098389 1.17296743729 0.15073460661 
0.098946 1.03519884219 0.14551960559 
0.099504 1.19347256959 0.15193746956 
0.100061 1.07194605355 0.14993785365 
0.100618 1.12162449252 0.14704469610 
0.101176 1.03581142888 0.14680045783 
0.101733 1.32153057225 0.14618873365 
0.102291 1.17792919939 0.14571388842 
0.102848 0.92349010186 0.14483767172 
0.103406 0.84807130149 0.14806078783 
0.103963 1.10640678637 0.14664908211 
0.104520 0.98651824848 0.14560491894 
0.105078 0.86525461724 0.14338962147 
0.105635 0.83007497026 0.14237579632 
0.106193 0.93890982922 0.14238438893 
0.106750 0.72344021212 0.14292045671 
0.107308 0.91677854635 0.13917817613 
0.107865 0.89167604806 0.14105583507 
0.108422 0.78037875377 0.14142079437 
0.108980 0.78719795497 0.14083265183 
0.109537 0.85287188421 0.13719044315 
0.110095 0.80122315528 0.14001047793 
0.110652 0.79730327875 0.13828701142 
0.111210 0.84101135221 0.13917079378 
0.111767 0.84712470326 0.14261496782 
0.112324 0.95770442822 0.14033466118 
0.112882 0.84012102711 0.13941055137 
0.113439 0.79208435149 0.13652871112 
0.113997 0.89108721263 0.13559846003 
0.114554 0.68630415860 0.13845529898 
0.115111 0.89580480199 0.13902717485 
0.115669 0.72517065872 0.13401279188 
0.116226 0.76119971247 0.13289644224 
0.116784 0.80515227592 0.13312779946 
0.117341 0.69819373173 0.13726137065 
0.117899 0.67584001382 0.13480804502 
0.118456 0.79928190716 0.13148198982 
0.119013 0.62532445072 0.13233568316 
0.119571 0.72329207263 0.13057450666 
0.120128 0.77679888564 0.13124273506 
0.120686 0.55891719466 0.13134831018 
0.121243 0.68050041515 0.13101079675 
0.121800 0.69245302011 0.13184782005 
0.122358 0.61661859900 0.13203788363 
0.122915 0.70009868069 0.13045370316 
0.123473 0.71730728077 0.13059193577 
0.124030 0.48790160205 0.13124019293 
0.124588 0.65374596009 0.13067988528 
0.125145 0.63544929118 0.13167483532 
0.125702 0.68408846933 0.13043674366 
0.126260 0.74029491117 0.12840192561 
0.126817 0.59637682009 0.12686753535 
0.127375 0.62335241626 0.12726312737 
0.127932 0.59815573901 0.12826174650 
0.128489 0.56590607487 0.13079833161 
0.129047 0.49008185171 0.12555610686 
0.129604 0.58333452515 0.12532315927 
0.130162 0.52662261652 0.12458503909 
0.130719 0.49649252308 0.12243895497 
0.131277 0.63457788665 0.12746407951 
0.131834 0.37792631916 0.12335715116 
0.132391 0.51129330571 0.12924766768 
0.132949 0.56160286185 0.12939686153 
0.133506 0.56203233242 0.13024447670 
0.134064 0.52346746648 0.13521325305 
0.134621 0.52522099186 0.13114718324 
0.135178 0.46898666681 0.14068613259 
0.135736 0.65909086835 0.14329333877 
0.136293 0.27712872135 0.13909362364 
0.136851 0.46894673140 0.13299805693 
0.137408 0.53216198872 0.14343388758 
0.137965 0.55062753599 0.13936366371 
0.138523 0.42787990663 0.13768023196 
0.139080 0.48025868918 0.13576660410 
0.139638 0.39970064287 0.13861279177 
0.140195 0.46086854788 0.13398314475 
0.140752 0.41767304710 0.13539834285 
0.141310 0.41414397688 0.13983092031 
0.141867 0.48206382309 0.14292239952 
0.142425 0.37893180040 0.14025397720 
0.142982 0.57275035004 0.13653820397 
0.143540 0.46110034459 0.13307988385 
0.144097 0.18879959119 0.13474031127 
0.144654 0.36518075123 0.13473537892 
0.145212 0.39612147200 0.13219578933 
0.145769 0.39808060480 0.12757902974 
0.146327 0.30437491040 0.13361960237 
0.146884 0.29869043301 0.12975139006 
0.147441 0.32201634545 0.12766369580 
0.147999 0.33847986340 0.12872196133 
0.148556 0.30651648837 0.12151337890 
0.149114 0.40768222832 0.12329725318 
0.149671 0.38512073907 0.12607355337 
0.150228 0.25548497184 0.12057174931 
0.150786 0.26090390898 0.12414255569 
0.151343 0.28903970571 0.12643026571 
0.151901 0.18874481516 0.12325777094 
0.152458 0.22915422230 0.12450539181 
0.153015 0.39504950567 0.12302510009 
0.153573 0.23291444736 0.12167780626 
0.154130 0.31966474752 0.12209577647 
0.154688 0.20499061312 0.11794194315 
0.155245 0.33054140023 0.12433680236 
0.155802 0.13343571704 0.11972078195 
0.156360 0.23582184539 0.12215806555 
0.156917 0.25717722717 0.12173402208 
0.157475 0.16941658198 0.12071549184 
0.158032 0.22505182517 0.11590005989 
0.158589 0.07526303826 0.11904289302 
0.159147 0.16179896383 0.11922465361 
0.159704 0.40101889297 0.11911239574 
0.160261 0.29322087978 0.11893902437 
0.160819 0.16175974378 0.11567024117 
0.161376 0.39453505127 0.11609470990 
0.161934 0.17662438619 0.11781462350 
0.162491 0.21305459916 0.11402647805 
0.163048 0.11950626652 0.11724613550 
0.163606 0.20415284817 0.11535900735 
0.164163 0.20399653898 0.11458365854 
0.164721 0.12687358791 0.11463406696 
0.165278 0.15863450836 0.11421664841 
0.165835 0.17052828999 0.11165120507 
0.166393 0.01015725029 0.11266093849 
0.166950 0.24098909651 0.11482721945 
0.167508 0.20054567016 0.11458581376 
0.168065 0.04040068029 0.11446167657 
0.168622 0.16270195419 0.11123652238 
0.169180 0.09105596900 0.11126233748 
0.169737 -0.06823666757 0.11463915058 
0.170294 0.32141376379 0.11152977837 
0.170852 0.05823517518 0.11007225857 
0.171409 -0.07598313194 0.11087940135 
0.171967 0.22562479363 0.11186306945 
0.172524 -0.07521974327 0.10947303632 
0.173081 0.14250166463 0.10763235972 
0.173639 0.15837875411 0.11146669123 
0.174196 0.11943726589 0.11043730319 
0.174754 -0.05091413514 0.10814487853 
0.175311 0.19807561147 0.10775730376 
0.175868 0.11907463446 0.10587870973 
0.176426 0.14726772658 0.10820648330 
0.176983 0.03935269403 0.10827395040 
0.177540 0.01638755990 0.10930750559 
0.178098 -0.06445299884 0.11107390550 
0.178655 0.12474660544 0.10840814413 
0.179213 0.04374575314 0.10660907274 
0.179770 0.13158893045 0.10597279845 
0.180327 0.05417213420 0.10814953103 
0.180885 0.04696784994 0.10541577633 
0.181442 0.15525788889 0.10917496972 
0.181999 0.03924120068 0.10740313023 
0.182557 0.10764773640 0.10881277700 
0.183114 0.09633509724 0.10532429953 
0.183672 0.08462173750 0.10696483634 
0.184229 0.12426880348 0.10516461196 
0.184786 -0.01639509274 0.10603428009 
0.185344 0.18076054347 0.10634989179 
0.185901 0.10752678156 0.10614079491 
0.186458 0.16175011514 0.10344905236 
0.187016 0.11657531862 0.10243330123 
0.187573 0.14253702051 0.10790541871 
0.188131 0.05249436816 0.10629057538 
0.188688 0.03844993283 0.10695723111 
0.189245 0.17096202920 0.10609909553 
0.189803 -0.00767147401 0.10612232985 
0.190360 0.15782222253 0.10198349955 
0.190917 -0.03119258787 0.10362241749 
0.191475 0.15744044370 0.10725296154 
0.192032 0.05908298563 0.10377812438 
0.192590 0.04421556277 0.10195966863 
0.193147 0.15229088903 0.10743442475 
0.193704 0.18556686804 0.10395660242 
0.194262 0.13392867300 0.10572211746 
0.194819 0.13090498762 0.10462209611 
0.195376 0.06958478250 0.10312745446 
0.195934 0.10429014046 0.10312373318 
0.196491 0.05031286093 0.10291140658 
0.197048 0.05547445736 0.10440960407 
0.197606 -0.00812162557 0.10489108172 
0.198163 0.19065014789 0.10218884836 
0.198721 0.08300405870 0.10241084021 
0.199278 0.11053205953 0.10314557569 
0.199835 0.00795830701 0.10043544136 
0.200393 0.25177266371 0.10268266988 
0.200950 0.02963968970 0.09861772057 
0.201507 0.04164665439 0.10077574507 
0.202065 0.19016864885 0.10452576788 
0.202622 0.04007378284 0.10258008158 
0.203179 0.10382259327 0.10319766588 
0.203737 0.18690002643 0.10114717637 
0.204294 0.24740817605 0.09946064691 
0.204851 0.17139231760 0.10050393265 
0.205409 0.08409880311 0.10191152752 
0.205966 0.10906223498 0.10136874374 
0.206524 0.20768796613 0.10239680493 
0.207081 0.09004885164 0.09784626487 
0.207638 0.10817090904 0.09886203233 
0.208196 0.09301309666 0.09866717838 
0.208753 0.09859747484 0.09756104105 
0.209310 0.16337029427 0.10086926053 
0.209868 0.08763794030 0.09789283497 
0.210425 0.15231109951 0.09567482199 
0.210982 0.02013809511 0.09623830725 
0.211540 0.14932775465 0.09822455491 
0.212097 0.12790927292 0.09465165663 
0.212654 0.10484958913 0.09552415666 
0.213212 0.13278455921 0.09767600194 
0.213769 0.17657455369 0.09632120465 
0.214326 -0.00029876824 0.09649133211 
0.214884 0.17758929920 0.09840213808 
0.215441 0.12235628327 0.09531493088 
0.215999 0.09194910181 0.09611792308 
0.216556 0.17965963223 0.09677014396 
0.217113 0.22069886287 0.09905295515 
0.217671 0.10445176380 0.09695817597 
0.218228 0.07078901232 0.09608554967 
0.218785 0.00472960517 0.09577478582 
0.219343 0.04330667667 0.09615413243 
0.219900 0.05751426472 0.09533831992 
0.220457 0.15282724499 0.09586346580 
0.221015 0.14031602813 0.09662453901 
0.221572 0.16863438871 0.09482118751 
0.222129 0.08805309769 0.09446023667 
0.222687 0.00949856042 0.09536283293 
0.223244 0.13020872028 0.09321722520 
0.223801 0.00911456575 0.09519603612 
0.224359 0.14654405955 0.09368763558 
0.224916 0.06946123566 0.09496414944 
0.225473 0.14446453887 0.09396013402 
0.226031 0.20491476347 0.09597079877 
0.226588 0.07235609585 0.09472471642 
0.227145 0.18406317894 0.09351810810 
0.227703 0.06353715996 0.09343576869 
0.228260 0.16295407877 0.09338479656 
0.228817 0.03906807629 0.09353741422 
0.229375 0.21434576547 0.09143259247 
0.229932 0.21328466040 0.09383586875 
0.230489 0.09980233856 0.09154954449 
0.231047 0.10344639029 0.09214733262 
0.231604 0.20072222893 0.09155086868 
0.232161 0.23171033188 0.09416310185 
0.232719 0.12111539805 0.09104460527 
0.233276 0.09248693446 0.09289843041 
0.233833 0.13893445876 0.09393917337 
0.234391 0.10857520063 0.09098197032 
0.234948 0.18741609937 0.09091224001 
0.235505 0.06518303603 0.09249763665 
0.236063 0.25114719591 0.09121378618 
0.236620 0.07119926464 0.09132165902 
0.237177 0.13266160054 0.09316441239 
0.237735 0.20947270712 0.08958482103 
0.238292 0.14983151854 0.09094183264 
0.238849 0.13361110951 0.09001424211 
0.239407 0.21694802609 0.09049325839 
0.239964 0.24688456227 0.09079376917 
0.240521 0.07623671300 0.08958508526 
0.241079 0.16745934096 0.09190153601 
0.241636 0.04429040780 0.08954839148 
0.242193 0.01393970193 0.09092796005 
0.242750 0.17491524765 0.08983914011 
0.243308 0.10396804311 0.08925337579 
0.243865 0.17872926368 0.09038888054 
0.244422 0.12719589679 0.09282908785 
0.244980 0.15282748448 0.08959432850 
0.245537 0.14135117965 0.09019526630 
0.246094 0.06511781982 0.09234673971 
0.246652 0.07635545324 0.08870770610 
0.247209 0.15970351949 0.08749902860 
0.247766 0.19505024894 0.08978805685 
0.248324 0.14444069565 0.08940885659 
0.248881 0.14400769286 0.08898386151 
0.249438 0.14891548563 0.08809355422 
0.249996 0.21625629670 0.08868585726 
0.250553 0.17084067763 0.09012755199 
0.251110 0.09294171852 0.08638010645 
0.251667 0.10268670221 0.08591472479 
0.252225 0.11519403726 0.08788693499 
0.252782 0.07947589450 0.08829120247 
0.253339 0.13668566496 0.08652054151 
0.253897 0.27344738922 0.08692176079 
0.254454 0.00510220082 0.08753251031 
0.255011 0.04110548158 0.08644075188 
0.255569 0.20105631879 0.08728011680 
0.256126 0.19698279896 0.08760620559 
0.256683 0.16563370907 0.08584987066 
0.257241 0.02509460803 0.08656801848 
0.257798 0.17275140573 0.08768862737 
0.258355 0.20085403422 0.08682730180 
0.258912 0.19315568080 0.08512764071 
0.259470 0.05488400855 0.08604976086 
0.260027 0.09033403759 0.08834782807 
0.260584 0.08020510721 0.08497612395 
0.261142 0.07845163994 0.08618427864 
0.261699 0.01237472757 0.08532955059 
0.262256 0.20573266023 0.08635441435 
0.262814 0.07057938674 0.08657618468 
0.263371 0.16523336575 0.08527073791 
0.263928 0.07528720647 0.08686514696 
0.264485 0.12587046258 0.08593906964 
0.265043 0.06313182059 0.08525878562 
0.265600 0.18275358667 0.08672638133 
0.266157 0.10126490194 0.08493085437 
0.266715 -0.05466926407 0.08566348600 
0.267272 0.03020214070 0.08669390586 
0.267829 0.06646637064 0.08562683109 
0.268386 0.19501363833 0.08552921272 
0.268944 0.10414645748 0.08446777148 
0.269501 0.08440830051 0.08391877292 
0.270058 0.14024574395 0.08360799588 
0.270616 0.11637098650 0.08428966815 
0.271173 0.01349147059 0.08385132926 
0.271730 0.09647339413 0.08595051023 
0.272287 0.07649587216 0.08759924367 
0.272845 0.20107997358 0.08811049616 
0.273402 0.16668160215 0.08858760665 
0.273959 0.05907742372 0.08659874595 
0.274517 0.06579487759 0.08765876298 
0.275074 0.02159784937 0.08703687940 
0.275631 0.06254939652 0.09021281414 
0.276188 0.11985039227 0.08851546834 
0.276746 0.17431011399 0.09094700576 
0.277303 0.01665930843 0.09188035251 
0.277860 0.23401786138 0.09061554713 
0.278418 -0.01172630669 0.09086583841 
0.278975 0.01022908295 0.09148884478 
0.279532 0.02840085771 0.08877345191 
0.280089 0.07952213119 0.09024057043 
0.280647 0.10982462085 0.09205187095 
0.281204 0.16862823310 0.08891537915 
0.281761 0.10840541417 0.09090821619 
0.282318 0.12606939895 0.08924859786 
0.282876 0.08567874556 0.08739896747 
0.283433 0.15318026794 0.08982083271 
0.283990 0.10812026790 0.08662434628 
0.284548 0.04522344700 0.08647191461 
0.285105 0.16694225721 0.08527457490 
0.285662 0.03888566473 0.08472685447 
0.286219 0.10534859100 0.08583585495 
0.286777 0.14796415939 0.08515081950 
0.287334 0.08117704789 0.08704434224 
0.287891 0.13015197036 0.08449581569 
0.288448 0.11015102570 0.08423919240 
0.289006 0.02489631378 0.08740185908 
0.289563 0.11749481914 0.08423776390 
0.290120 0.07314796352 0.08463664514 
0.290677 0.03683705645 0.08527464005 
0.291235 0.12630166565 0.08381614488 
0.291792 0.18153865535 0.08596972097 
0.292349 0.05127697503 0.08499399098 
0.292906 0.03218611292 0.08570276840 
0.293464 0.09147465062 0.08619028950 
0.294021 0.08149093888 0.08553780880 
0.294578 0.13424196246 0.08634747246 
0.295136 0.12972422214 0.08580258563 
0.295693 0.08566756179 0.08538752762 
0.296250 0.10161067463 0.08580399898 
0.296807 0.06821183601 0.08494279029 
0.297365 0.04968023432 0.08729382451 
0.297922 0.04503006486 0.08694585914 
0.298479 0.04959221330 0.08555335110 
0.299036 0.09651344008 0.08491705813 
0.299594 0.02670920991 0.08615409351 
0.300151 -0.05453266123 0.08659888725 
0.300708 0.27148101766 0.08580305472 
0.301265 0.03913357024 0.08472228440 
0.301823 0.02695811017 0.08581319757 
0.302380 0.01558606537 0.08660163916 
0.302937 0.06681211608 0.08366482403 
0.303494 0.00145448950 0.08567229905 
0.304052 0.04053438407 0.08445542924 
0.304609 0.10028879384 0.08648809946 
0.305166 0.11421648408 0.08737501897 
0.305723 0.04368411220 0.08539994415 
0.306280 0.03364174280 0.08625886477 
0.306838 -0.01072838478 0.08627568415 
0.307395 0.13363661181 0.08475238720 
0.307952 0.20663408816 0.08719010413 
0.308509 0.02389172464 0.08523904104 
0.309067 0.07452549905 0.08747064450 
0.309624 0.10497451210 0.08498691342 
0.310181 0.15771583673 0.08764123239 
0.310738 0.07719095395 0.08535950722 
0.311296 0.14513471186 0.08490162522 
0.311853 0.00311515670 0.08584813012 
0.312410 0.02352969223 0.08751735023 
0.312967 0.11055389367 0.08738072079 
0.313525 -0.02235958184 0.08801390499 
0.314082 0.09883180152 0.08682065343 
0.314639 0.04310190418 0.08523435269 
0.315196 0.07835269889 0.08692060835 
0.315753 0.09733424057 0.08670295865 
0.316311 0.07541165318 0.08640933667 
0.316868 -0.01907954942 0.08699091638 
0.317425 0.19128781185 0.08693223069 
0.317982 -0.00644253286 0.08669525994 
0.318540 0.08757212201 0.08393141362 
0.319097 0.05971918694 0.08517889800 
0.319654 0.10520876783 0.08711844004 
0.320211 0.10042895576 0.08738436216 
0.320768 0.16500477418 0.08674754470 
0.321326 0.00727001564 0.08633137056 
0.321883 0.12728063386 0.08756123189 
0.322440 0.08535285270 0.08615584749 
0.322997 0.16141963607 0.08644635850 
0.323555 0.21539951506 0.08659778751 
0.324112 0.15561275580 0.08482585596 
0.324669 0.09843655106 0.08570975799 
0.325226 0.17329941057 0.08773669256 
0.325783 0.04927245097 0.08703797857 
0.326341 0.15322183888 0.08725631428 
0.326898 0.08639811045 0.08707827145 
0.327455 0.20629596254 0.08793195653 
0.328012 0.15487396438 0.08741048166 
0.328569 0.04356578675 0.08699775643 
0.329127 0.10643499143 0.08764453996 
0.329684 0.13330401545 0.08961842798 
0.330241 0.05195371795 0.08871680547 
0.330798 0.15761107904 0.08743298881 
0.331355 0.14686441871 0.08842141735 
0.331913 0.00633376801 0.09018815167 
0.332470 0.15279216393 0.08997173714 
0.333027 0.16642933627 0.08801518517 
0.333584 0.12335705103 0.09128868188 
0.334141 -0.00215912051 0.08980489117 
0.334699 0.18170728364 0.08976159056 
0.335256 0.19661557634 0.09072500137 
0.335813 0.05349027152 0.08995861849 
0.336370 0.00056435189 0.09071598801 
0.336927 0.02092478793 0.09158663317 
0.337485 0.11789925083 0.09110922818 
0.338042 0.00262413753 0.09205341086 
0.338599 0.15770931619 0.09302925898 
0.339156 0.16170989425 0.09190196119 
0.339713 0.09915614890 0.09244585961 
0.340271 -0.05601950402 0.09380327408 
0.340828 0.04913342717 0.09309170016 
0.341385 0.04894702697 0.09289733737 
0.341942 0.09486730963 0.09525550696 
0.342499 0.03241849197 0.09412972296 
0.343057 0.12046230172 0.09454520162 
0.343614 0.14133738846 0.09403157947 
0.344171 0.10290346874 0.09466923910 
0.344728 0.09180927124 0.09463179142 
0.345285 0.07129125209 0.09437030609 
0.345842 -0.01090776782 0.09535331786 
0.346400 0.13267579766 0.09289156549 
0.346957 0.00855989641 0.09585975111 
0.347514 0.06985557513 0.09824388382 
0.348071 0.12498641951 0.09775977090 
0.348628 0.16881070992 0.09621546549 
0.349186 0.10241101529 0.09601474135 
0.349743 0.21887804845 0.09678265534 
0.350300 0.06765455718 0.09449700683 
0.350857 0.05851505151 0.09690758388 
0.351414 0.06346133377 0.09612969302 
0.351971 0.04567315172 0.09731124981 
0.352529 0.20765252644 0.09998726033 
0.353086 0.23215011205 0.10192814122 
0.353643 0.18403570791 0.10178833210 
0.354200 0.26990147792 0.10213390595 
0.354757 0.02869603148 0.09988392434 
0.355314 0.17349218289 0.10319428587 
0.355872 -0.00652982074 0.10167775063 
0.356429 0.10925720625 0.10359615357 
0.356986 0.13502407078 0.10282900268 
0.357543 0.03779413956 0.10241690974 
0.358100 0.17186598960 0.10334039481 
0.358657 0.24136476063 0.10364576131 
0.359215 0.19873338197 0.10312803538 
0.359772 0.17017440772 0.10440101802 
0.360329 0.03478909690 0.10309834466 
0.360886 0.05402884765 0.10225321830 
0.361443 0.08099690425 0.10421834287 
0.362000 0.05276981453 0.10425130455 
0.362558 0.02865419860 0.10231663883 
0.363115 0.03658147972 0.10127734087 
0.363672 0.05639101441 0.10503851476 
0.364229 0.04437525631 0.10347708428 
0.364786 0.05225010046 0.10267244179 
0.365343 0.01256817366 0.10126851481 
0.365900 0.12512494300 0.10190091724 
0.366458 0.20122787187 0.10126791383 
0.367015 0.07468954864 0.10060572146 
0.367572 0.14990745568 0.10060976381 
0.368129 0.12450346775 0.10061660113 
0.368686 0.07365060362 0.09961970129 
0.369243 0.08556275206 0.10168847145 
0.369801 0.02420869052 0.10013777495 
0.370358 0.05491332986 0.09960402346 
0.370915 0.27781991920 0.10162438606 
0.371472 -0.01837395195 0.09969540206 
0.372029 0.16702717794 0.09966519145 
0.372586 0.11207623046 0.09707002929 
0.373143 0.19156748765 0.10018851840 
0.373700 0.09688799566 0.09737045966 
0.374258 0.18567821702 0.09799610872 
0.374815 0.18646263592 0.09813889447 
0.375372 0.17834908064 0.09704605877 
0.375929 0.05885784670 0.09598918719 
0.376486 0.11998257318 0.09620945337 
0.377043 0.11891090933 0.09788976093 
0.377600 0.16452071765 0.09466596544 
0.378158 0.02743290539 0.09283090876 
0.378715 0.05327677869 0.09696492244 
0.379272 0.12021204495 0.09606218141 
0.379829 0.11806874027 0.09252736430 
0.380386 0.14259357434 0.09421422142 
0.380943 0.03762446044 0.09497858416 
0.381500 0.17072836723 0.09499906531 
0.382057 0.13505965857 0.09387071184 
0.382615 0.08049193134 0.09347035685 
0.383172 0.08647490044 0.09261558178 
0.383729 0.17004483616 0.09179723067 
0.384286 0.00947151184 0.09151541902 
0.384843 0.13390242071 0.09268613646 
0.385400 0.13970546065 0.09209685560 
0.385957 0.05686388280 0.09436166747 
0.386514 0.10499334707 0.09174738611 
0.387072 0.07641333877 0.09292493485 
0.387629 0.07297524078 0.09207970144 
0.388186 0.05438535975 0.08974790630 
0.388743 0.17780253398 0.08970008628 
0.389300 0.14330547012 0.09060510541 
0.389857 0.14954539680 0.09075844627 
0.390414 0.05971284114 0.09050182850 
0.390971 0.04135999940 0.09237251258 
0.391528 0.16609531891 0.09076709922 
0.392086 0.19817939065 0.09007692494 
0.392643 0.09547659026 0.09217292056 
0.393200 0.08783049328 0.08837072155 
0.393757 0.08758299277 0.08891408752 
0.394314 0.11578550306 0.08927140152 
0.394871 0.08954361260 0.09064955558 
0.395428 0.11332439486 0.08973107469 
0.395985 0.10166432925 0.09203077069 
0.396542 0.13221400146 0.09097664164 
0.397099 0.13830471402 0.08786232067 
0.397657 0.08629057784 0.08662602272 
0.398214 0.10534511724 0.08886062238 
0.398771 0.04294419117 0.08841750817 
0.399328 0.08802645511 0.08956633535 
0.399885 0.05478754017 0.08825408205 
0.400442 0.15008743655 0.08878205428 
0.400999 -0.01497858955 0.08872783358 
0.401556 0.04688585454 0.09181609767 
0.402113 0.04159184365 0.09547470806 
0.402670 0.05687257087 0.09545319727 
0.403227 0.05188545217 0.09674563969 
0.403785 0.14444181293 0.09437322591 
0.404342 0.14322367575 0.10005660379 
0.404899 0.01926367449 0.09845019938 
0.405456 0.05436094727 0.09716559130 
0.406013 0.02294127496 0.09728412501 
0.406570 0.10281614665 0.10305703422 
0.407127 0.08699398778 0.10163837158 
0.407684 0.18081665378 0.10137994843 
0.408241 0.09714384379 0.10085786195 
0.408798 0.17924939325 0.10368039559 
0.409355 0.04978444155 0.10412645627 
0.409912 0.06582673170 0.10687929993 
0.410469 -0.00581445098 0.10533482093 
0.411027 0.09946491824 0.10952280451 
0.411584 0.04896439475 0.11282280217 
0.412141 0.23427910210 0.10866472553 
0.412698 0.04163565061 0.11107311347 
0.413255 0.15914232807 0.11084706758 
0.413812 0.05646120394 0.11367085258 
0.414369 0.18046348186 0.11261690095 
0.414926 -0.09877664621 0.11331725968 
0.415483 0.09446169615 0.11295852845 
0.416040 0.12330806781 0.11734653476 
0.416597 0.05850064852 0.11463211011 
0.417154 0.01385128643 0.11480300109 
0.417711 0.09357346972 0.11712845463 
0.418268 0.04409670589 0.11661326985 
0.418825 -0.01591582687 0.11801051834 
0.419382 0.13912206066 0.11445668800 
0.419940 0.11346580839 0.11906316824 
0.420497 0.13479560184 0.11806501121 
0.421054 0.06694335959 0.11605919882 
0.421611 0.14444908741 0.11484463820 
0.422168 0.04528668273 0.10848601251 
0.422725 0.04162935556 0.11430141605 
0.423282 0.09943528574 0.11515821559 
0.423839 0.04892214742 0.11492539766 
0.424396 0.01089446274 0.11348988947 
0.424953 0.13718104345 0.11133032838 
0.425510 0.17189073135 0.11470380329 
0.426067 -0.00273472742 0.12030976917 
0.426624 0.04668810827 0.11744092888 
0.427181 0.03137481465 0.11498553072 
0.427738 0.10129292359 0.11460518359 
0.428295 -0.02706375228 0.11514304919 
0.428852 0.00372844259 0.11675296029 
0.429409 0.19222416508 0.11595834205 
0.429966 0.04085091039 0.11525558750 
0.430523 -0.03666412961 0.11613837524 
0.431080 0.11599682907 0.11800219367 
0.431637 0.00419782767 0.11638296165 
0.432194 0.12347539100 0.11713907141 
0.432752 0.00879504973 0.12223795155 
0.433309 -0.00490179282 0.11929029357 
0.433866 0.15509759372 0.11534807358 
0.434423 0.32848975960 0.11801142603 
0.434980 0.05169974468 0.11659526184 
0.435537 0.05833801670 0.11951339106 
0.436094 0.16999803641 0.12123037796 
0.436651 0.31001278922 0.11627338775 
0.437208 0.19371761761 0.12030495369 
0.437765 0.28036832789 0.12219950250 
0.438322 0.01618996473 0.12135715521 
0.438879 0.04417976301 0.12149623983 
0.439436 0.23493244925 0.12048157573 
0.439993 0.07836786935 0.12174176095 
0.440550 0.09255148711 0.12077640526 
0.441107 0.03055155986 0.12129963191 
0.441664 0.02003647237 0.12359938738 
0.442221 -0.01519148857 0.12160370452 
0.442778 0.12427277098 0.12658387225 
0.443335 0.05413311559 0.12078500163 
0.443892 0.00501709706 0.11978175307 
0.444449 0.14845286503 0.12633310255 
0.445006 0.24734130111 0.12525177342 
0.445563 0.01727115923 0.12472564959 
0.446120 0.08520110488 0.12595172701 
0.446677 0.19037733866 0.12641750476 
0.447234 0.12865270015 0.12364902762 
0.447791 0.10718504457 0.12168752084 
0.448348 0.12894742306 0.12361961806 
0.448905 0.12041025923 0.12093262855 
0.449462 0.13398579232 0.12573865391 
0.450019 0.10169650193 0.12739237697 
0.450576 0.09899600597 0.12464159059 
0.451133 0.01371734512 0.12803829893 
0.451690 0.33717923496 0.12533927119 
0.452247 0.20807162038 0.12264812842 
0.452804 0.00618607025 0.12283203887 
0.453361 0.06784432076 0.12046618083 
0.453918 -0.00026112453 0.12061579357 
0.454475 0.03264729474 0.12042916308 
0.455032 -0.04423621694 0.12425271899 
0.455589 0.15693577911 0.12299823051 
0.456146 0.05736273331 0.12491546905 
0.456703 0.06046444350 0.12624773694 
0.457260 0.06009356725 0.12514522783 
0.457817 0.18381831150 0.12087882214 
0.458374 0.29787599145 0.12168126175 
0.458931 0.25736383877 0.12142771500 
0.459488 0.26301080727 0.12190908979 
0.460045 0.15615161493 0.12556910987 
0.460602 0.07327236104 0.12309472396 
0.461159 0.25282404771 0.12319693296 
0.461716 0.08808707660 0.12241763225 
0.462273 0.15652476131 0.11915371725 
0.462830 0.18943940824 0.12735676598 
0.463387 0.10605283621 0.12642713314 
0.463943 0.00945165368 0.12430386051 
0.464500 -0.00136181172 0.12098329536 
0.465057 0.13592267750 0.12447720742 
0.465614 0.18911303856 0.12315332753 
0.466171 0.23362322454 0.12456815144 
0.466728 -0.02327138503 0.12279587127 
0.467285 0.24719049118 0.12662780691 
0.467842 0.13696240357 0.12318742156 
0.468399 0.29638231154 0.12420686482 
0.468956 0.06339667565 0.12001220547 
0.469513 0.06571531264 0.11965184627 
0.470070 0.08582738968 0.12285299961 
0.470627 0.08287004620 0.12070197300 
0.471184 0.09145220016 0.11572992740 
0.471741 0.11033668515 0.12266764579 
0.472298 0.07423681535 0.12444259791 
0.472855 0.18217953316 0.12163603700 
0.473412 0.15796501125 0.12043612665 
0.473969 0.13473895815 0.12280126937 
0.474526 0.21123537293 0.12230037077 
0.475083 0.08009558526 0.12077573584 
0.475640 0.03565759951 0.12439494968 
0.476196 0.01979890523 0.12338603285 
0.476753 0.20004951327 0.12577953161 
0.477310 -0.01536196918 0.12044371955 
0.477867 0.17441044346 0.12433389441 
0.478424 0.10645623144 0.12060563515 
0.478981 -0.16106152883 0.12292795497 
0.479538 0.05624189541 0.12117722635 
0.480095 0.31478878155 0.12345996542 
0.480652 0.03018363069 0.12116595201 
0.481209 0.37696320901 0.12294132641 
0.481766 0.18350782993 0.11297505205 
0.482323 0.04082802244 0.11919663521 
0.482880 0.06560843494 0.11652617177 
0.483437 0.16911765994 0.11936582916 
0.483994 0.21770892039 0.12195622674 
0.484550 0.19327232984 0.12005929710 
0.485107 -0.03829864149 0.11850904483 
0.485664 0.23764314706 0.11717779232 
0.486221 0.18655095197 0.12227262236 
0.486778 0.18285570032 0.12272717310 
0.487335 0.02767579832 0.12071983322 
0.487892 0.19846125587 0.12167393923 
0.488449 -0.09636731823 0.11995980276 
0.489006 0.12362990203 0.12291278872 
0.489563 0.11412017371 0.11669269327 
0.490120 0.11536875111 0.11880467419 
0.490677 0.10044377558 0.11759730723 
0.491233 0.09894725127 0.12304164598 
0.491790 0.11457547409 0.12361626451 
0.492347 0.20052841147 0.12099848746 
0.492904 0.20806778734 0.12148737949 
0.493461 0.12559025389 0.12160170148 
0.494018 0.23467759315 0.11750654488 
0.494575 -0.04356443771 0.12058115768 
0.495132 0.18445639007 0.12121001434 
0.495689 0.10123572304 0.12177727106 
0.496246 0.00896757650 0.12457918315 
0.496802 0.07405035180 0.12186309354 
0.497359 0.09141388253 0.11672809689 
0.497916 0.00129543553 0.12081575479 
0.498473 0.16815154274 0.11672023867 
0.499030 0.16064654224 0.12238232261 
0.499587 0.12161047362 0.12005192813 
0.500144 0.04636377330 0.12320451200 
0.500701 0.12053202030 0.12339958244 
0.501258 0.20693270207 0.12394036430 
0.501815 0.22043567994 0.12070782342 
0.502371 0.22840174603 0.11927567903 
0.502928 -0.05794173824 0.11946161474 
0.503485 0.19250827948 0.12214524022 
0.504042 0.12516929858 0.12144597858 
0.504599 0.07959354785 0.12256412673 
0.505156 0.11964412149 0.12151265901 
0.505713 0.16221860800 0.12017227046 
0.506270 -0.04966461388 0.12110741016 
0.506826 0.14723805333 0.11894515779 
0.507383 0.14332500619 0.12175369591 
0.507940 0.11456000501 0.12095988685 
0.508497 0.19813820096 0.12204690247 
0.509054 0.12715301831 0.12480333155 
0.509611 -0.11848172600 0.12227910042 
0.510168 0.06956829413 0.12095379134 
0.510725 0.05816637179 0.12357738994 
0.511281 0.15641754854 0.12482684137 
0.511838 0.05486317948 0.12436301866 
0.512395 0.29009538521 0.12494253258 
0.512952 0.10371773398 0.12598805855 
0.513509 0.13796950058 0.12608745326 
0.514066 0.04408101364 0.12583401280 
0.514623 0.10039814647 0.12556561659 
0.515179 -0.00516431694 0.13133697124 
0.515736 0.18008050116 0.12745987396 
0.516293 0.06840456474 0.13098332000 
0.516850 -0.04064254439 0.13014521130 
0.517407 0.01494072618 0.12593029113 
0.517964 -0.01134450685 0.12874503397 
0.518521 0.10459542886 0.12949706654 
0.519077 -0.08351687845 0.13098527041 
0.519634 0.11758099320 0.13243916535 
0.520191 0.13223846482 0.12876139962 
0.520748 0.00128097743 0.13649977071 
0.521305 0.13061717159 0.13086025499 
0.521862 0.12997869712 0.13158929835 
0.522418 0.07939252414 0.13658324733 
0.522975 0.05833790875 0.13822308018 
0.523532 -0.02827633465 0.13699425604 
0.524089 0.17288719251 0.13641209116 
0.524646 -0.04049367222 0.13903532944 
0.525203 0.15098429918 0.13534095611 
0.525759 -0.01588139511 0.13934293919 
0.526316 0.05926952952 0.13698010457 
0.526873 -0.01498012174 0.13971436825 
0.527430 0.03257279506 0.13777084172 
0.527987 0.15721253023 0.14051968213 
0.528544 0.25651121925 0.14581269200 
0.529100 0.17104572616 0.14646547113 
0.529657 0.05126642015 0.14630606935 
0.530214 0.11169980707 0.15122858242 
0.530771 0.19836657732 0.14642010103 
0.531328 0.01159476976 0.15227051955 
0.531884 0.19741038616 0.14601330813 
0.532441 0.15428118646 0.15017049794 
0.532998 0.04503339021 0.15625681709 
0.533555 0.17615250065 0.14824469870 
0.534112 0.15246101909 0.15052147192 
0.534669 0.00129419727 0.15656782476 
0.535225 0.29883371600 0.15757867828 
0.535782 0.07327738945 0.15601413165 
0.536339 0.17583330293 0.15711667359 
0.536896 0.11107709324 0.16158275899 
0.537453 0.13539182072 0.16219359709 
0.538009 0.17054411576 0.16634903121 
0.538566 0.07689185079 0.17786255937 
0.539123 0.19973104460 0.17709924069 
0.539680 0.24151742496 0.18532761381 
0.540237 0.00626221685 0.18302728787 
0.540793 0.03197835777 0.19120056548 
0.541350 0.15158314484 0.20674167592 
0.541907 0.02832561830 0.22538761105 
0.542464 -0.12760576459 0.27747855558 
0.543021 1.00357760210 0.41891107304 
