0.011985 127.84244859376 0.00000000000 
0.012543 166.35853251566 9.97584493729 
0.013100 150.17643389897 12.29894326724 
0.013658 149.08652594453 9.70737640803 
0.014215 144.07756896623 8.99247559208 
0.014772 142.65242761531 7.24938292614 
0.015330 138.12183693602 5.61650482944 
0.015887 135.02742492203 5.03379507394 
0.016445 131.50261730992 4.42413989600 
0.017002 130.08688477815 4.17280067699 
0.017560 124.75585019072 3.70375946782 
0.018117 121.74104384384 2.74675440692 
0.018675 118.39235804986 2.42300885429 
0.019232 113.95567954012 2.53550153688 
0.019789 109.93938537881 2.41163816734 
0.020347 108.88752165616 2.01461588624 
0.020904 105.37191935306 1.87000728395 
0.021462 101.17988040263 1.80329040840 
0.022019 96.72128803770 1.55223153267 
0.022577 95.79128170017 1.39863830782 
0.023134 91.40353044456 1.37950273399 
0.023692 88.51390111273 1.31481707192 
0.024249 84.79857931445 1.15557174870 
0.024807 81.85359640482 1.12948506908 
0.025364 78.71994574453 1.07190780094 
0.025921 75.52771812277 1.01089974017 
0.026479 72.83334498714 0.91366269138 
0.027036 68.76912947081 0.82913791657 
0.027594 65.70591519501 0.85784817855 
0.028151 64.23054462434 0.77118137940 
0.028709 60.78115989115 0.69213613327 
0.029266 59.11853071102 0.70361924217 
0.029824 55.97419081752 0.64396289534 
0.030381 54.08473579707 0.65554079947 
0.030938 51.64661643449 0.61383584140 
0.031496 49.73922593467 0.56082694700 
0.032053 47.34883910048 0.57984627767 
0.032611 44.71717829553 0.52932581266 
0.033168 43.12326217126 0.54336071962 
0.033726 41.48284264634 0.53592331499 
0.034283 39.13351967089 0.51119687471 
0.034841 36.99362846635 0.47809499403 
0.035398 35.32704349657 0.50015681918 
0.035955 33.39195543955 0.45589562599 
0.036513 31.84527871492 0.45080283155 
0.037070 30.93825992654 0.43343700762 
0.037628 29.79111153624 0.41758960287 
0.038185 27.73009712143 0.39711470198 
0.038743 26.89017872086 0.42213245175 
0.039300 25.46789494533 0.41311356469 
0.039858 24.37069167656 0.40832018938 
0.040415 23.22391419026 0.37703704873 
0.040973 22.03825744206 0.37333055484 
0.041530 21.16110288497 0.35854771028 
0.042087 20.28178088712 0.33871549886 
0.042645 19.35795681136 0.33964735150 
0.043202 18.43047638649 0.34186305882 
0.043760 17.27742133090 0.32508143067 
0.044317 16.85278981613 0.33356251079 
0.044875 16.23733431053 0.32597161595 
0.045432 15.41169306964 0.34489744140 
0.045990 14.98702601690 0.29408499512 
0.046547 14.31310913499 0.30809191216 
0.047104 13.72819568807 0.31802881961 
0.047662 13.18244858015 0.29652729501 
0.048219 12.40229706012 0.31011267491 
0.048777 12.38189621644 0.30030876686 
0.049334 11.71939111370 0.27561781800 
0.049892 11.46752205637 0.28480793171 
0.050449 10.90596319526 0.29506878119 
0.051007 10.68407844815 0.28321843635 
0.051564 10.87060672345 0.28827588511 
0.052121 9.95752769497 0.27103875758 
0.052679 9.71048750214 0.27097172082 
0.053236 9.91448736073 0.28013841290 
0.053794 8.96093025703 0.24714860298 
0.054351 9.09712580223 0.26460123513 
0.054909 8.82126767322 0.25125633077 
0.055466 8.43717691906 0.24144899219 
0.056024 8.46208493426 0.24623039093 
0.056581 8.28789335515 0.24585592847 
0.057138 8.23599031493 0.24505340136 
0.057696 8.01169071424 0.23512969820 
0.058253 7.60801894927 0.23575045669 
0.058811 7.74297893265 0.22993058938 
0.059368 7.43329392829 0.23298990071 
0.059926 7.13725734789 0.23063615839 
0.060483 7.01093414418 0.23243474532 
0.061041 6.99870369782 0.23306636118 
0.061598 7.06782814828 0.22726720140 
0.062155 6.86216928928 0.22951730549 
0.062713 7.03096069869 0.22075998960 
0.063270 6.69739409051 0.22259427833 
0.063828 6.52731288239 0.21725369791 
0.064385 6.50725253618 0.21540127461 
0.064943 6.00444641183 0.21820673329 
0.065500 6.09875824083 0.21742258106 
0.066057 5.87726751811 0.21464724326 
0.066615 5.92612851319 0.21375964058 
0.067172 5.76854153012 0.21175208168 
0.067730 5.83935812879 0.21685935716 
0.068287 5.71414860339 0.20688063794 
0.068845 5.76685572699 0.20104326874 
0.069402 5.40938582301 0.20403727723 
0.069960 5.10653525206 0.20038637721 
0.070517 5.31457161130 0.19569344754 
0.071074 5.06504856872 0.20272288989 
0.071632 4.79874637850 0.19917255345 
0.072189 5.02004740622 0.18791429087 
0.072747 4.89634794076 0.19616418938 
0.073304 4.56943352918 0.19297282405 
0.073862 4.50244157603 0.20125020465 
0.074419 4.62815615787 0.20081567316 
0.074977 4.43727067052 0.18971359314 
0.075534 4.10235079679 0.18914606289 
0.076091 4.03579494937 0.17570343289 
0.076649 4.06702970584 0.18870823189 
0.077206 3.89554117862 0.19079138291 
0.077764 3.72108348598 0.18268793243 
0.078321 3.53332988812 0.18995863478 
0.078879 3.79134081368 0.18188982575 
0.079436 3.35139337030 0.18093961624 
0.079993 3.41985172518 0.17440178591 
0.080551 3.25684609311 0.18224029122 
0.081108 3.23392413210 0.17541836810 
0.081666 2.98005011214 0.17454200994 
0.082223 2.96481868541 0.16855865865 
0.082781 3.01025673664 0.17029354475 
0.083338 2.77671301181 0.17858361957 
0.083895 2.43107718710 0.16807462571 
0.084453 2.65516213986 0.16499681834 
0.085010 2.28170192725 0.16783681738 
0.085568 2.26956599800 0.16789955655 
0.086125 2.30473059578 0.16281222484 
0.086683 2.14117385326 0.17276154219 
0.087240 2.01353827465 0.16333876432 
0.087798 1.97897696541 0.16267458450 
0.088355 1.96226821586 0.15983238539 
0.088912 1.98678167765 0.16574279076 
0.089470 1.88479303363 0.15753149045 
0.090027 1.70804171602 0.15887277425 
0.090585 1.69420224282 0.15689814631 
0.091142 1.69176523974 0.16041286513 
0.091700 1.67415766600 0.15131689998 
0.092257 1.41729340102 0.15174090704 
0.092814 1.49556611788 0.15980285192 
0.093372 1.40082512515 0.16148876105 
0.093929 1.56847329664 0.14987501272 
0.094487 1.66008359309 0.14932541054 
0.095044 1.29589447695 0.15482541646 
0.095602 1.36731196331 0.14826877826 
0.096159 1.52891505446 0.15265715851 
0.096716 1.32893832493 0.14614161261 
0.097274 1.16242605413 0.15050463664 
0.097831 1.20138770513 0.15083777446 
0.098389 1.12824417843 0.14823073625 
0.098946 1.11981459870 0.14728462174 
0.099504 1.21810287829 0.14525579657 
0.100061 1.27659587607 0.14830624481 
0.100618 1.04611696610 0.14574051873 
0.101176 0.98828244199 0.14904767373 
0.101733 1.02448687958 0.14355720411 
0.102291 1.07089790638 0.15238343905 
0.102848 0.88899837794 0.14612852692 
0.103406 1.03987884363 0.14705719322 
0.103963 0.97580724208 0.14822619203 
0.104520 0.82005849110 0.14251732816 
0.105078 0.99507178908 0.14314979155 
0.105635 1.19021688063 0.14564854827 
0.106193 0.81526496767 0.14434584454 
0.106750 0.92553329397 0.13960919354 
0.107308 0.95490718769 0.14015145963 
0.107865 0.88595687441 0.13900688170 
0.108422 0.82548676138 0.13906720703 
0.108980 0.79722235361 0.14255207628 
0.109537 0.96780222183 0.14188802506 
0.110095 0.92246383500 0.13675446834 
0.110652 0.91147382981 0.13894564027 
0.111210 0.96872111883 0.13909469693 
0.111767 0.84590236640 0.14118280485 
0.112324 0.78182341101 0.13231888620 
0.112882 0.72019980023 0.14172263081 
0.113439 0.83817942115 0.13399796517 
0.113997 0.65353099701 0.13138729638 
0.114554 0.71907993879 0.13356376923 
0.115111 0.77979087745 0.13194323602 
0.115669 0.72866828080 0.13326984667 
0.116226 0.81249621529 0.13337899371 
0.116784 0.90910641817 0.13559364590 
0.117341 0.96481388488 0.13219423109 
0.117899 0.66782876878 0.13552165741 
0.118456 0.78227199483 0.13127981747 
0.119013 0.67889067300 0.13430081180 
0.119571 0.79000894217 0.13264296149 
0.120128 0.72094367598 0.13484981283 
0.120686 0.73323826008 0.12846265908 
0.121243 0.68624430921 0.12868345058 
0.121800 0.75048155893 0.13584385191 
0.122358 0.62986234542 0.12892296750 
0.122915 0.54218687482 0.13239764084 
0.123473 0.69829116828 0.13159635670 
0.124030 0.55356620909 0.13164568915 
0.124588 0.79091895907 0.12650714524 
0.125145 0.49477498514 0.12898756652 
0.125702 0.62093254537 0.12864645892 
0.126260 0.57881026441 0.12712023269 
0.126817 0.77975278246 0.12623600736 
0.127375 0.53648975876 0.12975466303 
0.127932 0.57159263697 0.12810568530 
0.128489 0.54164356090 0.12928491090 
0.129047 0.54013888132 0.12452809443 
0.129604 0.52231045693 0.12607994416 
0.130162 0.50091174648 0.12457790776 
0.130719 0.57632567890 0.12695987855 
0.131277 0.53573532269 0.12707999116 
0.131834 0.53043934409 0.12468845564 
0.132391 0.45614003403 0.12749250426 
0.132949 0.44401542548 0.13353014600 
0.133506 0.56743862872 0.13102154010 
0.134064 0.51171061560 0.13169135069 
0.134621 0.39417223053 0.13602265929 
0.135178 0.33126328526 0.13934092571 
0.135736 0.43190975861 0.14130183174 
0.136293 0.41799708894 0.13636821914 
0.136851 0.49311950893 0.13781562714 
0.137408 0.46118900161 0.13868162200 
0.137965 0.45462428285 0.13703316060 
0.138523 0.49326911674 0.12911459946 
0.139080 0.47157267466 0.13883831864 
0.139638 0.49389989178 0.13729000359 
0.140195 0.40910987892 0.13927721488 
0.140752 0.52369728087 0.14085017735 
0.141310 0.57975488571 0.13555938724 
0.141867 0.34206777927 0.14034276040 
0.142425 0.26766769786 0.14035035687 
0.142982 0.20684869999 0.14169394239 
0.143540 0.40943937606 0.14386275135 
0.144097 0.30781111267 0.13403453058 
0.144654 0.35354903388 0.13335409636 
0.145212 0.26604427870 0.12978056457 
0.145769 0.38090141034 0.13106870540 
0.146327 0.42779243147 0.12796855730 
0.146884 0.34738347669 0.13273978765 
0.147441 0.23858679445 0.12800394940 
0.147999 0.42578911181 0.12443245981 
0.148556 0.34090789501 0.12288724066 
0.149114 0.32652703771 0.12499157354 
0.149671 0.18570803265 0.12722639082 
0.150228 0.30771499639 0.12477401732 
0.150786 0.26721357309 0.12466761047 
0.151343 0.09320022553 0.12654214700 
0.151901 0.08823577656 0.12151079169 
0.152458 0.25109635776 0.12303110560 
0.153015 0.33232088235 0.12283694501 
0.153573 0.25257941409 0.12199938638 
0.154130 0.12071091100 0.12391488834 
0.154688 0.17971507477 0.11917926197 
0.155245 0.18049581295 0.12132800947 
0.155802 0.24364044279 0.12077554977 
0.156360 0.22625794966 0.11898431829 
0.156917 0.20992204384 0.11929987256 
0.157475 0.10236890778 0.12126591670 
0.158032 0.10078280560 0.11899546246 
0.158589 0.34518350386 0.11873516158 
0.159147 0.26291694105 0.11740416161 
0.159704 0.24915067121 0.11542656526 
0.160261 0.05122045976 0.11878740379 
0.160819 0.09107936021 0.11785908386 
0.161376 0.14273828969 0.11522444402 
0.161934 0.16635821385 0.11850248804 
0.162491 0.18677215053 0.11625484228 
0.163048 0.23966422784 0.11922815787 
0.163606 0.15595904279 0.11755649634 
0.164163 0.07888370017 0.11702170176 
0.164721 0.11327951413 0.11371079033 
0.165278 0.09525499306 0.11423445834 
0.165835 0.10191929295 0.11168942597 
0.166393 0.12027392744 0.11315504293 
0.166950 0.11035246568 0.11494781258 
0.167508 0.13460634000 0.11454890668 
0.168065 0.02216596578 0.11511006165 
0.168622 0.08327539042 0.11124753300 
0.169180 0.07913101622 0.11285334424 
0.169737 -0.00121550014 0.11395787836 
0.170294 0.17588904697 0.11084692594 
0.170852 0.15639453799 0.11440072296 
0.171409 0.16378898819 0.11280814516 
0.171967 0.01106699307 0.11385951593 
0.172524 0.06654372488 0.10964341123 
0.173081 0.12821050511 0.11192164247 
0.173639 -0.07735441255 0.10884080632 
0.174196 0.03953048912 0.11097179247 
0.174754 0.11977409083 0.10807558869 
0.175311 -0.02970684275 0.10779553285 
0.175868 0.09298341627 0.11028726271 
0.176426 0.09617475998 0.11010156308 
0.176983 0.11312875208 0.11085649761 
0.177540 0.01376963028 0.10755307440 
0.178098 0.12864524405 0.10943190273 
0.178655 0.09013466836 0.10612651335 
0.179213 0.11757969550 0.10918410834 
0.179770 0.05516917605 0.10965576056 
0.180327 0.18045322173 0.10763597279 
0.180885 0.10830822653 0.10539471606 
0.181442 0.25734228790 0.10798699972 
0.181999 0.12558227270 0.10562108886 
0.182557 0.08561491806 0.10655915194 
0.183114 0.03533432188 0.10453354077 
0.183672 -0.01428959856 0.10889317647 
0.184229 -0.03086911604 0.10394810308 
0.184786 0.22093271858 0.10325757319 
0.185344 0.22441150541 0.10395754257 
0.185901 0.20342625711 0.10492194366 
0.186458 0.09800234113 0.10377832309 
0.187016 0.13136732466 0.10561146650 
0.187573 -0.00951252070 0.10609665961 
0.188131 -0.00243749692 0.10421115564 
0.188688 0.19001409871 0.10619554943 
0.189245 -0.10182361954 0.10724575343 
0.189803 -0.00707478744 0.10652367296 
0.190360 0.14076658611 0.10356387474 
0.190917 -0.01090914887 0.10603631509 
0.191475 0.22372411888 0.10600459865 
0.192032 0.13414983677 0.10369009102 
0.192590 0.09788507111 0.10235512823 
0.193147 -0.10338486781 0.10369099748 
0.193704 0.02351320509 0.10190206378 
0.194262 0.14958435410 0.10681581524 
0.194819 0.09940389100 0.10255077840 
0.195376 0.15554678517 0.10394589874 
0.195934 0.15139886401 0.10377005898 
0.196491 0.02936546055 0.10234610795 
0.197048 0.11884036356 0.09949017341 
0.197606 0.13202212189 0.10421875328 
0.198163 0.11966289911 0.10113987072 
0.198721 0.10466697335 0.10507491989 
0.199278 0.07705855343 0.10276771614 
0.199835 0.02653053107 0.10074409337 
0.200393 0.13421623888 0.10335604829 
0.200950 0.15901156938 0.10287728100 
0.201507 0.19171449785 0.10264938637 
0.202065 0.01218975379 0.10449943330 
0.202622 0.05198612039 0.10063292301 
0.203179 0.10901655923 0.10167908093 
0.203737 0.20095557143 0.10001515769 
0.204294 0.19856045894 0.09890572328 
0.204851 0.03179766630 0.10032168789 
0.205409 -0.01264218300 0.10001850994 
0.205966 0.15304700366 0.09925606923 
0.206524 0.05173184133 0.09993714257 
0.207081 0.03731242675 0.09724547502 
0.207638 0.08944237183 0.09760711440 
0.208196 0.18461768225 0.09780259428 
0.208753 0.12584115925 0.09723410365 
0.209310 0.07988321775 0.09881965294 
0.209868 0.13792052090 0.10093111690 
0.210425 0.02971057119 0.09725102477 
0.210982 0.19265667101 0.09958575242 
0.211540 0.17625489065 0.09610994437 
0.212097 0.00722638222 0.09926979881 
0.212654 -0.03981643242 0.09804002227 
0.213212 0.13496870650 0.09995828137 
0.213769 0.06373506168 0.09746886902 
0.214326 0.24418224420 0.09783877262 
0.214884 0.16301116354 0.09805026635 
0.215441 0.11174911212 0.09741947617 
0.215999 0.08759163010 0.09536581059 
0.216556 0.18199969047 0.09384622606 
0.217113 0.04660936537 0.09674774437 
0.217671 0.06489973872 0.09731449045 
0.218228 0.12246865200 0.09829048700 
0.218785 0.16482089942 0.09396126345 
0.219343 0.11664336564 0.09532099472 
0.219900 0.04142449229 0.09778517201 
0.220457 0.15282069578 0.09801470995 
0.221015 0.03893169622 0.09600861230 
0.221572 0.21533682459 0.09627743137 
0.222129 0.10670815209 0.09630127361 
0.222687 0.17383481951 0.09481614446 
0.223244 0.08156559243 0.09519220567 
0.223801 0.18050943378 0.09440076643 
0.224359 0.18046442549 0.09358621297 
0.224916 0.12751347566 0.09574438360 
0.225473 0.21145671029 0.09525795443 
0.226031 0.00228046638 0.09378664128 
0.226588 0.05540253332 0.09467760818 
0.227145 0.14657003532 0.09517783567 
0.227703 0.19893574537 0.09189200702 
0.228260 0.14557554010 0.09436894460 
0.228817 0.14067243838 0.09298465409 
0.229375 0.22526016058 0.09048171977 
0.229932 0.21968981035 0.09112299301 
0.230489 0.13571828987 0.09251146469 
0.231047 0.24125046285 0.09218173081 
0.231604 0.12456714078 0.09162463189 
0.232161 0.08799289862 0.09174837497 
0.232719 0.17072026535 0.09299019333 
0.233276 0.13913008473 0.09144723590 
0.233833 0.17102804135 0.09127002686 
0.234391 0.20137876458 0.09103272881 
0.234948 0.09909915644 0.08908342901 
0.235505 0.11115562803 0.09163574242 
0.236063 0.13898001379 0.08973549793 
0.236620 0.12240550457 0.08931825382 
0.237177 0.14366485894 0.09121673510 
0.237735 0.18034501954 0.09135124895 
0.238292 0.10455502612 0.09247541570 
0.238849 0.15984784883 0.08897608962 
0.239407 0.10231546510 0.08974064624 
0.239964 0.02649591706 0.09041451251 
0.240521 0.21524697194 0.09066915742 
0.241079 0.10632862612 0.08943429567 
0.241636 0.13138476935 0.08973273272 
0.242193 0.02785259287 0.08906810482 
0.242750 0.12092441493 0.08947794224 
0.243308 0.12583880544 0.09048663828 
0.243865 0.10561627489 0.09124736398 
0.244422 0.07140200557 0.09005667072 
0.244980 0.16313926828 0.08804188903 
0.245537 0.06597284463 0.09131965171 
0.246094 0.04852043927 0.09151343878 
0.246652 0.08225723579 0.08990642014 
0.247209 0.11007613711 0.08903047960 
0.247766 0.10993212375 0.08910275063 
0.248324 0.12190313443 0.08851000234 
0.248881 0.14963685341 0.08946879890 
0.249438 0.10070864112 0.08933631812 
0.249996 0.08327166240 0.08657784395 
0.250553 0.13856678599 0.08761287264 
0.251110 0.14845410889 0.08786076432 
0.251667 0.10945430598 0.08649506406 
0.252225 0.16163501895 0.08900945636 
0.252782 0.13207944696 0.08822071429 
0.253339 0.04876454391 0.08924716724 
0.253897 0.04236413034 0.08880852400 
0.254454 0.17831575197 0.08833825775 
0.255011 0.04046254455 0.08724779077 
0.255569 0.13282340756 0.08642893915 
0.256126 0.06591151951 0.08601879085 
0.256683 0.09324498796 0.08747383992 
0.257241 0.11734278267 0.08705430823 
0.257798 0.02414168705 0.08759197874 
0.258355 0.11485233847 0.08671235775 
0.258912 0.19059707440 0.08542518437 
0.259470 0.11993602858 0.08519660016 
0.260027 0.11244682267 0.08759695324 
0.260584 0.12189496486 0.08598755755 
0.261142 -0.02112455301 0.08583099383 
0.261699 0.04159614889 0.08564005333 
0.262256 0.04193687263 0.08416565343 
0.262814 0.08407313117 0.08679149919 
0.263371 0.06419444784 0.08705098755 
0.263928 0.04720562996 0.08587008904 
0.264485 -0.06011571476 0.08695975315 
0.265043 0.06853129610 0.08425239686 
0.265600 0.15438878053 0.08516776743 
0.266157 0.09363959668 0.08589099446 
0.266715 0.02408087294 0.08415398104 
0.267272 0.09076232744 0.08501905845 
0.267829 0.04021002743 0.08432152078 
0.268386 0.06530855958 0.08681982187 
0.268944 0.17521388497 0.08494685769 
0.269501 0.06572630603 0.08463155951 
0.270058 0.09377989988 0.08502128714 
0.270616 0.12669994882 0.08524519502 
0.271173 0.11880447330 0.08391588747 
0.271730 0.09051528990 0.08473378776 
0.272287 0.07487877693 0.08767826987 
0.272845 0.08127268043 0.08529123080 
0.273402 0.07245893441 0.08859836676 
0.273959 0.19344500494 0.08815660931 
0.274517 0.15231007794 0.08885016429 
0.275074 0.13296272505 0.09023281977 
0.275631 0.10758326819 0.08963482851 
0.276188 -0.04739894404 0.08919401512 
0.276746 0.10611911873 0.08935372691 
0.277303 0.01999031613 0.09029623477 
0.277860 -0.01598532798 0.09098432828 
0.278418 0.03245833949 0.08943305639 
0.278975 0.11618298395 0.09191907861 
0.279532 0.16385224565 0.09033091858 
0.280089 0.00725449560 0.09015221647 
0.280647 0.12721806039 0.09112563907 
0.281204 0.04786550672 0.09034483043 
0.281761 0.02555265792 0.09345564569 
0.282318 0.12391109675 0.09006955106 
0.282876 0.03965142877 0.08782289973 
0.283433 0.11700676558 0.08818448821 
0.283990 0.06487738216 0.08639439555 
0.284548 0.09301893744 0.08722277378 
0.285105 0.07490618008 0.08819082181 
0.285662 0.08171325682 0.08755225930 
0.286219 0.15440401032 0.08538511984 
0.286777 -0.09703909809 0.08631567586 
0.287334 0.05751695365 0.08803456067 
0.287891 0.06668427413 0.08611879578 
0.288448 -0.06227031348 0.08601103662 
0.289006 0.16025888739 0.08596415697 
0.289563 0.06415490038 0.08496502975 
0.290120 0.10844753118 0.08256407010 
0.290677 0.03039605652 0.08544792430 
0.291235 0.07135180219 0.08599919999 
0.291792 0.16117389502 0.08491394041 
0.292349 0.04899687382 0.08556864503 
0.292906 0.05164181760 0.08505385133 
0.293464 0.07879915293 0.08655300585 
0.294021 0.17618947863 0.08379743267 
0.294578 0.05554202232 0.08516652276 
0.295136 0.07410977154 0.08552736711 
0.295693 0.07745619879 0.08564891144 
0.296250 0.00316617950 0.08549327357 
0.296807 0.16774685826 0.08662345129 
0.297365 0.10199408227 0.08670639819 
0.297922 -0.07575748191 0.08516811363 
0.298479 0.06792096286 0.08525351718 
0.299036 0.03256753891 0.08703917334 
0.299594 0.06431681142 0.08800972546 
0.300151 0.04278097616 0.08664438749 
0.300708 0.02903702279 0.08540764707 
0.301265 -0.01958884409 0.08481420220 
0.301823 0.11188873878 0.08510905380 
0.302380 -0.02818952032 0.08815690507 
0.302937 0.05929468105 0.08684132957 
0.303494 0.05131376027 0.08730588649 
0.304052 0.17679562389 0.08608750681 
0.304609 0.06393838664 0.08650765794 
0.305166 0.03422711066 0.08508776155 
0.305723 0.09581625182 0.08592332920 
0.306280 0.06873615760 0.08570022423 
0.306838 0.16619075054 0.08557879092 
0.307395 0.00806064021 0.08660073149 
0.307952 -0.01191007179 0.08620725047 
0.308509 0.04070842248 0.08523942776 
0.309067 0.19864063477 0.08732854011 
0.309624 0.04940411077 0.08400348438 
0.310181 0.12144609970 0.08495400553 
0.310738 0.12977781531 0.08636649943 
0.311296 -0.00293573477 0.08524517779 
0.311853 0.04854501340 0.08695157858 
0.312410 -0.02079938748 0.08460136203 
0.312967 0.15286841462 0.08711485515 
0.313525 0.11945975283 0.08546275038 
0.314082 0.00783889835 0.08672882943 
0.314639 0.11134413185 0.08700783099 
0.315196 0.11928436629 0.08587458927 
0.315753 0.05260217768 0.08597258852 
0.316311 0.13460030767 0.08583590039 
0.316868 -0.01111975027 0.08657964594 
0.317425 0.09094525070 0.08564428848 
0.317982 0.24314098388 0.08743387297 
0.318540 0.05788195033 0.08562101777 
0.319097 -0.00917210534 0.08766437094 
0.319654 0.03607536935 0.08602643990 
0.320211 0.01034642891 0.08802986483 
0.320768 0.10498448436 0.08757506869 
0.321326 0.06627206263 0.08698451607 
0.321883 0.07571383639 0.08577853507 
0.322440 -0.02499209316 0.08774030561 
0.322997 0.11622219776 0.08655074032 
0.323555 0.09923492159 0.08794080367 
0.324112 0.14594289694 0.08682838603 
0.324669 0.04673959776 0.08580861365 
0.325226 -0.02254079936 0.08728894942 
0.325783 0.01725050615 0.08641793599 
0.326341 0.12621969862 0.08742848910 
0.326898 0.02682393727 0.08716158812 
0.327455 0.09465558261 0.08853171431 
0.328012 0.09529495900 0.08760472725 
0.328569 0.03348563704 0.08687070962 
0.329127 0.03205992733 0.08642555301 
0.329684 0.01766516784 0.08889656685 
0.330241 0.11712135059 0.08827266317 
0.330798 0.01423776767 0.08866770960 
0.331355 0.09750570658 0.08707326625 
0.331913 0.16655455664 0.08914129951 
0.332470 0.12111969898 0.08861148029 
0.333027 0.12899209696 0.08820292356 
0.333584 0.20753713935 0.08968744021 
0.334141 0.11743691949 0.08873991629 
0.334699 0.00613863269 0.08769832833 
0.335256 0.07782110019 0.09333467659 
0.335813 0.14374366017 0.09091489477 
0.336370 -0.06631916253 0.08940007805 
0.336927 0.04368467059 0.09001095374 
0.337485 0.08769589903 0.09196480018 
0.338042 0.03719537112 0.09130416537 
0.338599 0.09015442605 0.09055732266 
0.339156 0.06504860013 0.09361600353 
0.339713 0.08041010557 0.09428477682 
0.340271 0.20732675240 0.09183191145 
0.340828 0.09779546846 0.09432988996 
0.341385 0.13989339299 0.09285775638 
0.341942 0.15084235231 0.09508630542 
0.342499 0.10374260675 0.09231250654 
0.343057 0.06106090915 0.09198083276 
0.343614 -0.11274446044 0.09458819346 
0.344171 0.10237104103 0.09510294638 
0.344728 0.17102347449 0.09568821512 
0.345285 0.16229916725 0.09366711289 
0.345842 -0.04458466911 0.09556993597 
0.346400 -0.05512110328 0.09451738497 
0.346957 0.07786113597 0.09680508141 
0.347514 0.03782056419 0.09606666340 
0.348071 0.02182596967 0.09526197242 
0.348628 0.04546287184 0.09682949952 
0.349186 0.15936092131 0.09818231964 
0.349743 0.07894524292 0.09752691029 
0.350300 0.08401537629 0.09618195974 
0.350857 0.07538032840 0.09884276832 
0.351414 0.06147623275 0.09881394588 
0.351971 0.16890462619 0.09862401311 
0.352529 0.13478790388 0.09897571392 
0.353086 0.26110294653 0.09947338251 
0.353643 0.07517241665 0.10190184468 
0.354200 0.06351318902 0.10203197030 
0.354757 0.03582554867 0.10062165097 
0.355314 0.17557735886 0.10244324347 
0.355872 0.10333698077 0.10283749164 
0.356429 0.19734498245 0.10399898495 
0.356986 -0.03207908430 0.10270336219 
0.357543 0.01307268946 0.10394764352 
0.358100 0.19644826094 0.10070110514 
0.358657 -0.00373540042 0.10067599815 
0.359215 0.09459854555 0.10341288234 
0.359772 0.15121673977 0.10288409544 
0.360329 0.09086912092 0.10293343693 
0.360886 0.09900967340 0.10300179580 
0.361443 0.15977525117 0.10341578817 
0.362000 0.17124989031 0.10153874031 
0.362558 0.03870136389 0.10500044750 
0.363115 0.11874179361 0.10344199880 
0.363672 0.05673656440 0.10488013061 
0.364229 -0.04239025312 0.10235263008 
0.364786 0.19085887448 0.10310924013 
0.365343 0.11055781724 0.10263216447 
0.365900 0.00980723081 0.10318535682 
0.366458 0.20740881718 0.10140496499 
0.367015 0.12838931481 0.10343877760 
0.367572 0.02763140676 0.10431892434 
0.368129 -0.06303429292 0.10100811491 
0.368686 0.06399406677 0.10330819793 
0.369243 -0.02227288488 0.10277238723 
0.369801 0.10100883892 0.09891608113 
0.370358 0.06077666807 0.09884739575 
0.370915 0.06466437117 0.10125434290 
0.371472 0.10079427525 0.09939759235 
0.372029 0.12664375036 0.09901799826 
0.372586 -0.01732086335 0.09881849614 
0.373143 0.01718814562 0.10081120706 
0.373700 -0.02007965697 0.09675590140 
0.374258 0.02995117590 0.09686404826 
0.374815 0.20265632948 0.09497557343 
0.375372 0.12884331838 0.09828657855 
0.375929 0.04823466601 0.09782454166 
0.376486 0.01767015433 0.09689799633 
0.377043 0.03042896774 0.09701212994 
0.377600 0.03309478557 0.09734729728 
0.378158 0.09719857580 0.09524928644 
0.378715 0.16406492087 0.09651106297 
0.379272 0.18417238788 0.09754627496 
0.379829 -0.06410991085 0.09339929430 
0.380386 0.04366374498 0.09408848629 
0.380943 0.05893420220 0.09489283371 
0.381500 0.06677618345 0.09246354908 
0.382057 0.10197836907 0.09357063203 
0.382615 -0.11451069235 0.09146994420 
0.383172 0.10720556688 0.09266984189 
0.383729 0.09256514092 0.09220477717 
0.384286 0.12003031293 0.09221206390 
0.384843 0.14913026991 0.09061810236 
0.385400 0.14908255584 0.09189528701 
0.385957 0.10107740428 0.09129587112 
0.386514 0.05762700523 0.09138905333 
0.387072 0.12963710630 0.09256560213 
0.387629 0.02972021618 0.09130330801 
0.388186 0.12988907909 0.09028771377 
0.388743 0.09483891786 0.09170370484 
0.389300 0.13361578559 0.09291306688 
0.389857 -0.05489899838 0.08955701814 
0.390414 0.11577459665 0.09132830989 
0.390971 0.06425143647 0.09192344624 
0.391528 0.10680603731 0.09024681439 
0.392086 0.12063658028 0.08972161933 
0.392643 0.05322012341 0.09179013507 
0.393200 0.17857507902 0.08938677583 
0.393757 0.15558177063 0.08938191116 
0.394314 0.11714714175 0.08994922973 
0.394871 0.16916700394 0.09019620980 
0.395428 0.04719511393 0.08778651745 
0.395985 -0.01144526300 0.08977974135 
0.396542 0.12172214297 0.09175255927 
0.397099 0.29584161107 0.08865237475 
0.397657 0.14165175017 0.08716292393 
0.398214 0.05843969285 0.08874953825 
0.398771 0.11931938199 0.08923504515 
0.399328 0.06108726065 0.08904108984 
0.399885 0.07055487640 0.08867823891 
0.400442 -0.02437066798 0.08840838293 
0.400999 0.18931316537 0.08939270732 
0.401556 0.15480383593 0.09146068977 
0.402113 0.00512829159 0.09598014599 
0.402670 0.07329712386 0.09351192206 
0.403227 0.01495318271 0.09542602767 
0.403785 0.12031433247 0.09612780670 
0.404342 0.05488984807 0.09626908397 
0.404899 0.05834289086 0.10031649440 
0.405456 0.11198495362 0.09753949919 
0.406013 0.15772473986 0.09947926395 
0.406570 0.13772824737 0.10047491425 
0.407127 0.05363959000 0.09888204436 
0.407684 0.01114681578 0.09968268394 
0.408241 0.03551726780 0.10333457032 
0.408798 -0.01524224241 0.10234335419 
0.409355 -0.00701715829 0.10452164122 
0.409912 0.03874446352 0.10853983332 
0.410469 0.02683118906 0.10422824756 
0.411027 -0.01079592896 0.10614325576 
0.411584 -0.00046698566 0.10778227073 
0.412141 0.26401568028 0.11258053402 
0.412698 -0.10239905288 0.11090137061 
0.413255 0.08330453076 0.11135596447 
0.413812 0.03840237732 0.11400081316 
0.414369 -0.02448300308 0.11246555519 
0.414926 0.09614129412 0.11494212326 
0.415483 -0.05595869556 0.11453992536 
0.416040 0.12312991547 0.11784558722 
0.416597 -0.00013448643 0.11810099354 
0.417154 0.08942745587 0.11597786948 
0.417711 0.08262956595 0.11722623910 
0.418268 0.14866506353 0.11480506083 
0.418825 0.01260073840 0.11495338604 
0.419382 0.32507088656 0.11519785137 
0.419940 0.04841508724 0.11656142149 
0.420497 0.11966521555 0.11269365753 
0.421054 0.05420261016 0.11224719160 
0.421611 0.08996404859 0.11425051926 
0.422168 -0.02409931715 0.11441229351 
0.422725 0.13787938114 0.11483133865 
0.423282 0.15750820061 0.11250711152 
0.423839 0.11966278901 0.11291814945 
0.424396 0.18592496564 0.11573773562 
0.424953 0.07212835146 0.11237011518 
0.425510 0.12661921566 0.11591584923 
0.426067 0.02078485789 0.11218246549 
0.426624 0.15491521490 0.11462994168 
0.427181 0.11066614897 0.11588416536 
0.427738 0.16627260001 0.11790361356 
0.428295 0.13958276602 0.11691419173 
0.428852 0.21663984087 0.11897117090 
0.429409 0.15201114774 0.11418303154 
0.429966 0.14706726054 0.11568030135 
0.430523 0.18653690284 0.11251052035 
0.431080 0.13051918527 0.11625069776 
0.431637 -0.01398057186 0.11718686488 
0.432194 0.09251217503 0.11926525957 
0.432752 0.19258579822 0.11762013225 
0.433309 0.11414528091 0.11771627694 
0.433866 0.08698195072 0.12150308032 
0.434423 0.05249469651 0.11886355300 
0.434980 -0.02982172783 0.11649177844 
0.435537 0.00230055623 0.12195430528 
0.436094 0.10590521042 0.11964476832 
0.436651 0.07329302540 0.11503594627 
0.437208 0.07170200130 0.11367847023 
0.437765 0.09620482095 0.11896752766 
0.438322 0.15195112649 0.12024032518 
0.438879 0.16099713135 0.11924414425 
0.439436 0.02745189052 0.12159703337 
0.439993 0.17600289873 0.12136441852 
0.440550 0.01310027098 0.12274997621 
0.441107 0.01178167146 0.12029495906 
0.441664 0.09278293378 0.12378084347 
0.442221 -0.00183569630 0.12083937540 
0.442778 0.05435671205 0.12167615510 
0.443335 0.21641871039 0.12114221145 
0.443892 0.15400889336 0.12344793432 
0.444449 0.20630417309 0.12276181042 
0.445006 0.21779567471 0.12132822891 
0.445563 0.08447229735 0.12685260636 
0.446120 0.20095842154 0.12557062343 
0.446677 0.13991613861 0.12490610420 
0.447234 0.00742770137 0.12628973944 
0.447791 0.27269934822 0.12748787170 
0.448348 -0.00810291681 0.12402294995 
0.448905 -0.03150509095 0.12394639718 
0.449462 0.14371096452 0.12384603876 
0.450019 0.12618981709 0.12246855024 
0.450576 0.10448183876 0.12063847139 
0.451133 0.19184549563 0.12207780969 
0.451690 0.02576542363 0.11749330321 
0.452247 0.22292572945 0.12467576557 
0.452804 0.11265107375 0.12336547835 
0.453361 0.07219288004 0.12380136458 
0.453918 0.19415411526 0.12128415367 
0.454475 0.22604359271 0.12062943105 
0.455032 0.16482738895 0.12308267857 
0.455589 0.09962519658 0.12598618315 
0.456146 -0.05090588791 0.12056582732 
0.456703 0.08310679289 0.12204688586 
0.457260 0.05751450516 0.12209297133 
0.457817 0.07775927449 0.12411083384 
0.458374 0.09451600097 0.12005230137 
0.458931 0.21429776018 0.12131635516 
0.459488 0.12587231522 0.11990653253 
0.460045 0.05010185931 0.12555417458 
0.460602 0.12948968949 0.12664152746 
0.461159 0.17258146221 0.12031553976 
0.461716 0.10073929966 0.11876317611 
0.462273 0.05454392936 0.12323080802 
0.462830 0.02149250873 0.12201496337 
0.463387 0.08032896425 0.12249641274 
0.463943 0.09091544873 0.12816890446 
0.464500 0.17141014379 0.12080063029 
0.465057 0.10046182094 0.12127326369 
0.465614 0.05097920071 0.11768760983 
0.466171 0.10813972201 0.12278002061 
0.466728 0.10071448991 0.12188408210 
0.467285 0.10711312349 0.12373779562 
0.467842 0.07189481548 0.12253808439 
0.468399 0.01677833486 0.12671831039 
0.468956 0.11057722477 0.12277424355 
0.469513 0.12176279324 0.11821142908 
0.470070 -0.01608161238 0.12166769531 
0.470627 0.10022657856 0.12451193111 
0.471184 0.06218066385 0.12230474748 
0.471741 0.08086752674 0.12210044327 
0.472298 0.00461456279 0.12312830213 
0.472855 0.04351058339 0.12215837266 
0.473412 0.17087073592 0.12341568306 
0.473969 0.09837002300 0.11946995006 
0.474526 0.00663884478 0.12107876284 
0.475083 0.06789860845 0.11898198043 
0.475640 0.11135523253 0.12089457126 
0.476196 0.18303840558 0.12586889108 
0.476753 0.14621674655 0.12347299165 
0.477310 0.12474383464 0.12446387324 
0.477867 0.18519409453 0.12242452391 
0.478424 0.11511104904 0.12020367006 
0.478981 0.09430099661 0.11968095824 
0.479538 0.03515691031 0.12115611959 
0.480095 0.03914180491 0.12295374685 
0.480652 0.10059657262 0.12111101649 
0.481209 0.25408693579 0.11974934895 
0.481766 0.20823363482 0.11626236829 
0.482323 0.10359552998 0.11717849056 
0.482880 0.12838433013 0.12052036020 
0.483437 0.18374755030 0.11953015509 
0.483994 0.08315287984 0.12660205701 
0.484550 0.06356669455 0.12413393332 
0.485107 -0.07418714064 0.12080703562 
0.485664 0.08604243709 0.11884861294 
0.486221 0.01413411482 0.12098868933 
0.486778 0.11577539444 0.12442212976 
0.487335 0.21451379244 0.12195478625 
0.487892 -0.02671922756 0.12056005814 
0.488449 -0.02195538415 0.11729475364 
0.489006 -0.00131937254 0.11776837961 
0.489563 0.13878957365 0.12515590704 
0.490120 0.01355478056 0.11972138895 
0.490677 0.15893048470 0.12090278998 
0.491233 0.15929046129 0.11811201867 
0.491790 0.02955905082 0.12280091469 
0.492347 0.08637299289 0.11647028557 
0.492904 0.08023273154 0.12415454786 
0.493461 0.01516583148 0.12425792390 
0.494018 0.03517023449 0.12020468611 
0.494575 0.06812804461 0.12000178478 
0.495132 -0.01982555216 0.11776639047 
0.495689 0.18378860117 0.12490333715 
0.496246 0.04136509830 0.11985570485 
0.496802 0.12118091131 0.12209873251 
0.497359 0.08936579686 0.11888192625 
0.497916 0.04725123719 0.11795907835 
0.498473 -0.07965382604 0.12153596244 
0.499030 0.10940641902 0.11938063877 
0.499587 0.10825547822 0.12021930507 
0.500144 0.17627504252 0.11893464068 
0.500701 0.06345291192 0.12226436282 
0.501258 0.07978790503 0.12173372307 
0.501815 0.06636122318 0.12201067115 
0.502371 0.16546263653 0.11857737412 
0.502928 0.02163343509 0.11968986475 
0.503485 0.14076991609 0.12491376085 
0.504042 0.28550385342 0.12324469855 
0.504599 0.11529326789 0.11824532216 
0.505156 0.14218116544 0.12331907063 
0.505713 0.06360672232 0.11807511979 
0.506270 0.03301823212 0.12251232414 
0.506826 0.23243907949 0.11862649930 
0.507383 0.02626175745 0.12021275608 
0.507940 -0.04597028620 0.12077912367 
0.508497 0.22692607426 0.12131891251 
0.509054 0.00785486277 0.12132424917 
0.509611 -0.00185418937 0.12417865903 
0.510168 0.16073107867 0.12122706740 
0.510725 0.22718731952 0.12383960947 
0.511281 0.07371647911 0.12231992360 
0.511838 0.18127404431 0.11861903781 
0.512395 0.11854017264 0.12307691819 
0.512952 -0.03193134885 0.12492621103 
0.513509 0.10434862649 0.12613252355 
0.514066 0.07446095541 0.12449651996 
0.514623 0.12083945520 0.12404770595 
0.515179 0.12775950317 0.12800052881 
0.515736 -0.03756404646 0.12772314907 
0.516293 0.13930856636 0.12817111453 
0.516850 0.18865574811 0.13061662412 
0.517407 0.07089224663 0.12671785810 
0.517964 0.10267064907 0.12808549721 
0.518521 0.01730176960 0.13084478457 
0.519077 -0.01507427348 0.12789455555 
0.519634 -0.16489157206 0.12981512200 
0.520191 0.10466881508 0.13202616441 
0.520748 0.27462648222 0.13323021584 
0.521305 0.08231367334 0.13490144933 
0.521862 0.03550594827 0.13457079010 
0.522418 0.03837048721 0.13263993504 
0.522975 0.02019383118 0.13354142857 
0.523532 0.01014615651 0.14008794148 
0.524089 -0.01389509825 0.13269041601 
0.524646 0.04764292998 0.13828019003 
0.525203 0.19148985311 0.13519502490 
0.525759 0.09582420816 0.14057335661 
0.526316 0.09347797633 0.13920681813 
0.526873 -0.02235518859 0.14193980013 
0.527430 0.03796727660 0.13978964309 
0.527987 0.10376759681 0.14105262429 
0.528544 0.05089113374 0.14581532658 
0.529100 -0.14017501163 0.14719970102 
0.529657 0.01425504278 0.14228044372 
0.530214 -0.15144440647 0.14484684154 
0.530771 -0.00584190723 0.15116497327 
0.531328 0.02564144512 0.14790176598 
0.531884 0.09757078775 0.14893171273 
0.532441 0.17373751411 0.14776108402 
0.532998 0.37379899434 0.15001082051 
0.533555 0.27039344060 0.15421272884 
0.534112 0.18252241534 0.14974866470 
0.534669 0.04653436243 0.15641209350 
0.535225 -0.10096889639 0.15106536714 
0.535782 0.16678404651 0.16298072237 
0.536339 0.21498325189 0.16040177975 
0.536896 0.08383320336 0.16323947323 
0.537453 0.02423322446 0.15827714118 
0.538009 0.07107190874 0.17002653184 
0.538566 0.09824239134 0.17206822790 
0.539123 -0.06849306960 0.17627352456 
0.539680 -0.18956801505 0.17594936091 
0.540237 0.13533254287 0.18570752764 
0.540793 -0.07641607853 0.19562656844 
0.541350 0.10973334969 0.20777618486 
0.541907 0.37492341666 0.22006078070 
0.542464 0.06732422604 0.27732301748 
0.543021 -0.04810189886 0.44949724209 
