0.011985 154.96012712195 0.00000000000 
0.012543 155.08281885859 8.75942517144 
0.013100 152.95140249372 13.12025535442 
0.013658 147.07800723791 10.42630834754 
0.014215 141.26317114264 9.28172297240 
0.014772 140.85078525626 6.77819514074 
0.015330 138.74437243032 5.52088130279 
0.015887 135.66150113951 5.28840340962 
0.016445 130.25742052066 4.16225925204 
0.017002 128.02708959148 4.06434882525 
0.017560 124.92405218963 3.62958653586 
0.018117 121.88053485816 2.90860494098 
0.018675 119.60226314756 2.33901641459 
0.019232 113.85339062649 2.43906831298 
0.019789 111.98877970783 2.39871356177 
0.020347 109.37184943474 2.03849668053 
0.020904 103.19268082379 1.78889976563 
0.021462 101.26229123072 1.68826909076 
0.022019 97.47834870077 1.53137025679 
0.022577 94.27662184903 1.27963886019 
0.023134 91.38105117082 1.35582759665 
0.023692 88.01176822713 1.27626162206 
0.024249 84.64582850972 1.14478997570 
0.024807 81.73005621144 1.19066388326 
0.025364 78.80694730418 1.07982905121 
0.025921 74.70812220857 0.96046586500 
0.026479 72.80065024609 0.89912068334 
0.027036 70.04716474160 0.83151698960 
0.027594 66.98348210691 0.76048311552 
0.028151 63.51165385885 0.75689081347 
0.028709 61.58932694378 0.73634700700 
0.029266 58.77520109373 0.69485833710 
0.029824 56.35354858750 0.64911158041 
0.030381 54.18861242722 0.62766549019 
0.030938 51.29064902647 0.56824502110 
0.031496 49.04700525145 0.58349446505 
0.032053 46.78971109431 0.53876658836 
0.032611 44.62696169010 0.50914637064 
0.033168 43.12889839191 0.51643748480 
0.033726 41.70666725271 0.50833111430 
0.034283 39.96811132167 0.49819461757 
0.034841 37.50873566692 0.48791773179 
0.035398 35.41936617849 0.46683433432 
0.035955 34.25450879380 0.45524460784 
0.036513 32.39584051743 0.45390738963 
0.037070 31.24689798723 0.41386857670 
0.037628 29.46088503258 0.42556484507 
0.038185 28.35525194083 0.41658363561 
0.038743 26.63613032942 0.42442043167 
0.039300 25.65265461201 0.40714586764 
0.039858 24.58803540336 0.41671022181 
0.040415 22.90730215819 0.39718240189 
0.040973 22.41904566052 0.37526263966 
0.041530 21.29345023471 0.35239057738 
0.042087 20.64661043771 0.36496056656 
0.042645 19.95560176149 0.37022502946 
0.043202 18.93168980051 0.33599624225 
0.043760 17.81190482740 0.32512828223 
0.044317 17.17779610396 0.32693630465 
0.044875 16.64364152237 0.32972491907 
0.045432 15.75264658435 0.30349227737 
0.045990 15.40788531547 0.30924563285 
0.046547 14.69621262983 0.31220430817 
0.047104 13.49149016902 0.31620011056 
0.047662 13.14845534351 0.30472014906 
0.048219 12.98653153907 0.29363355237 
0.048777 12.03648412590 0.29815783474 
0.049334 11.70235257868 0.29226633328 
0.049892 11.47227705664 0.28990539168 
0.050449 10.90175119251 0.26885788934 
0.051007 10.88637806169 0.28376392056 
0.051564 10.51160781264 0.28444066747 
0.052121 10.04983072371 0.26340572675 
0.052679 9.86538753839 0.27561193700 
0.053236 9.47411354340 0.24442030924 
0.053794 9.41822261316 0.26004322730 
0.054351 9.33219800395 0.26051932820 
0.054909 8.70518610327 0.25049093065 
0.055466 8.70534141568 0.25126225940 
0.056024 8.68905833028 0.25607895681 
0.056581 8.17802907667 0.24569388262 
0.057138 7.93028593830 0.24272354258 
0.057696 8.18088191942 0.23993979495 
0.058253 7.78745394753 0.24585300047 
0.058811 7.83882714042 0.23914611702 
0.059368 7.49015493382 0.24104387842 
0.059926 7.21851826485 0.22582077713 
0.060483 7.22749314452 0.25078991961 
0.061041 7.30924923344 0.22571350949 
0.061598 6.81730378261 0.21928444399 
0.062155 7.12203174208 0.23122503864 
0.062713 6.95598573597 0.22752895963 
0.063270 6.87654338428 0.22824296226 
0.063828 6.53471859194 0.21996352690 
0.064385 6.19476117175 0.21955528266 
0.064943 6.50629078886 0.22262595481 
0.065500 6.16001820904 0.21791730582 
0.066057 6.15186690400 0.21894689680 
0.066615 6.09831011278 0.21672494112 
0.067172 5.84874377036 0.21546889102 
0.067730 6.04067486468 0.20818879616 
0.068287 5.83825546106 0.20847274672 
0.068845 5.68645090556 0.20545907063 
0.069402 5.33958979625 0.20778316840 
0.069960 5.35035908617 0.20447567958 
0.070517 5.39704683908 0.19370195063 
0.071074 5.25296852989 0.20284028154 
0.071632 5.28654752881 0.20900707757 
0.072189 4.87402076556 0.19867334352 
0.072747 4.72227237409 0.19497043708 
0.073304 4.97211401668 0.18818725886 
0.073862 4.51724887303 0.18815551061 
0.074419 4.43387694815 0.19581913968 
0.074977 4.20651733588 0.18966950502 
0.075534 4.35850315417 0.18986849397 
0.076091 3.93930712283 0.18232332502 
0.076649 3.95220370506 0.19114199245 
0.077206 3.83306086256 0.18873093794 
0.077764 3.76706086460 0.17968337324 
0.078321 3.78980505212 0.17909903830 
0.078879 3.61890411050 0.17949388317 
0.079436 3.45833784124 0.18135382415 
0.079993 3.47707117662 0.18181546796 
0.080551 3.11045475703 0.17624745877 
0.081108 3.06993445262 0.17448553554 
0.081666 2.98528612755 0.17356388562 
0.082223 2.94621337158 0.17556823928 
0.082781 2.85387733500 0.17789608413 
0.083338 2.83852758822 0.17870763027 
0.083895 2.70165760174 0.16982669319 
0.084453 2.62842270734 0.17364724639 
0.085010 2.31898381398 0.17051247463 
0.085568 2.62697001483 0.16872487376 
0.086125 2.23197304689 0.16909120441 
0.086683 2.19822089864 0.16040720895 
0.087240 2.20715827694 0.16411332004 
0.087798 2.12276641714 0.16515971334 
0.088355 1.97809151631 0.16597616063 
0.088912 1.80648446491 0.16808358594 
0.089470 1.74533228410 0.16406081860 
0.090027 1.79581344327 0.16118042081 
0.090585 1.72409708583 0.16022891598 
0.091142 1.78123210924 0.16877496692 
0.091700 1.73763691520 0.15894304236 
0.092257 1.68051124360 0.15762790402 
0.092814 1.49385430134 0.15738966230 
0.093372 1.46081466683 0.15582125920 
0.093929 1.36869603761 0.15553643871 
0.094487 1.39388316713 0.15229726128 
0.095044 1.19208900028 0.14944865523 
0.095602 1.45522865917 0.14993636248 
0.096159 1.43796077730 0.15585195645 
0.096716 1.16182847729 0.15093841577 
0.097274 1.26059937169 0.14925261297 
0.097831 1.08751411854 0.15037448674 
0.098389 1.32151262315 0.15271908325 
0.098946 1.35627797894 0.15230154769 
0.099504 1.20709295720 0.14883301813 
0.100061 1.11216247665 0.14887387497 
0.100618 1.02201061905 0.14967951610 
0.101176 1.01307026185 0.14869135792 
0.101733 0.96234110059 0.14668835534 
0.102291 1.08644871100 0.14593281553 
0.102848 0.90800252447 0.14798248238 
0.103406 0.72796650809 0.14668870420 
0.103963 1.07241878941 0.14438993661 
0.104520 0.90056899266 0.14741813884 
0.105078 0.98738481729 0.14869087746 
0.105635 1.15474683070 0.14336548094 
0.106193 0.95425559255 0.13677467726 
0.106750 0.86438779427 0.14170135570 
0.107308 0.96280199258 0.13725764792 
0.107865 0.89198305276 0.13900219121 
0.108422 0.90788917080 0.13998040379 
0.108980 0.87365840772 0.14000477344 
0.109537 0.94634841272 0.13752485603 
0.110095 0.83115725394 0.13780311610 
0.110652 0.66232924459 0.13725456988 
0.111210 0.89054699363 0.13855468845 
0.111767 0.90926314705 0.13226676496 
0.112324 0.92816032447 0.13864195277 
0.112882 0.71396878929 0.13929454806 
0.113439 1.08530486938 0.13957345561 
0.113997 0.90253473002 0.13724724340 
0.114554 0.72694999145 0.13714695477 
0.115111 0.77057677520 0.13548850084 
0.115669 0.72416366675 0.13444291954 
0.116226 0.72341044390 0.13761994194 
0.116784 0.76841065314 0.13337847512 
0.117341 0.56244564735 0.13238346791 
0.117899 0.79539019469 0.13127843590 
0.118456 0.72538532187 0.13366358260 
0.119013 0.66976163959 0.13185680672 
0.119571 0.79560475964 0.13033960233 
0.120128 0.92233191107 0.13096275837 
0.120686 0.84599945379 0.13194336264 
0.121243 0.70223824949 0.13311812034 
0.121800 0.75760236836 0.13212517122 
0.122358 0.57161183078 0.13277827996 
0.122915 0.84829213082 0.12848301204 
0.123473 0.59848867226 0.13103956491 
0.124030 0.80881938872 0.12968284247 
0.124588 0.46316191501 0.12990828119 
0.125145 0.62066490990 0.12629025711 
0.125702 0.58361572275 0.12654644426 
0.126260 0.53843913102 0.12769800454 
0.126817 0.60511111765 0.12953049166 
0.127375 0.74325152986 0.12973767272 
0.127932 0.66199429461 0.12793687135 
0.128489 0.54498746895 0.12618331177 
0.129047 0.52295895901 0.12376278008 
0.129604 0.46154272011 0.12584984607 
0.130162 0.49527697904 0.12261905631 
0.130719 0.37498642946 0.12784364409 
0.131277 0.41747343555 0.12509307231 
0.131834 0.49682763321 0.12678636876 
0.132391 0.54050946025 0.12811461954 
0.132949 0.53020755462 0.12818201207 
0.133506 0.53201413612 0.12714472663 
0.134064 0.58924283352 0.13672512980 
0.134621 0.49861749809 0.13500629112 
0.135178 0.57730240283 0.13899968766 
0.135736 0.53639649534 0.13661447305 
0.136293 0.27133090806 0.14099567178 
0.136851 0.45361489004 0.13840499260 
0.137408 0.44331006593 0.14064559328 
0.137965 0.44215551658 0.13944870907 
0.138523 0.36802538955 0.14230511433 
0.139080 0.42896168037 0.14019168679 
0.139638 0.51677261353 0.14118748539 
0.140195 0.46682340887 0.14179445848 
0.140752 0.42638508724 0.13627747006 
0.141310 0.37967370408 0.14655595038 
0.141867 0.41877285848 0.13669951274 
0.142425 0.43080675958 0.13753121882 
0.142982 0.45531972030 0.13668779242 
0.143540 0.40196157475 0.13935827002 
0.144097 0.19804153085 0.13814482648 
0.144654 0.47616730118 0.13693877845 
0.145212 0.22831537797 0.13389586961 
0.145769 0.39456112276 0.13096121551 
0.146327 0.35498737301 0.12551983525 
0.146884 0.30625768289 0.13045723420 
0.147441 0.42180939159 0.12741123459 
0.147999 0.21195291242 0.12109397684 
0.148556 0.42288758314 0.12503265685 
0.149114 0.35406298034 0.12088273104 
0.149671 0.18761963786 0.12110812785 
0.150228 0.23647621095 0.12645979257 
0.150786 0.19543177612 0.12217634792 
0.151343 0.20628915054 0.11974536057 
0.151901 0.19755870577 0.12434738749 
0.152458 0.28203209999 0.12260646311 
0.153015 0.18356441469 0.12241184094 
0.153573 0.27990539981 0.12024265573 
0.154130 0.43427309103 0.12121655716 
0.154688 0.29913985833 0.12230879177 
0.155245 0.36588570658 0.12038361815 
0.155802 0.13991148485 0.12114999923 
0.156360 0.22829120656 0.12282592402 
0.156917 0.38235799365 0.11943241307 
0.157475 0.18091925848 0.11674902042 
0.158032 0.20951183901 0.11779989974 
0.158589 0.16163765170 0.11763945100 
0.159147 0.22514755844 0.12020014693 
0.159704 0.25479791366 0.11502694464 
0.160261 0.10354364680 0.11830277519 
0.160819 0.22602767181 0.11664497425 
0.161376 0.21646417428 0.11844609237 
0.161934 0.16354158135 0.11365175215 
0.162491 0.02591615606 0.11710398550 
0.163048 0.07440524785 0.11542326279 
0.163606 0.10612824555 0.11436559312 
0.164163 0.16443086309 0.11879199066 
0.164721 0.23381760112 0.11860384069 
0.165278 0.20570934134 0.11331810982 
0.165835 0.10030791302 0.11572360709 
0.166393 0.06516484531 0.11562521961 
0.166950 0.26643106378 0.11492761918 
0.167508 0.11218881368 0.11276762408 
0.168065 0.32019948430 0.11419245938 
0.168622 0.19926954336 0.10845880514 
0.169180 0.32772179838 0.11179900643 
0.169737 0.18850267619 0.11362882820 
0.170294 0.10494456676 0.11121315330 
0.170852 0.25368918599 0.11161585899 
0.171409 0.04337222023 0.11333179809 
0.171967 0.17226583788 0.11321953068 
0.172524 -0.09728601797 0.11186208589 
0.173081 0.17153258643 0.11015441465 
0.173639 0.06029578873 0.10924134297 
0.174196 -0.04089016129 0.10921142291 
0.174754 0.01512396316 0.11108536036 
0.175311 0.14813514935 0.10914923080 
0.175868 0.12630080992 0.10916329823 
0.176426 0.09448705084 0.10584558414 
0.176983 0.06594799320 0.10819554532 
0.177540 0.02803621915 0.10648975454 
0.178098 0.16791131716 0.10713644540 
0.178655 0.07244246150 0.10734853510 
0.179213 0.15778418923 0.10841656836 
0.179770 0.03227845069 0.10855530626 
0.180327 0.08332114053 0.10754693026 
0.180885 -0.01667796946 0.10781909805 
0.181442 0.29196530561 0.10443191936 
0.181999 0.03036058983 0.10687904648 
0.182557 0.13342294087 0.10673661590 
0.183114 0.16972247548 0.10715224575 
0.183672 0.18842789962 0.10883145972 
0.184229 0.15219995852 0.10629540701 
0.184786 0.19854665370 0.10540493324 
0.185344 0.05767085874 0.10762993604 
0.185901 -0.02420125311 0.10564499823 
0.186458 0.04225960809 0.10415409668 
0.187016 0.05406261309 0.10732636043 
0.187573 0.01021220778 0.10469791388 
0.188131 0.00900857815 0.10499488709 
0.188688 0.04218549920 0.10362213331 
0.189245 0.11821046939 0.10880332251 
0.189803 0.05648787497 0.10745664371 
0.190360 0.11377244431 0.10282880209 
0.190917 0.30196957833 0.10843026840 
0.191475 0.15176434708 0.10685027996 
0.192032 0.15578854410 0.10507930201 
0.192590 0.13379748781 0.10484815589 
0.193147 0.21596542097 0.10191790897 
0.193704 0.21054541531 0.10484534692 
0.194262 0.06144868796 0.10391443198 
0.194819 0.15135652888 0.10331140891 
0.195376 0.05663244772 0.10423517599 
0.195934 0.07062307047 0.10273912763 
0.196491 0.20010633559 0.10239738346 
0.197048 0.20364383908 0.10505880396 
0.197606 0.20126099232 0.10360465347 
0.198163 0.03328680937 0.10315888787 
0.198721 0.09340359248 0.10364068550 
0.199278 0.16798676388 0.09986779417 
0.199835 0.14570398456 0.10187247748 
0.200393 0.23816419577 0.10100570820 
0.200950 0.16937916001 0.10235401537 
0.201507 0.10509609260 0.10127500290 
0.202065 0.01644542872 0.10250504302 
0.202622 0.18284510938 0.10063752109 
0.203179 0.12593592244 0.10163741614 
0.203737 0.17507654083 0.10059340348 
0.204294 0.11620175080 0.10107656379 
0.204851 0.25463907482 0.09980138077 
0.205409 0.19415509700 0.10163743442 
0.205966 0.04299729977 0.09838787161 
0.206524 0.07088796014 0.10107689990 
0.207081 -0.02665555593 0.09908793901 
0.207638 0.16592366986 0.09933501369 
0.208196 0.07650946198 0.09783216053 
0.208753 0.07085523095 0.09812078542 
0.209310 0.17524247055 0.09657561894 
0.209868 0.20153734983 0.09944077845 
0.210425 0.11720158819 0.09643879772 
0.210982 0.10518561777 0.09888691093 
0.211540 0.05819743759 0.09799404030 
0.212097 0.14829513082 0.09872220120 
0.212654 0.18454349302 0.09643563965 
0.213212 0.21865291429 0.09729393842 
0.213769 0.16793340412 0.09579577859 
0.214326 0.13513594957 0.09756757405 
0.214884 0.02891294806 0.09703201640 
0.215441 0.09775912152 0.09857467533 
0.215999 0.21222646476 0.09580521442 
0.216556 0.17577483562 0.09481688270 
0.217113 0.06459781109 0.09682063992 
0.217671 0.22067673472 0.09545531746 
0.218228 0.19133403320 0.09596725402 
0.218785 0.18679209176 0.09728326704 
0.219343 0.13967742322 0.09585932748 
0.219900 0.09989135371 0.09605111313 
0.220457 0.16930344630 0.09547525494 
0.221015 0.02091110068 0.09441443397 
0.221572 0.10018089019 0.09573719500 
0.222129 0.08329009060 0.09591497272 
0.222687 0.01247834844 0.09500958186 
0.223244 0.20250181149 0.09368195322 
0.223801 0.21222994454 0.09558604311 
0.224359 0.24394074456 0.09529247001 
0.224916 0.06414217452 0.09518884281 
0.225473 0.13471553937 0.09410384794 
0.226031 0.15371882518 0.09644623500 
0.226588 0.08540812097 0.09214743513 
0.227145 0.15952468464 0.09378721466 
0.227703 0.13443988306 0.09247573005 
0.228260 0.11533663568 0.09152132761 
0.228817 0.04771718432 0.09412478864 
0.229375 0.20472243491 0.09399401980 
0.229932 0.21102936941 0.09219202382 
0.230489 0.17277051654 0.08983980986 
0.231047 0.12385914291 0.08934318781 
0.231604 0.01354874735 0.09038683952 
0.232161 0.20214218638 0.09115396591 
0.232719 0.10308131818 0.09274422343 
0.233276 0.07953630278 0.08951979714 
0.233833 0.10500979751 0.09156149642 
0.234391 0.27919263209 0.09409961955 
0.234948 0.16062995438 0.09035301548 
0.235505 0.07814012018 0.09129692390 
0.236063 0.17626644723 0.09382956367 
0.236620 0.04889047303 0.09000637203 
0.237177 0.15466942682 0.09214209006 
0.237735 0.10356028285 0.09213608793 
0.238292 0.14757146207 0.09262231037 
0.238849 0.13471102798 0.09226127945 
0.239407 -0.01261067684 0.08890921008 
0.239964 0.14728444256 0.08977250012 
0.240521 0.08279356326 0.09130179271 
0.241079 0.08930500298 0.08869978903 
0.241636 0.14502129286 0.08957733493 
0.242193 0.12848266261 0.09101412987 
0.242750 0.19365495527 0.08943187345 
0.243308 0.13231004346 0.09067914608 
0.243865 -0.00753008247 0.08907594351 
0.244422 0.06224551980 0.09006742389 
0.244980 0.10622928016 0.08800384220 
0.245537 0.16639546707 0.09093963502 
0.246094 0.18212768577 0.08995547790 
0.246652 0.10567751630 0.08976435596 
0.247209 -0.01815613649 0.08748644523 
0.247766 0.07829490212 0.08922280597 
0.248324 0.04189440344 0.09035590770 
0.248881 0.09056720023 0.08876278581 
0.249438 0.08801221800 0.08795263229 
0.249996 0.09845985284 0.09026639495 
0.250553 0.02401335981 0.08860659603 
0.251110 0.04028811993 0.08879189113 
0.251667 -0.00980462203 0.08559098574 
0.252225 0.14480826820 0.08876812005 
0.252782 0.08033655876 0.08801214222 
0.253339 0.00276061352 0.08795479441 
0.253897 0.21053740069 0.08617138931 
0.254454 0.13423724526 0.08600295413 
0.255011 0.06522981748 0.08515417792 
0.255569 0.05984888990 0.08773093996 
0.256126 0.08376026808 0.08632600683 
0.256683 0.06791167286 0.08580521267 
0.257241 0.08807885436 0.08809993142 
0.257798 0.14170270473 0.08701699702 
0.258355 0.09396962608 0.08686265816 
0.258912 0.02602482470 0.08763610390 
0.259470 0.09364133188 0.08734043073 
0.260027 0.10543505007 0.08615734795 
0.260584 0.09182872617 0.08753375776 
0.261142 0.09201540934 0.08682719666 
0.261699 0.20043031479 0.08815162153 
0.262256 0.06203869794 0.08641609544 
0.262814 0.09645673839 0.08809763009 
0.263371 0.12749966073 0.08548574442 
0.263928 0.03371523702 0.08717483895 
0.264485 0.00468288030 0.08531508453 
0.265043 0.16385101038 0.08606812210 
0.265600 0.14887157434 0.08531967671 
0.266157 0.09417802555 0.08598332029 
0.266715 0.06728591576 0.08450972707 
0.267272 0.07227647360 0.08548905412 
0.267829 0.17585315851 0.08707360161 
0.268386 0.11123812737 0.08468172017 
0.268944 0.16450264525 0.08522247043 
0.269501 0.15038854885 0.08417171514 
0.270058 0.11329954953 0.08345516838 
0.270616 0.09924503242 0.08406899500 
0.271173 0.11823866438 0.08361383631 
0.271730 0.08927089870 0.08538605057 
0.272287 -0.01488682615 0.08778268032 
0.272845 0.15185174079 0.08789649640 
0.273402 0.10822058435 0.08836127328 
0.273959 0.19203188296 0.08933704607 
0.274517 0.16407172998 0.08695413828 
0.275074 0.17925185964 0.08841268586 
0.275631 -0.01219072262 0.09000682551 
0.276188 0.04303189813 0.09094882090 
0.276746 0.10083144145 0.08929835314 
0.277303 0.03198538346 0.09312120044 
0.277860 0.00895739078 0.09083778853 
0.278418 0.04134619969 0.09075943493 
0.278975 0.01013868639 0.09124360673 
0.279532 0.25350146326 0.08990266513 
0.280089 0.17539626819 0.09027728521 
0.280647 0.11863087663 0.09146495383 
0.281204 0.16827653244 0.09293028571 
0.281761 0.09566825330 0.08924744865 
0.282318 0.03340724955 0.08745454342 
0.282876 0.11917770680 0.08929016887 
0.283433 0.04221230112 0.08739567878 
0.283990 0.12625508981 0.08718941914 
0.284548 0.11172293276 0.08742890889 
0.285105 0.17338827820 0.08689557166 
0.285662 0.18701034205 0.08684743730 
0.286219 0.21664804165 0.08604014193 
0.286777 0.08638422776 0.08533422279 
0.287334 0.10182749580 0.08561342293 
0.287891 -0.01342513198 0.08718371687 
0.288448 -0.04328898847 0.08528499977 
0.289006 0.02344341680 0.08486989804 
0.289563 0.00760906893 0.08457573064 
0.290120 0.03406954101 0.08393609780 
0.290677 0.10359437193 0.08464983071 
0.291235 0.05103029949 0.08441019243 
0.291792 0.01595259142 0.08571879257 
0.292349 0.00691419376 0.08562976593 
0.292906 0.03169488928 0.08515193683 
0.293464 0.11570937250 0.08456627035 
0.294021 0.09534742051 0.08608230095 
0.294578 0.24163064327 0.08567403337 
0.295136 0.12427274607 0.08547663653 
0.295693 -0.02435871479 0.08450714491 
0.296250 0.14899671211 0.08394805845 
0.296807 0.06514982938 0.08572197835 
0.297365 0.13353211260 0.08662987847 
0.297922 0.06831523565 0.08647809013 
0.298479 0.03631059405 0.08697137582 
0.299036 0.10669949083 0.08669366462 
0.299594 0.16839735197 0.08494660286 
0.300151 0.06192419035 0.08534310089 
0.300708 0.00545822148 0.08678921463 
0.301265 0.12022544749 0.08888213435 
0.301823 0.18911103597 0.08520144080 
0.302380 0.23544377554 0.08578523844 
0.302937 0.14045957384 0.08458614568 
0.303494 0.21099820188 0.08512042061 
0.304052 0.07931075859 0.08527647965 
0.304609 -0.00187713730 0.08662960328 
0.305166 0.08217071732 0.08645378224 
0.305723 0.06663022665 0.08697995784 
0.306280 0.12430333356 0.08610115893 
0.306838 0.12743330292 0.08521274288 
0.307395 0.14366905139 0.08469899920 
0.307952 0.09976303311 0.08723317549 
0.308509 0.10862115870 0.08563301912 
0.309067 0.10409903363 0.08628635382 
0.309624 0.16356688154 0.08549414740 
0.310181 0.02503010475 0.08524014867 
0.310738 -0.00824647635 0.08831970385 
0.311296 0.11563693717 0.08522714404 
0.311853 0.14462645416 0.08797355491 
0.312410 0.01498830165 0.08587521618 
0.312967 -0.00357219617 0.08787851415 
0.313525 0.12281709850 0.08701259751 
0.314082 0.06798762198 0.08725831958 
0.314639 0.05428638218 0.08701552282 
0.315196 0.01347344087 0.08601903559 
0.315753 0.05196568594 0.08715982025 
0.316311 0.10745414280 0.08608094261 
0.316868 0.20396972631 0.08671984643 
0.317425 0.08147114462 0.08432001494 
0.317982 0.13263258616 0.08704274864 
0.318540 0.07710495622 0.08580173902 
0.319097 0.14350948448 0.08569145405 
0.319654 0.00550267563 0.08571431260 
0.320211 0.07159211678 0.08752539109 
0.320768 0.09962040352 0.08825024206 
0.321326 0.12225806162 0.08547556410 
0.321883 0.08309903472 0.08646974828 
0.322440 0.01249574835 0.08696075464 
0.322997 0.12754563766 0.08788505465 
0.323555 0.01361565248 0.08715286510 
0.324112 0.03816862080 0.08742615384 
0.324669 0.20664094119 0.08647381908 
0.325226 -0.00772549298 0.08840455132 
0.325783 0.11126293048 0.08890153859 
0.326341 0.09205360293 0.08789243385 
0.326898 0.19727361631 0.08786053981 
0.327455 0.26493747551 0.08639128600 
0.328012 0.12920223493 0.08793003269 
0.328569 0.20100855287 0.08718879349 
0.329127 0.01689437856 0.08972007874 
0.329684 0.08777095120 0.08688970942 
0.330241 0.07734972005 0.08747775289 
0.330798 0.09207134484 0.08798057351 
0.331355 0.10749699035 0.09023237297 
0.331913 0.09272349940 0.08875617596 
0.332470 0.00249011997 0.08831198155 
0.333027 0.08488694661 0.08712335111 
0.333584 0.09642851272 0.08899246507 
0.334141 0.03109373916 0.09085327597 
0.334699 -0.01934166746 0.08915305796 
0.335256 0.04943959942 0.09124513096 
0.335813 0.00529612589 0.09148423227 
0.336370 0.10647695335 0.08932115840 
0.336927 0.06881531126 0.09107357925 
0.337485 0.14894517420 0.09077072044 
0.338042 0.06811370863 0.09028294675 
0.338599 -0.02792257222 0.09126161658 
0.339156 0.15959716116 0.09444858703 
0.339713 0.03747148285 0.09352095809 
0.340271 0.02111407383 0.09263081378 
0.340828 0.01156695832 0.09444159538 
0.341385 0.04378716406 0.09322549861 
0.341942 -0.08105734695 0.09167798185 
0.342499 0.06379460194 0.09534669834 
0.343057 0.13278028336 0.09352219027 
0.343614 0.13919379579 0.09349563590 
0.344171 0.06235686322 0.09469430233 
0.344728 0.05426435132 0.09528134610 
0.345285 0.14972742343 0.09560396623 
0.345842 0.08076062209 0.09561085210 
0.346400 0.11784939292 0.09367343961 
0.346957 0.14400252662 0.09509376687 
0.347514 0.00591603930 0.09653488347 
0.348071 0.12102094017 0.09654615373 
0.348628 0.14582933157 0.09772564765 
0.349186 -0.01638687400 0.09709786219 
0.349743 0.16642292174 0.09695824151 
0.350300 0.06746758020 0.09715300433 
0.350857 0.05503911757 0.09808030145 
0.351414 0.12916645526 0.09674462397 
0.351971 0.04017549824 0.09758269286 
0.352529 0.10490360061 0.10006156965 
0.353086 0.07919037267 0.10062003541 
0.353643 0.11147700039 0.10074072201 
0.354200 0.08785674457 0.10121141846 
0.354757 0.27433121023 0.10167749895 
0.355314 0.19218535641 0.10104987941 
0.355872 0.10811220150 0.10378714416 
0.356429 0.03280546813 0.10361424167 
0.356986 0.06519725906 0.10224955244 
0.357543 0.11314747315 0.10377427569 
0.358100 0.20653259023 0.10330296649 
0.358657 0.05657174452 0.10321060642 
0.359215 0.15546762358 0.10436798181 
0.359772 0.17974598943 0.10370448143 
0.360329 0.25940732142 0.10478686218 
0.360886 0.09990841296 0.10340685005 
0.361443 0.12439894708 0.10455685026 
0.362000 0.09551858027 0.10330930387 
0.362558 0.21357196754 0.10401034734 
0.363115 0.17088552111 0.10340059398 
0.363672 0.06776754906 0.10359366256 
0.364229 0.13359169238 0.10359101471 
0.364786 0.19870697566 0.10431600972 
0.365343 0.18331878452 0.10166329751 
0.365900 0.08224028643 0.10144983640 
0.366458 -0.00780084545 0.10153713820 
0.367015 0.19821265743 0.10051933576 
0.367572 0.20163873342 0.10463718316 
0.368129 0.13202708636 0.10228293081 
0.368686 0.12883092321 0.10009194043 
0.369243 -0.02556398215 0.10158861532 
0.369801 0.16494928481 0.09985954661 
0.370358 0.14698387784 0.09959755118 
0.370915 -0.02520582149 0.10014670065 
0.371472 0.17826596495 0.10047144015 
0.372029 0.08281456947 0.09714932974 
0.372586 0.17748435868 0.09892159310 
0.373143 0.03972708929 0.09602606369 
0.373700 0.21362800936 0.09826941788 
0.374258 0.03250038079 0.09929497163 
0.374815 0.02054174682 0.09927678493 
0.375372 -0.00260502353 0.09704630320 
0.375929 0.12950151557 0.09726594477 
0.376486 -0.00727189391 0.09610925711 
0.377043 0.10995100243 0.09592622874 
0.377600 0.05703437905 0.09583381562 
0.378158 -0.01744907210 0.09366920098 
0.378715 0.09848541645 0.09490736843 
0.379272 0.03819145746 0.09441049378 
0.379829 0.20849008474 0.09412209605 
0.380386 0.13730114257 0.09253826043 
0.380943 0.08990176726 0.09394209475 
0.381500 0.16747814891 0.09225852915 
0.382057 0.10020862385 0.09433622986 
0.382615 0.07602515588 0.09357095181 
0.383172 0.16249134903 0.09295970691 
0.383729 -0.01380925966 0.09381986652 
0.384286 0.08649760143 0.09368471002 
0.384843 0.05501441421 0.09119113723 
0.385400 0.07058829199 0.09101386816 
0.385957 0.15991711292 0.09174492805 
0.386514 0.06539044819 0.09056577099 
0.387072 0.18121899276 0.09322712605 
0.387629 0.14763088257 0.09195060715 
0.388186 0.04962440407 0.09104029540 
0.388743 0.05909618149 0.08954860354 
0.389300 0.10475598993 0.09088093212 
0.389857 0.16699753291 0.08960715773 
0.390414 0.09849125782 0.09376402316 
0.390971 0.04342567772 0.09127937951 
0.391528 0.13674731798 0.09205246928 
0.392086 0.15360840145 0.08969598776 
0.392643 0.11366046350 0.08948559513 
0.393200 0.04052315721 0.08845801607 
0.393757 0.05425487572 0.08973887493 
0.394314 0.18841396950 0.08772284600 
0.394871 0.12859090239 0.08851599653 
0.395428 0.09791627026 0.08930046230 
0.395985 0.09558786184 0.08948655118 
0.396542 0.09094321644 0.08975432593 
0.397099 0.09420674781 0.09008224271 
0.397657 0.17134776723 0.08747086338 
0.398214 -0.01218338588 0.08965770818 
0.398771 0.11915417034 0.09016813853 
0.399328 0.01334858297 0.08864736360 
0.399885 0.08452583296 0.09008578872 
0.400442 0.12315743694 0.08945651176 
0.400999 0.19964387517 0.09120791695 
0.401556 0.01415575142 0.09289198319 
0.402113 0.14255125166 0.09166743802 
0.402670 0.16379028645 0.09519780657 
0.403227 0.08850709616 0.09390021440 
0.403785 0.10513514630 0.09471344317 
0.404342 0.14109574475 0.09823910186 
0.404899 0.11344322205 0.09892689178 
0.405456 0.06216551511 0.09977792963 
0.406013 0.00469011321 0.09828342321 
0.406570 0.17874180006 0.10198442330 
0.407127 0.17153604467 0.10285143338 
0.407684 0.10198844067 0.09999804610 
0.408241 0.11424332426 0.10471177794 
0.408798 0.08045515325 0.10255536817 
0.409355 0.05236533766 0.10558732571 
0.409912 -0.01245201008 0.10711954412 
0.410469 0.05341523934 0.10559370190 
0.411027 0.18355425311 0.10916902054 
0.411584 0.06131168832 0.10566066039 
0.412141 0.04294282970 0.10967102510 
0.412698 0.19003906779 0.11109749843 
0.413255 0.05974609430 0.11460369685 
0.413812 0.04367782701 0.11172718844 
0.414369 0.10375243887 0.11472254357 
0.414926 0.13692658956 0.11714641049 
0.415483 0.03019423875 0.11235149295 
0.416040 0.15675446674 0.11459869447 
0.416597 0.14903137411 0.11235157080 
0.417154 0.18523886348 0.11670560864 
0.417711 0.00479878943 0.11953782915 
0.418268 0.03907192312 0.12002407922 
0.418825 0.06921545049 0.11772965067 
0.419382 0.08495295669 0.11679978099 
0.419940 0.09897569724 0.11576699254 
0.420497 0.18840989452 0.11096997116 
0.421054 0.06157111656 0.11329454313 
0.421611 0.11392466770 0.11555792629 
0.422168 0.15708947432 0.11204971874 
0.422725 0.17653291295 0.11604824713 
0.423282 0.19575910309 0.11627939651 
0.423839 0.16829991860 0.11426047574 
0.424396 0.04179716238 0.11286275220 
0.424953 0.05352006066 0.11451757383 
0.425510 0.14325723683 0.11340528386 
0.426067 0.13068960874 0.11727191976 
0.426624 0.12521657336 0.11479033282 
0.427181 0.13631987453 0.11128245973 
0.427738 -0.00638503760 0.11947649214 
0.428295 0.03646251402 0.11870176773 
0.428852 0.10261838558 0.11508879239 
0.429409 0.05612120471 0.11209280469 
0.429966 0.13796796252 0.11762345340 
0.430523 0.02393004658 0.11858273168 
0.431080 -0.17535803298 0.11588637635 
0.431637 0.05110800271 0.11889541929 
0.432194 0.14121093308 0.11864200362 
0.432752 -0.05636043742 0.12164042317 
0.433309 -0.01850053405 0.11773277655 
0.433866 0.08793574737 0.12221094539 
0.434423 0.06065072706 0.11582239201 
0.434980 0.18546994190 0.11723664691 
0.435537 0.05632256562 0.11640251289 
0.436094 -0.05624164447 0.11854096931 
0.436651 0.13418573706 0.12059808797 
0.437208 0.19021098176 0.11929802261 
0.437765 -0.01238509667 0.11857396488 
0.438322 0.09057448672 0.11738577109 
0.438879 0.10751019707 0.12282737095 
0.439436 -0.01547277159 0.12035393137 
0.439993 0.33291308238 0.12311696334 
0.440550 0.07571679530 0.12412998712 
0.441107 0.02808647011 0.11902875105 
0.441664 0.17866742230 0.12276489046 
0.442221 -0.09169787448 0.12059052532 
0.442778 0.22786271524 0.12553881779 
0.443335 0.29591130810 0.12239197380 
0.443892 0.21865695751 0.12066320195 
0.444449 0.21330956298 0.12676794835 
0.445006 0.15344904963 0.12430361179 
0.445563 0.02590509520 0.12215092252 
0.446120 0.06857608643 0.12467895325 
0.446677 0.01143297005 0.12492562426 
0.447234 0.14004488757 0.12192151788 
0.447791 0.12467889472 0.12406238229 
0.448348 0.16920371232 0.12279432766 
0.448905 0.12019335046 0.12220129198 
0.449462 0.08220047923 0.12052356126 
0.450019 0.11724379450 0.12733474916 
0.450576 0.22634257009 0.12244715891 
0.451133 -0.05828487685 0.12348413921 
0.451690 -0.09077067633 0.12222755172 
0.452247 0.22925236424 0.12673327012 
0.452804 -0.01672061428 0.12283045005 
0.453361 0.17654470119 0.12281353578 
0.453918 0.09029714850 0.12015452793 
0.454475 0.13011342668 0.12061154611 
0.455032 0.18649692827 0.12723486361 
0.455589 0.09402214656 0.12085995021 
0.456146 0.05715281437 0.12030648101 
0.456703 0.18878468438 0.12053434555 
0.457260 0.14195310944 0.11907499259 
0.457817 0.07745889487 0.12027205856 
0.458374 0.15098660725 0.12148290445 
0.458931 0.09953284617 0.12263153437 
0.459488 0.01367276384 0.12171909826 
0.460045 0.03305572318 0.12042518026 
0.460602 0.10145138625 0.12263172362 
0.461159 0.08932063301 0.12385340284 
0.461716 -0.01162643513 0.11998501851 
0.462273 0.22081047732 0.12320936849 
0.462830 0.05086282214 0.12576704688 
0.463387 0.19663950928 0.12127263820 
0.463943 0.22689003395 0.12132683647 
0.464500 0.10162084258 0.12302668741 
0.465057 0.27666664824 0.11930199506 
0.465614 0.16381319966 0.11900540671 
0.466171 0.06655399977 0.12178072766 
0.466728 0.09187418550 0.12329963688 
0.467285 0.17765211817 0.12017719481 
0.467842 0.12925344285 0.12169004515 
0.468399 0.15998126706 0.12506973387 
0.468956 -0.02569203760 0.12486380617 
0.469513 0.09735206718 0.12569594431 
0.470070 0.10616020032 0.12273383621 
0.470627 0.16480054795 0.12178615954 
0.471184 0.01387486455 0.11989698831 
0.471741 0.25035190234 0.12617807349 
0.472298 -0.05237966487 0.12570563660 
0.472855 0.19744482429 0.12456032480 
0.473412 0.03690213825 0.11976757971 
0.473969 0.24334730017 0.12304788254 
0.474526 0.11369696955 0.12608784225 
0.475083 0.05642220514 0.12174855221 
0.475640 0.07460006556 0.12467289995 
0.476196 0.09631168371 0.12234451297 
0.476753 0.20210595177 0.12176380623 
0.477310 0.07179733340 0.12169285235 
0.477867 0.09865918073 0.12192237106 
0.478424 0.23395822538 0.12442452657 
0.478981 0.22544626036 0.12084733533 
0.479538 0.22607158460 0.12277205962 
0.480095 0.06640852220 0.12497862721 
0.480652 0.17342299689 0.12252021695 
0.481209 0.07704333194 0.11817661701 
0.481766 -0.00964127908 0.11668491839 
0.482323 0.11332633984 0.12035836875 
0.482880 0.06380440642 0.12064563371 
0.483437 0.01027337196 0.11827991047 
0.483994 0.16471151388 0.12249763662 
0.484550 -0.02483100989 0.12012730859 
0.485107 0.16375978132 0.11870539236 
0.485664 0.13668119868 0.12181442623 
0.486221 -0.06759939531 0.12052231538 
0.486778 0.00003432340 0.12036032583 
0.487335 0.12455145807 0.11784460244 
0.487892 0.12211306437 0.12209612522 
0.488449 -0.06398976503 0.12405995615 
0.489006 0.19108244797 0.12059455541 
0.489563 0.12568612263 0.12158635079 
0.490120 0.14116172724 0.12376617792 
0.490677 0.03860444869 0.12390876465 
0.491233 0.09339069303 0.12245213069 
0.491790 0.08298432794 0.12422288841 
0.492347 0.12453670197 0.12759612715 
0.492904 0.08368356593 0.12289893533 
0.493461 0.18699653248 0.12132469379 
0.494018 0.02148955654 0.12312013412 
0.494575 0.04113217168 0.12098213877 
0.495132 0.04076916112 0.12161805949 
0.495689 0.11211626170 0.12433870315 
0.496246 0.18574282038 0.12037858678 
0.496802 0.16472469743 0.12372179153 
0.497359 0.14494144281 0.11605340006 
0.497916 0.14562374922 0.11454924217 
0.498473 0.11810151221 0.11832154241 
0.499030 0.13294996181 0.12690906707 
0.499587 -0.01233521011 0.12200846830 
0.500144 0.10037924401 0.11741950876 
0.500701 0.16561941316 0.12071948714 
0.501258 0.06944259008 0.12071830982 
0.501815 0.14992747002 0.12167129761 
0.502371 0.22395060510 0.11791648238 
0.502928 -0.02933253804 0.12065732445 
0.503485 -0.08703823337 0.12000940016 
0.504042 -0.00266842181 0.12254322807 
0.504599 0.04660357276 0.12110490466 
0.505156 0.08429391857 0.11942657739 
0.505713 0.05276376722 0.11953649837 
0.506270 0.07838139079 0.12328143746 
0.506826 0.31095891377 0.12308389083 
0.507383 0.09487313616 0.11818815995 
0.507940 0.29677397562 0.12168159117 
0.508497 0.21294686962 0.12559891180 
0.509054 0.19724139616 0.12278708487 
0.509611 0.08545580243 0.12152122363 
0.510168 0.05858025183 0.12247007434 
0.510725 -0.00158689318 0.12336115280 
0.511281 0.07958006698 0.12070911143 
0.511838 0.18845394323 0.12513062480 
0.512395 0.11218365442 0.12873075755 
0.512952 0.13774395448 0.12355044414 
0.513509 0.17339032228 0.12464521844 
0.514066 0.19132500974 0.12795855590 
0.514623 0.10686823548 0.12656624618 
0.515179 0.19115588824 0.12904950106 
0.515736 0.11726948493 0.13017828073 
0.516293 -0.08240679221 0.12758017787 
0.516850 0.02098156392 0.13334053681 
0.517407 0.04060133233 0.12816434474 
0.517964 0.11594138237 0.13004596344 
0.518521 0.11578768350 0.13039093614 
0.519077 0.01941750047 0.12757265993 
0.519634 0.07150507415 0.13110645010 
0.520191 0.21931403123 0.13047112042 
0.520748 0.11063182467 0.13250262857 
0.521305 0.10011650156 0.13075551040 
0.521862 0.06254349357 0.13166628846 
0.522418 0.10827290163 0.13366181877 
0.522975 0.06889661875 0.13581372100 
0.523532 0.24822824272 0.13586556441 
0.524089 0.07626746405 0.13092147142 
0.524646 -0.02368345896 0.13868844912 
0.525203 0.18977793279 0.14376063804 
0.525759 0.03570749952 0.13901576675 
0.526316 0.02344590374 0.13622488867 
0.526873 0.24984273892 0.13926576549 
0.527430 0.18414716870 0.13729861109 
0.527987 0.05881851395 0.14406693975 
0.528544 0.15788893876 0.14378739753 
0.529100 0.01590762954 0.13928465387 
0.529657 0.22428804499 0.14568880768 
0.530214 -0.00138063726 0.13934928000 
0.530771 -0.09489011442 0.14131832119 
0.531328 -0.00052906952 0.14966654548 
0.531884 -0.00839715648 0.14555703043 
0.532441 0.06740289311 0.15445995718 
0.532998 0.09466331067 0.14908980403 
0.533555 0.29266241438 0.14686141704 
0.534112 0.22462756937 0.15167278454 
0.534669 0.11953246222 0.15252184326 
0.535225 -0.02787514715 0.15572973195 
0.535782 0.17702267843 0.15480792023 
0.536339 0.17713613410 0.16475455877 
0.536896 0.02704341430 0.15866251585 
0.537453 0.28046814444 0.15677026127 
0.538009 0.01018190103 0.16743569834 
0.538566 0.21615641982 0.17376866272 
0.539123 0.22005474706 0.18159355794 
0.539680 0.08111452610 0.18680963533 
0.540237 0.20479152765 0.18352687366 
0.540793 0.14435220340 0.19165653470 
0.541350 0.19065399729 0.21075846989 
0.541907 0.58887450676 0.23349014938 
0.542464 0.56259628273 0.25763713419 
0.543021 -0.26483107932 0.37427301904 
