0.011985 158.36370571576 0.00000000000 
0.012543 153.35511623071 10.65891849788 
0.013100 148.85608971405 12.76628337185 
0.013658 147.17499773301 10.35535733379 
0.014215 145.40781219776 9.36246737998 
0.014772 140.05891953540 7.15675884490 
0.015330 140.57120444344 5.43932976343 
0.015887 135.97907706349 5.04936213926 
0.016445 132.67259179521 3.99003433955 
0.017002 129.92586998421 4.05031816162 
0.017560 126.38042342773 3.62396202712 
0.018117 122.42311994763 2.82968962810 
0.018675 120.71998595510 2.31622401297 
0.019232 114.77129099443 2.50236826696 
0.019789 111.94948653919 2.24164991006 
0.020347 107.74147662089 2.01623479601 
0.020904 104.93855697245 1.86111491901 
0.021462 100.06842044489 1.68991940257 
0.022019 97.30664782961 1.48719572189 
0.022577 94.65114765546 1.45131789396 
0.023134 90.25421371118 1.38970772607 
0.023692 88.44819277133 1.28271267287 
0.024249 84.40708315190 1.10667493663 
0.024807 81.86236723321 1.21067846027 
0.025364 78.86795416783 0.98570069983 
0.025921 75.37672289505 0.96683445002 
0.026479 73.23148644214 0.90242215165 
0.027036 70.09904794735 0.78317410152 
0.027594 65.72152314065 0.79755217543 
0.028151 64.79689966130 0.79507566998 
0.028709 60.88534324073 0.74247050072 
0.029266 59.40402914404 0.65381529951 
0.029824 56.35843233781 0.69881892623 
0.030381 53.05099599201 0.60044471347 
0.030938 51.14503647451 0.61145963758 
0.031496 49.09752150664 0.57152384679 
0.032053 46.92204753432 0.59178841357 
0.032611 45.14360355311 0.54257467693 
0.033168 43.69632615958 0.51478149060 
0.033726 41.54899111391 0.54004081457 
0.034283 39.54960865817 0.53503307604 
0.034841 37.50485743442 0.49672198906 
0.035398 35.55826651880 0.46517797680 
0.035955 34.29532238571 0.46533060217 
0.036513 32.03992199246 0.44474357175 
0.037070 31.06064026500 0.45038333129 
0.037628 29.35129876830 0.43926539658 
0.038185 28.11329567464 0.41145783892 
0.038743 27.09127770612 0.40177953675 
0.039300 25.55062376604 0.41595405810 
0.039858 24.05728086903 0.39674486169 
0.040415 22.95903547187 0.35197221908 
0.040973 21.71984558654 0.39470388740 
0.041530 21.02329676634 0.36060463643 
0.042087 20.19230079822 0.37076095007 
0.042645 18.90252055270 0.35961434312 
0.043202 18.13348228364 0.36200563294 
0.043760 17.57181388010 0.32723194518 
0.044317 16.98805275617 0.31618254064 
0.044875 16.14301515123 0.33594782096 
0.045432 15.80447087634 0.33471625818 
0.045990 14.63060930247 0.31023284445 
0.046547 14.32835246763 0.31410711891 
0.047104 13.72229816413 0.30955744997 
0.047662 13.02309665201 0.30908308854 
0.048219 12.28367678170 0.29615437316 
0.048777 12.17362377701 0.29258187312 
0.049334 11.86227301855 0.28978553213 
0.049892 11.58514028858 0.28689794761 
0.050449 11.03759772268 0.28626821666 
0.051007 10.79528192075 0.27963981249 
0.051564 10.44613176402 0.28210281252 
0.052121 9.97060524084 0.27235865513 
0.052679 9.66170448363 0.28062693557 
0.053236 9.85676901228 0.27184145313 
0.053794 9.15933987322 0.25769366299 
0.054351 8.99897554131 0.25798494908 
0.054909 8.61668480816 0.26001284761 
0.055466 8.47214474663 0.24747195987 
0.056024 8.65512807944 0.26183743752 
0.056581 8.34863818126 0.23979074452 
0.057138 8.06162140719 0.24226963091 
0.057696 7.80837425605 0.23947156603 
0.058253 7.89920036425 0.24564074444 
0.058811 7.24907628895 0.24076587829 
0.059368 7.37349055195 0.24304657054 
0.059926 7.28461095833 0.23169238358 
0.060483 7.15821242554 0.23916887482 
0.061041 7.03626700524 0.22424604097 
0.061598 6.91025743886 0.23279110317 
0.062155 6.93029383801 0.22486822265 
0.062713 6.84515957920 0.23124734727 
0.063270 6.52537407917 0.22177547229 
0.063828 6.38901404569 0.21708614098 
0.064385 6.34078986665 0.21624263356 
0.064943 6.20787300583 0.21456225132 
0.065500 6.20585307220 0.21632318195 
0.066057 6.08057212470 0.21228067551 
0.066615 5.81189014885 0.20863803878 
0.067172 5.80305134270 0.21192920226 
0.067730 5.98496386992 0.20762502210 
0.068287 5.56040287327 0.20542599296 
0.068845 5.50227029947 0.20116566130 
0.069402 5.60523428885 0.19858627066 
0.069960 5.13403516214 0.20982139585 
0.070517 5.16649971396 0.20111414575 
0.071074 5.02304495559 0.19687507346 
0.071632 4.92992238887 0.19797068470 
0.072189 4.89533170174 0.18694944207 
0.072747 4.89519219701 0.19881693466 
0.073304 4.61103917939 0.19560563618 
0.073862 4.54709483414 0.19866961260 
0.074419 4.29475605540 0.18899217775 
0.074977 4.48043209153 0.18753256431 
0.075534 4.12862273038 0.19447337501 
0.076091 4.05009255219 0.18667648652 
0.076649 3.98942927371 0.18340219008 
0.077206 3.77685667332 0.18563153168 
0.077764 3.79425945907 0.18407433583 
0.078321 3.63968473853 0.18364930168 
0.078879 3.46394680871 0.18572755797 
0.079436 3.65678305422 0.17651343288 
0.079993 3.46372418842 0.18433604004 
0.080551 3.12974226919 0.18080834169 
0.081108 3.17980368907 0.17360328831 
0.081666 3.02794315198 0.17353691347 
0.082223 2.87978824847 0.17391986595 
0.082781 2.89753761718 0.17545962565 
0.083338 2.86741467865 0.17948296922 
0.083895 2.50051042392 0.16501320601 
0.084453 2.53768056573 0.17298119284 
0.085010 2.38139737762 0.17123283943 
0.085568 2.47446231411 0.17031451613 
0.086125 2.48032214589 0.17137909706 
0.086683 2.12322131026 0.16453639384 
0.087240 2.11919548757 0.17184288150 
0.087798 2.12139729016 0.16500236790 
0.088355 1.84644296184 0.16809651381 
0.088912 1.99843367385 0.15986770239 
0.089470 1.81254262323 0.16072271129 
0.090027 1.84062294657 0.16378439504 
0.090585 1.83464204631 0.16019352710 
0.091142 1.78403242804 0.15796377716 
0.091700 1.54152062112 0.15655996723 
0.092257 1.56421686045 0.15373492152 
0.092814 1.57023672001 0.15605396994 
0.093372 1.51467544324 0.15907158388 
0.093929 1.41386193140 0.15306948891 
0.094487 1.50776965232 0.15561022043 
0.095044 1.20927586316 0.15459496803 
0.095602 1.20379535864 0.15186114715 
0.096159 1.36175159701 0.15330535826 
0.096716 1.31660828162 0.14885799377 
0.097274 1.53544633708 0.15572963832 
0.097831 1.28475577045 0.15597489167 
0.098389 1.19320925849 0.14770987182 
0.098946 1.32390215882 0.14705977321 
0.099504 1.35589855394 0.14380865833 
0.100061 1.23066295901 0.14942695104 
0.100618 0.97945423095 0.14351133771 
0.101176 1.14044597872 0.14781919299 
0.101733 1.15904106188 0.14496232223 
0.102291 1.10531838149 0.14428879592 
0.102848 1.01587093768 0.14890599361 
0.103406 0.94102544264 0.14331739777 
0.103963 1.04412468360 0.14554280124 
0.104520 0.92431770321 0.14436633606 
0.105078 0.77876408795 0.14572735172 
0.105635 1.01044790503 0.14269005569 
0.106193 0.89202739135 0.14630982287 
0.106750 0.87344254069 0.14184976472 
0.107308 0.74127472278 0.14295783600 
0.107865 0.86048774190 0.14029722531 
0.108422 1.08520673839 0.13840364693 
0.108980 0.94395535464 0.13928109547 
0.109537 0.81772895659 0.13809169746 
0.110095 0.80255120997 0.13717218731 
0.110652 1.10850876658 0.13800265087 
0.111210 0.87496252760 0.13820548228 
0.111767 0.89440070400 0.13693052790 
0.112324 0.68206707448 0.13573470105 
0.112882 0.70361821354 0.13524867625 
0.113439 0.79760363438 0.13854006574 
0.113997 0.88855920182 0.13446349304 
0.114554 0.69617081041 0.13282204230 
0.115111 0.80365557882 0.13494089622 
0.115669 0.70957461818 0.13345319456 
0.116226 0.64362697391 0.13493709708 
0.116784 0.86889387483 0.13216947301 
0.117341 0.96614587281 0.13096616964 
0.117899 0.84606223349 0.13379044908 
0.118456 0.78050315061 0.13393175910 
0.119013 0.87450640622 0.13455941446 
0.119571 0.59097990568 0.13291331997 
0.120128 0.59711460011 0.13510326851 
0.120686 0.77598663020 0.13095682743 
0.121243 0.66560903343 0.13594602595 
0.121800 0.70957013774 0.12790561114 
0.122358 0.77067047074 0.13247889367 
0.122915 0.74089386856 0.13169275780 
0.123473 0.62192791750 0.13084295624 
0.124030 0.55823786170 0.12846626004 
0.124588 0.74503938043 0.13334489048 
0.125145 0.72116347584 0.13150475209 
0.125702 0.80312459024 0.12579042233 
0.126260 0.48278954089 0.12615449276 
0.126817 0.60636483879 0.12642241404 
0.127375 0.67158685827 0.12978204233 
0.127932 0.56034594997 0.12864193540 
0.128489 0.64169356319 0.13053241939 
0.129047 0.54682355845 0.12354044955 
0.129604 0.52015637705 0.12620137295 
0.130162 0.70311435491 0.12204391506 
0.130719 0.52958601394 0.12610180329 
0.131277 0.50279279096 0.12149362944 
0.131834 0.55488787871 0.12913213674 
0.132391 0.47613432864 0.12219835567 
0.132949 0.45073719197 0.13032657757 
0.133506 0.44553650434 0.13105708401 
0.134064 0.40835184043 0.13608697879 
0.134621 0.73356677692 0.13776293659 
0.135178 0.40518538077 0.13823449564 
0.135736 0.58725985680 0.14082267953 
0.136293 0.56268282870 0.13852259920 
0.136851 0.61523228803 0.13988366771 
0.137408 0.53765944006 0.13798809472 
0.137965 0.44756845444 0.13876289653 
0.138523 0.52889443697 0.13612852485 
0.139080 0.41603249289 0.13637196990 
0.139638 0.40969122887 0.13775513073 
0.140195 0.46768684622 0.13539974466 
0.140752 0.31539528632 0.13937466976 
0.141310 0.36823715377 0.14646495002 
0.141867 0.52455877661 0.14151474169 
0.142425 0.30703542491 0.13752603480 
0.142982 0.37646373361 0.13692028941 
0.143540 0.41384602390 0.14016210646 
0.144097 0.23112323831 0.13530511096 
0.144654 0.13709825476 0.13227804723 
0.145212 0.53625886227 0.13006412057 
0.145769 0.14810274251 0.12749175064 
0.146327 0.14361320783 0.12751577028 
0.146884 0.32951777164 0.12915158142 
0.147441 0.34668936532 0.12932780243 
0.147999 0.30983330666 0.12306872890 
0.148556 0.33629009803 0.12657756344 
0.149114 0.23233810184 0.12664459424 
0.149671 0.27982045849 0.12575582445 
0.150228 0.24141205438 0.12526916625 
0.150786 0.15863513915 0.12688728133 
0.151343 0.42147826957 0.12191424832 
0.151901 0.31825287212 0.12202288656 
0.152458 0.24392194258 0.12096085735 
0.153015 0.09085287769 0.12202507590 
0.153573 0.19604447933 0.12016794089 
0.154130 0.34912266140 0.11999510058 
0.154688 0.26068733303 0.12033445183 
0.155245 0.29112913229 0.12079329563 
0.155802 0.36265330782 0.11894177248 
0.156360 0.25029432304 0.11765007116 
0.156917 0.31186579479 0.12025294404 
0.157475 0.29413470253 0.11577960920 
0.158032 0.14713472848 0.11692138282 
0.158589 0.26268385477 0.11575422669 
0.159147 0.21153364282 0.11903659449 
0.159704 0.26028113867 0.11572389550 
0.160261 0.07896790221 0.11563684905 
0.160819 0.13121533727 0.11958386019 
0.161376 0.28037416743 0.11599641031 
0.161934 0.07320234992 0.11382344235 
0.162491 0.11534061614 0.11756081472 
0.163048 0.10688839828 0.11727995811 
0.163606 0.30566984300 0.11469317417 
0.164163 0.19728347230 0.11497858987 
0.164721 0.11985236841 0.11499450774 
0.165278 0.24617728139 0.11507911335 
0.165835 0.10248912876 0.11521665428 
0.166393 0.17312703923 0.11376410526 
0.166950 0.11250167572 0.11317716940 
0.167508 0.09589510295 0.11137767671 
0.168065 0.13463016647 0.11276528893 
0.168622 0.03281252823 0.11191094240 
0.169180 0.17767875118 0.11050238864 
0.169737 0.13922700716 0.10952212695 
0.170294 0.14139267552 0.11193807117 
0.170852 0.11168337642 0.11255334815 
0.171409 0.09901612828 0.11069279306 
0.171967 0.10546427988 0.11290428955 
0.172524 0.05878850829 0.11151599336 
0.173081 -0.11014160318 0.11234536324 
0.173639 0.09684718412 0.11318728765 
0.174196 0.18933206418 0.11045144303 
0.174754 0.05327001165 0.10833948163 
0.175311 0.10433085603 0.10899338528 
0.175868 0.06782105190 0.11092287708 
0.176426 0.15065539115 0.10731494437 
0.176983 0.05067874887 0.10784394513 
0.177540 0.01135795900 0.10932128453 
0.178098 -0.02707918999 0.11085405354 
0.178655 0.02991621451 0.10710427641 
0.179213 0.10205655863 0.10929948724 
0.179770 -0.00562897163 0.10949739680 
0.180327 0.22364905685 0.10838773027 
0.180885 0.09280303782 0.10645101043 
0.181442 0.18306807443 0.10501095894 
0.181999 0.17685886446 0.10742751714 
0.182557 0.09458345739 0.10694943048 
0.183114 0.06064676607 0.10693847678 
0.183672 0.05932659110 0.10818552726 
0.184229 0.15064343304 0.10514173846 
0.184786 0.06996633540 0.10612269836 
0.185344 0.10606306190 0.10451119812 
0.185901 0.10545060669 0.10583850589 
0.186458 0.06200757222 0.10534957282 
0.187016 0.17342900425 0.10690522249 
0.187573 0.09261801211 0.10492312004 
0.188131 0.09064640785 0.10716050465 
0.188688 0.21453963393 0.10465067787 
0.189245 0.16990969154 0.10562461360 
0.189803 0.06925387969 0.10550624238 
0.190360 0.21836416991 0.10448262077 
0.190917 0.07673149598 0.10895571117 
0.191475 0.22630540015 0.10682471747 
0.192032 0.02178473688 0.10457947310 
0.192590 0.08150891421 0.10260227393 
0.193147 0.12088685093 0.10314554521 
0.193704 0.18283752045 0.10599815720 
0.194262 0.08716523191 0.10083966304 
0.194819 0.10917796314 0.10183351339 
0.195376 0.17467662738 0.10294624499 
0.195934 0.10158402916 0.10420588261 
0.196491 -0.03222311896 0.10320409136 
0.197048 0.15580852617 0.10156856935 
0.197606 -0.08315343331 0.10356948758 
0.198163 0.07845484790 0.10137834548 
0.198721 0.06531066474 0.10247269465 
0.199278 0.21917234951 0.10140736131 
0.199835 0.12266566664 0.10015321817 
0.200393 0.15403391362 0.10155365035 
0.200950 0.10375534229 0.10106084158 
0.201507 0.16428132638 0.10182530730 
0.202065 0.16540024656 0.10054190640 
0.202622 0.04793043494 0.09876271281 
0.203179 0.12944022776 0.09978631017 
0.203737 0.07395072428 0.10073495294 
0.204294 0.01899781317 0.10117410729 
0.204851 0.08065161468 0.09939284504 
0.205409 0.03587014139 0.10294643185 
0.205966 0.20474880596 0.09956270742 
0.206524 0.13141572830 0.09788441891 
0.207081 0.11725413462 0.10094981732 
0.207638 0.01459546589 0.09608248485 
0.208196 0.04402561851 0.09769150360 
0.208753 0.19981587129 0.09483652703 
0.209310 0.14403608893 0.09797110800 
0.209868 0.15473694819 0.09796387714 
0.210425 0.06309758969 0.09928749481 
0.210982 0.22453349593 0.09948068918 
0.211540 0.01623205248 0.09766518523 
0.212097 0.23560220938 0.10009150832 
0.212654 0.20534065636 0.09695550326 
0.213212 0.12594619051 0.09698991491 
0.213769 0.13253498012 0.09489409025 
0.214326 0.10163558520 0.09760436472 
0.214884 0.19770573906 0.09701448127 
0.215441 0.27199349279 0.09511111030 
0.215999 0.00156777851 0.09496708129 
0.216556 0.03963488370 0.09548115288 
0.217113 0.04311563261 0.09553881318 
0.217671 0.06699784497 0.09585486534 
0.218228 0.06622315940 0.09424434316 
0.218785 0.04365331663 0.09544481198 
0.219343 0.05596734829 0.09719386520 
0.219900 0.14779636152 0.09570516620 
0.220457 0.10204885031 0.09513036246 
0.221015 0.13778516052 0.09399653881 
0.221572 0.11711601128 0.09504457118 
0.222129 0.10647771667 0.09165008892 
0.222687 0.21368891181 0.09578904488 
0.223244 0.14654428909 0.09423528189 
0.223801 0.06477583636 0.09491626825 
0.224359 0.22849738289 0.09259299464 
0.224916 0.17713292248 0.09305086552 
0.225473 0.28998294231 0.09438853121 
0.226031 0.09722625295 0.09315220718 
0.226588 0.13904902173 0.09623909207 
0.227145 0.11797293762 0.09470072589 
0.227703 0.14247930894 0.09493292621 
0.228260 0.12966567143 0.09243352018 
0.228817 0.18416031201 0.09538954076 
0.229375 0.24147467829 0.09560107453 
0.229932 0.02624288633 0.09162790385 
0.230489 0.04614006083 0.08887274429 
0.231047 0.05891638202 0.09222631836 
0.231604 0.16424301782 0.09104558086 
0.232161 0.03446342701 0.09211477418 
0.232719 0.05939254722 0.09258222530 
0.233276 0.14690964207 0.09147936842 
0.233833 0.13596697399 0.08981580327 
0.234391 0.09109837106 0.09238563503 
0.234948 0.13653529838 0.09248602359 
0.235505 0.05959415336 0.09135874762 
0.236063 0.19347608754 0.09167182839 
0.236620 0.17295562518 0.09096939116 
0.237177 0.14660437157 0.08960582156 
0.237735 0.23506405454 0.09123216934 
0.238292 0.06258440747 0.09098820838 
0.238849 0.17656284684 0.09043167684 
0.239407 0.10836623395 0.09129979882 
0.239964 0.07519592810 0.09024339629 
0.240521 0.14728941394 0.09054770286 
0.241079 0.16741256703 0.09172646701 
0.241636 0.06705704479 0.09056803045 
0.242193 0.12447848850 0.09116220109 
0.242750 0.08477476448 0.09052234946 
0.243308 0.04483576425 0.08906912438 
0.243865 0.19376729058 0.09045283690 
0.244422 0.11248572909 0.09107257275 
0.244980 0.19903862981 0.08884996404 
0.245537 0.03279624164 0.08904236943 
0.246094 0.13075277616 0.09134314838 
0.246652 0.09007243264 0.08962327759 
0.247209 0.20209741746 0.08778029835 
0.247766 0.12366226635 0.08959364316 
0.248324 0.18510810503 0.09019971731 
0.248881 0.14515268316 0.08978687399 
0.249438 0.09823955818 0.08779808206 
0.249996 0.08531439234 0.09061527780 
0.250553 0.14133070429 0.08865592896 
0.251110 0.10212081208 0.08706098423 
0.251667 0.15317283726 0.08921913257 
0.252225 0.06502187185 0.08860686823 
0.252782 -0.02813120146 0.08871526963 
0.253339 0.14319859056 0.08934599344 
0.253897 0.23080733198 0.08967146405 
0.254454 0.15179363991 0.08853034336 
0.255011 -0.00914131859 0.08588339480 
0.255569 0.05844900036 0.08652431625 
0.256126 0.05406845635 0.08728279044 
0.256683 -0.04246485014 0.08786054574 
0.257241 0.09998732390 0.08718789472 
0.257798 0.05768993976 0.08804995434 
0.258355 0.05413650884 0.08582269824 
0.258912 0.21639417303 0.08489703081 
0.259470 0.12837377647 0.08524140568 
0.260027 -0.01451220013 0.08450232850 
0.260584 0.03459696460 0.08636911626 
0.261142 0.12834687936 0.08625817634 
0.261699 0.20574512685 0.08686719282 
0.262256 0.12093545373 0.08670721025 
0.262814 0.06308665445 0.08683446487 
0.263371 0.01141304140 0.08483870008 
0.263928 0.05096462516 0.08712369249 
0.264485 0.03890976546 0.08644250396 
0.265043 0.00405906791 0.08583148387 
0.265600 0.13843044043 0.08555327177 
0.266157 0.14921841280 0.08569360315 
0.266715 0.17035448776 0.08564058058 
0.267272 0.09702921212 0.08515932200 
0.267829 0.09531449195 0.08603985241 
0.268386 0.07383785920 0.08524894578 
0.268944 0.04388035787 0.08610689557 
0.269501 0.11241527743 0.08341990873 
0.270058 0.08592196900 0.08246061404 
0.270616 0.08232402101 0.08503313388 
0.271173 0.04919225913 0.08545916691 
0.271730 0.00540583491 0.08676212994 
0.272287 0.14552694884 0.08507095009 
0.272845 0.02567671461 0.08715064723 
0.273402 0.04977186922 0.08775026128 
0.273959 -0.02239618010 0.08940225511 
0.274517 0.08952056845 0.08810453294 
0.275074 0.07279730657 0.08827296276 
0.275631 0.16072986245 0.08799300105 
0.276188 0.09064869420 0.09108334260 
0.276746 0.05910786961 0.08809309539 
0.277303 0.08532373885 0.08991375871 
0.277860 0.06350571579 0.08928110139 
0.278418 -0.02070704293 0.08969719287 
0.278975 -0.01557723386 0.09200838366 
0.279532 0.10334199109 0.09063398612 
0.280089 0.03287769720 0.09110167969 
0.280647 0.10204478894 0.09067256350 
0.281204 -0.04928803002 0.09040283214 
0.281761 0.05555224816 0.08986886589 
0.282318 -0.01648122390 0.09038348350 
0.282876 0.03739660241 0.08941452653 
0.283433 0.12905009855 0.08730650572 
0.283990 0.02523080556 0.08690526995 
0.284548 -0.05325358432 0.08761082796 
0.285105 0.06493421407 0.08690245912 
0.285662 0.08873554316 0.08619489703 
0.286219 0.10448657639 0.08632496651 
0.286777 0.04230758619 0.08669654330 
0.287334 0.13417920410 0.08424098334 
0.287891 0.16929348244 0.08311924673 
0.288448 0.14176174839 0.08462498029 
0.289006 0.09202719317 0.08453655924 
0.289563 0.08899982837 0.08687617503 
0.290120 -0.03148401871 0.08420260437 
0.290677 0.10720376879 0.08453053167 
0.291235 0.10640724793 0.08428404358 
0.291792 0.08956451230 0.08539109906 
0.292349 0.10717953329 0.08441372392 
0.292906 0.23161860597 0.08545669098 
0.293464 0.18392033512 0.08551090055 
0.294021 -0.01096544575 0.08514358717 
0.294578 0.02295054099 0.08613261374 
0.295136 0.08840563570 0.08498061805 
0.295693 0.06776898162 0.08611157782 
0.296250 0.02875796287 0.08631867488 
0.296807 0.30346508429 0.08713704531 
0.297365 0.06542476858 0.08721780374 
0.297922 0.02059352079 0.08555199369 
0.298479 0.04445442280 0.08714194346 
0.299036 0.08663227612 0.08512955797 
0.299594 0.07684434868 0.08637317874 
0.300151 0.05773819081 0.08760281515 
0.300708 -0.03074936964 0.08617599594 
0.301265 0.08473579585 0.08629990561 
0.301823 0.18281227004 0.08596798051 
0.302380 0.11699081178 0.08616953478 
0.302937 -0.00937282702 0.08599005891 
0.303494 0.15823592022 0.08552254423 
0.304052 -0.04975157731 0.08510903844 
0.304609 -0.04908797930 0.08608425336 
0.305166 0.00457397667 0.08603419838 
0.305723 0.09324601180 0.08627173467 
0.306280 0.08958057881 0.08672881683 
0.306838 0.03336880344 0.08587212648 
0.307395 0.16183197370 0.08616985774 
0.307952 0.07305038471 0.08726294136 
0.308509 0.19349418670 0.08629512821 
0.309067 0.04827041019 0.08643749811 
0.309624 0.18963498321 0.08768027789 
0.310181 0.13059369872 0.08444854030 
0.310738 0.08217920732 0.08539141672 
0.311296 0.02575848771 0.08481089225 
0.311853 0.04761229430 0.08606857575 
0.312410 0.05549956810 0.08785516347 
0.312967 -0.10875575225 0.08704773477 
0.313525 0.13114549644 0.08595162072 
0.314082 0.05218858223 0.08567867177 
0.314639 0.08030656850 0.08669101357 
0.315196 0.10223066059 0.08629676943 
0.315753 0.18292823995 0.08590817430 
0.316311 0.05761426867 0.08563904084 
0.316868 0.10176462268 0.08586252574 
0.317425 0.19851934334 0.08443096965 
0.317982 0.09433462608 0.08895731131 
0.318540 0.31217078496 0.08757340416 
0.319097 0.10473508272 0.08649352748 
0.319654 0.10475157137 0.08835645821 
0.320211 0.14233995388 0.08750730127 
0.320768 0.10638761499 0.08746730588 
0.321326 0.04183267023 0.08487914934 
0.321883 0.06646261411 0.08689186508 
0.322440 0.08969897049 0.08819321723 
0.322997 0.16206755556 0.08738727231 
0.323555 0.12797813538 0.08776871482 
0.324112 0.07704035741 0.08744891105 
0.324669 0.00673524468 0.08684246956 
0.325226 0.08734731613 0.08682300133 
0.325783 0.18263336059 0.08674482473 
0.326341 0.10130804375 0.08796206160 
0.326898 0.03812263973 0.09029204091 
0.327455 0.01965112147 0.08730769870 
0.328012 0.13411975066 0.08925183076 
0.328569 0.06886715045 0.08896163772 
0.329127 0.17473348982 0.08780216012 
0.329684 0.18645566904 0.08723304277 
0.330241 0.11393810758 0.08879857726 
0.330798 0.15209497274 0.09009070650 
0.331355 0.13508342684 0.08718125620 
0.331913 0.00955789082 0.08808551999 
0.332470 0.09582359483 0.09035385576 
0.333027 0.12248769690 0.08953712906 
0.333584 0.08199881687 0.09016728366 
0.334141 0.02607984760 0.08795248004 
0.334699 0.10921699729 0.08971901756 
0.335256 0.02988595643 0.09206317596 
0.335813 0.10708178739 0.09009019188 
0.336370 0.06525244889 0.09123103870 
0.336927 0.12516486735 0.09202618072 
0.337485 0.28071447835 0.09316047574 
0.338042 0.13883918532 0.09089773900 
0.338599 0.11386833699 0.09081213705 
0.339156 0.16299620937 0.09315467332 
0.339713 0.15703896667 0.09119498929 
0.340271 -0.01899243109 0.09263935182 
0.340828 0.08862780743 0.09234973847 
0.341385 -0.05549453300 0.09541436137 
0.341942 0.08516600313 0.09430971807 
0.342499 0.11454941278 0.09306789617 
0.343057 0.20829627757 0.09329065182 
0.343614 0.09047672340 0.09468979359 
0.344171 0.08825336196 0.09410635155 
0.344728 0.07441050703 0.09453093871 
0.345285 0.14604300587 0.09460621090 
0.345842 0.06234724744 0.09536180342 
0.346400 -0.00074257572 0.09353561903 
0.346957 0.06185835898 0.09518883773 
0.347514 0.21208057780 0.09683823468 
0.348071 0.04313605154 0.09455753083 
0.348628 -0.02348232609 0.09625593163 
0.349186 0.01002847808 0.09663174320 
0.349743 0.13016524685 0.09817662529 
0.350300 0.09069148517 0.09569352007 
0.350857 0.12568431935 0.09844555338 
0.351414 0.07636866146 0.09732346278 
0.351971 0.06220114921 0.10006291352 
0.352529 0.10184167278 0.10054093929 
0.353086 0.07632381901 0.10019482538 
0.353643 0.13886497782 0.10257266430 
0.354200 0.13736479156 0.10030264297 
0.354757 0.15148369574 0.10226448141 
0.355314 0.08609751863 0.10282816195 
0.355872 0.07770540634 0.10088062043 
0.356429 0.09328237735 0.10352392808 
0.356986 0.08196613789 0.10225033105 
0.357543 0.15960701890 0.10276696420 
0.358100 0.12802079157 0.10317597125 
0.358657 -0.09408784674 0.10530214835 
0.359215 -0.01153577596 0.10347548555 
0.359772 0.28120051225 0.10409221183 
0.360329 0.07807136406 0.10121568102 
0.360886 -0.03043294683 0.10392840193 
0.361443 0.09223942311 0.10355749835 
0.362000 0.11714824958 0.10225086715 
0.362558 -0.01886142972 0.10422012724 
0.363115 0.11338964546 0.10252441208 
0.363672 0.06167188255 0.10368994681 
0.364229 -0.00581055697 0.10110880295 
0.364786 0.12275248801 0.10066569376 
0.365343 0.06913852585 0.10211713813 
0.365900 0.12112506292 0.10204000388 
0.366458 -0.02513236862 0.10227841588 
0.367015 0.10552026639 0.10232191035 
0.367572 0.14565704249 0.10324940434 
0.368129 0.04155834659 0.10191580546 
0.368686 0.15688208535 0.10149790636 
0.369243 0.06182337153 0.10191203071 
0.369801 0.22770454175 0.09934464596 
0.370358 0.22958322608 0.09987495646 
0.370915 0.02057187416 0.09861249677 
0.371472 0.11259341465 0.09989013211 
0.372029 0.19229580327 0.09800421945 
0.372586 -0.01954506613 0.09626927857 
0.373143 0.08229667410 0.09992984740 
0.373700 0.18545809114 0.09828017417 
0.374258 0.06948600772 0.09675081321 
0.374815 0.05916700695 0.09882087367 
0.375372 0.08213155095 0.09797338906 
0.375929 0.01525489342 0.09584419002 
0.376486 0.02530320618 0.09829186171 
0.377043 0.14016234345 0.09656122777 
0.377600 0.14682786840 0.09566400904 
0.378158 0.11066290996 0.09589344923 
0.378715 0.06603578377 0.09511544762 
0.379272 0.05890198278 0.09584924398 
0.379829 0.08502799517 0.09391293429 
0.380386 0.05324971471 0.09462614672 
0.380943 0.10633228275 0.09397526721 
0.381500 0.10775620425 0.09504384931 
0.382057 0.05569542053 0.09066258879 
0.382615 0.11202456225 0.09489842899 
0.383172 0.00085109504 0.09304278460 
0.383729 0.01905052141 0.09356300546 
0.384286 0.14717906193 0.09122319184 
0.384843 0.09979350554 0.09234303426 
0.385400 0.05206814145 0.09280857015 
0.385957 0.03961051885 0.09226576470 
0.386514 0.19687730921 0.09123945621 
0.387072 0.04578449552 0.09231243029 
0.387629 0.11810916053 0.09387644096 
0.388186 0.08845518244 0.09119979064 
0.388743 0.03725803236 0.09121123352 
0.389300 0.00887331560 0.09173990623 
0.389857 0.08370854062 0.08922213753 
0.390414 0.13603018649 0.09074988930 
0.390971 0.04647454525 0.09192505774 
0.391528 0.08895679261 0.09059985708 
0.392086 0.11370759669 0.09010878661 
0.392643 0.11540282467 0.09069658340 
0.393200 0.05558387068 0.09041984045 
0.393757 0.09944382913 0.09111118101 
0.394314 0.21132215554 0.08870536934 
0.394871 0.13739376195 0.08936430226 
0.395428 0.02681171247 0.08935611783 
0.395985 0.03617582982 0.08874994887 
0.396542 0.13212102804 0.08936239901 
0.397099 -0.00294065900 0.08848671212 
0.397657 0.11455841646 0.08902341438 
0.398214 0.12463092864 0.08922909355 
0.398771 0.02978629548 0.08907764329 
0.399328 0.04643193223 0.08968018319 
0.399885 0.06462465278 0.08656653511 
0.400442 0.21226271316 0.08980869992 
0.400999 0.03768634451 0.09121919202 
0.401556 0.08397128373 0.09006800590 
0.402113 0.12684412045 0.09367129292 
0.402670 0.13146070351 0.09671721713 
0.403227 0.07058570090 0.09530327766 
0.403785 0.16378248810 0.09522698692 
0.404342 0.19249727942 0.09697733928 
0.404899 0.02656256858 0.09822178573 
0.405456 0.21801280386 0.09905177101 
0.406013 0.08434622986 0.09785771471 
0.406570 0.01298041402 0.09842202520 
0.407127 0.06395922049 0.09775591010 
0.407684 0.02921041798 0.10014854407 
0.408241 0.26094443341 0.10344781314 
0.408798 0.17406184970 0.10158254784 
0.409355 0.06719042517 0.10616788957 
0.409912 0.08072541881 0.10679469520 
0.410469 0.00085402830 0.10673794076 
0.411027 0.07289080137 0.10498395283 
0.411584 0.06678920631 0.10896333363 
0.412141 0.15735887384 0.11020113110 
0.412698 0.13156652005 0.11146615547 
0.413255 0.11965229318 0.11090212403 
0.413812 0.19718559677 0.11225880458 
0.414369 0.16806850034 0.11575773262 
0.414926 0.03305306089 0.11335265306 
0.415483 0.10570884679 0.11221112332 
0.416040 -0.04724488919 0.11393621489 
0.416597 0.20579518403 0.11520342900 
0.417154 0.15201255305 0.11935691174 
0.417711 0.11158110520 0.11683455972 
0.418268 0.01793587332 0.11899918837 
0.418825 0.15211278005 0.11768710488 
0.419382 0.19884041612 0.11466345019 
0.419940 0.22020951899 0.11498601685 
0.420497 0.06181773096 0.11427453684 
0.421054 0.16448138626 0.11177367922 
0.421611 0.12773498829 0.11618647181 
0.422168 0.25922216622 0.11304430676 
0.422725 0.12273557089 0.11459731978 
0.423282 0.11833473710 0.11335908908 
0.423839 0.05618490829 0.11428978041 
0.424396 -0.02849725159 0.11485005858 
0.424953 -0.07449279738 0.11828193506 
0.425510 0.16653865538 0.11719598128 
0.426067 0.13071960652 0.11255749111 
0.426624 -0.02212366003 0.11433500740 
0.427181 0.15939790199 0.11573791953 
0.427738 0.10655620807 0.11702805544 
0.428295 0.15893424554 0.11262043012 
0.428852 0.16544380863 0.11892010800 
0.429409 0.03107278546 0.11539940225 
0.429966 0.12898349637 0.11635118646 
0.430523 0.16590011386 0.11480685635 
0.431080 0.03783757032 0.11631619624 
0.431637 0.09625309260 0.11490000777 
0.432194 0.19513765832 0.11941271270 
0.432752 0.15958651104 0.12155154263 
0.433309 0.16053126463 0.11809725479 
0.433866 0.11615667250 0.11623526268 
0.434423 0.20306686466 0.11824787295 
0.434980 0.02576929402 0.11878803448 
0.435537 0.11009107760 0.11703526959 
0.436094 0.07266705255 0.11971556506 
0.436651 0.04926178606 0.11880472759 
0.437208 0.23759442211 0.12052960160 
0.437765 -0.01112964525 0.12238626704 
0.438322 0.13432743994 0.12442756784 
0.438879 0.15007670567 0.12009636412 
0.439436 -0.02040057292 0.12037951767 
0.439993 0.23067020665 0.12033515847 
0.440550 0.20443999657 0.12073876410 
0.441107 0.04601705447 0.12176599950 
0.441664 0.09102255232 0.12253942348 
0.442221 0.22712788467 0.12230384875 
0.442778 0.17551797532 0.12111666571 
0.443335 0.12513235044 0.11902806795 
0.443892 -0.04269547658 0.12148073681 
0.444449 0.11114858173 0.12214934411 
0.445006 -0.05535962289 0.11987697655 
0.445563 0.04520538505 0.12803647114 
0.446120 -0.00155279454 0.12436325313 
0.446677 0.02399556315 0.12396703775 
0.447234 0.11810324222 0.12392080878 
0.447791 0.10100348622 0.12584317808 
0.448348 0.10590173708 0.12435053425 
0.448905 0.09333291741 0.12093752064 
0.449462 0.06186368737 0.12072346333 
0.450019 0.02234080085 0.12263498689 
0.450576 0.09668312278 0.12405563634 
0.451133 0.17923253484 0.12114253567 
0.451690 0.17252766266 0.12268456059 
0.452247 0.24952624794 0.12276303862 
0.452804 0.13351857461 0.12402669651 
0.453361 0.18144302302 0.12364487076 
0.453918 0.10732151472 0.12246227393 
0.454475 -0.00097068031 0.12244073186 
0.455032 0.09013076141 0.11839958965 
0.455589 -0.02540452894 0.12060933656 
0.456146 0.03620260764 0.12328726868 
0.456703 0.14851181297 0.12324193609 
0.457260 0.11244649255 0.11926307715 
0.457817 0.10992096890 0.12383520139 
0.458374 -0.08020955999 0.12131922700 
0.458931 0.04693816249 0.12168760896 
0.459488 0.10192642964 0.12019326012 
0.460045 -0.01994079787 0.12271292596 
0.460602 0.17725904116 0.12378196904 
0.461159 0.28511416296 0.11925008477 
0.461716 0.24200287807 0.11781398757 
0.462273 0.06401084230 0.11780237915 
0.462830 0.15325764930 0.12417173484 
0.463387 0.04037680478 0.12237249919 
0.463943 -0.04332029762 0.12319501189 
0.464500 -0.00097792836 0.12213856057 
0.465057 0.09230946358 0.12319912638 
0.465614 0.13507815396 0.12320310450 
0.466171 -0.04605175450 0.12106161811 
0.466728 0.13362667572 0.12182529934 
0.467285 0.02758939176 0.11990029723 
0.467842 0.12552789933 0.12236335407 
0.468399 0.15285963779 0.12807902170 
0.468956 0.11733085357 0.12413310334 
0.469513 0.03045806709 0.12026078460 
0.470070 0.02808646620 0.12190756893 
0.470627 0.06869458898 0.12513742731 
0.471184 0.09772950227 0.12319674862 
0.471741 0.08281187053 0.12212524466 
0.472298 0.06653430986 0.12149467836 
0.472855 0.14788197562 0.11650032467 
0.473412 0.21291774445 0.12180249865 
0.473969 0.14425856255 0.12091138388 
0.474526 0.15820575021 0.12083604088 
0.475083 0.02830581070 0.12028767516 
0.475640 0.15622595087 0.12272267007 
0.476196 0.09798941039 0.12395922018 
0.476753 0.02622719175 0.12102231541 
0.477310 0.22244203324 0.11928708331 
0.477867 -0.05618319710 0.12593621736 
0.478424 0.09559670988 0.12378919488 
0.478981 -0.00044270122 0.12313661215 
0.479538 0.25733829166 0.12455163941 
0.480095 0.11717911384 0.12468966258 
0.480652 0.13092248111 0.12156037549 
0.481209 -0.03262293242 0.12200272570 
0.481766 0.16087327152 0.11937841133 
0.482323 0.13185480356 0.11469005804 
0.482880 0.31951215473 0.12247216848 
0.483437 0.11879788553 0.12301305754 
0.483994 0.14236981922 0.11968719396 
0.484550 0.08067003495 0.12198572637 
0.485107 0.21296558226 0.11671087807 
0.485664 0.07512290518 0.11914487924 
0.486221 0.12998489928 0.12098611969 
0.486778 0.15693878212 0.12167766036 
0.487335 0.03122148068 0.11936043897 
0.487892 0.12541489907 0.11869211416 
0.488449 -0.00207994089 0.12293302910 
0.489006 0.01189442879 0.12199797305 
0.489563 0.03270951110 0.11921764095 
0.490120 0.14971356924 0.12085424224 
0.490677 0.12335726366 0.12267632466 
0.491233 -0.01484906720 0.11983259304 
0.491790 0.13234647392 0.12651852975 
0.492347 0.01741554989 0.12226190467 
0.492904 -0.06173138382 0.12048919054 
0.493461 0.18228162172 0.11569467445 
0.494018 0.30377541256 0.11504511252 
0.494575 0.07700713526 0.11783051554 
0.495132 0.14726242837 0.11958825136 
0.495689 0.23964300104 0.11724213354 
0.496246 0.13042663852 0.12639482234 
0.496802 0.11277391738 0.12467412503 
0.497359 0.04014786142 0.12178434926 
0.497916 0.03438772486 0.11968218911 
0.498473 0.04569638606 0.11829339161 
0.499030 0.08165908606 0.12255359525 
0.499587 0.15532715915 0.12302645539 
0.500144 0.18197973526 0.12329540361 
0.500701 0.19502423499 0.12435301559 
0.501258 -0.02852844457 0.12295021166 
0.501815 0.10376082342 0.12138363632 
0.502371 0.05991241432 0.11756756890 
0.502928 0.09506082124 0.12018668246 
0.503485 0.11119155184 0.12006845958 
0.504042 0.13590656026 0.12041751028 
0.504599 0.01323281774 0.12502438162 
0.505156 0.01265518021 0.11912205542 
0.505713 -0.06692013826 0.12036035163 
0.506270 0.05320798957 0.12902539293 
0.506826 0.17142594836 0.11981565258 
0.507383 0.10131784744 0.12098060254 
0.507940 0.06975033022 0.12069241423 
0.508497 0.18095988691 0.12276116791 
0.509054 0.05951183227 0.12450952663 
0.509611 0.18540774985 0.12459517332 
0.510168 0.05808789640 0.12655546046 
0.510725 0.18392901554 0.11932400228 
0.511281 0.22699121410 0.12125636794 
0.511838 0.19968093860 0.12300283142 
0.512395 0.10356063176 0.12718520546 
0.512952 0.08869812664 0.12446326846 
0.513509 0.08333813994 0.12609517692 
0.514066 0.06627527922 0.12513556833 
0.514623 0.00356762285 0.12500847548 
0.515179 0.13049835106 0.12388997957 
0.515736 0.02513232714 0.12871901441 
0.516293 0.03963899950 0.12746376928 
0.516850 0.01102903105 0.13408849969 
0.517407 0.12289739141 0.12626143013 
0.517964 0.06874724547 0.12596613278 
0.518521 0.20121564287 0.13033954103 
0.519077 0.07262253973 0.13300593835 
0.519634 -0.15766967747 0.12984947951 
0.520191 0.07790073403 0.13235851615 
0.520748 0.09783255108 0.13539667580 
0.521305 0.19946560855 0.13112588748 
0.521862 0.22866085054 0.13240692167 
0.522418 0.17113490377 0.13401930278 
0.522975 -0.05099138067 0.13463227652 
0.523532 0.11243738256 0.13332610796 
0.524089 0.19264221066 0.13537342508 
0.524646 0.08016902110 0.13715845696 
0.525203 0.33078328460 0.13370103139 
0.525759 0.05644948771 0.13365370701 
0.526316 0.06912014236 0.14102878461 
0.526873 0.09704488832 0.13653835950 
0.527430 0.07473076171 0.14414994525 
0.527987 0.01497398261 0.13770564014 
0.528544 0.07450329279 0.14229093112 
0.529100 0.05717920699 0.14207631030 
0.529657 0.11253940876 0.14618566134 
0.530214 0.15032287421 0.14489906506 
0.530771 0.05300358727 0.14416771258 
0.531328 0.21719121741 0.14678439603 
0.531884 0.10207851917 0.15405768347 
0.532441 0.09663261951 0.15366071386 
0.532998 0.12711889991 0.14569912138 
0.533555 0.19384176881 0.15118582713 
0.534112 0.00344935256 0.15104258412 
0.534669 0.18163712070 0.14941413025 
0.535225 0.14220933076 0.15509068052 
0.535782 -0.11150712312 0.15003496924 
0.536339 0.27172240660 0.16346384540 
0.536896 0.20992733532 0.16552647753 
0.537453 -0.06695682211 0.16392173528 
0.538009 0.25038073802 0.16757154141 
0.538566 -0.05953274129 0.17924537248 
0.539123 0.02715280818 0.17203467253 
0.539680 0.27432934164 0.17988639843 
0.540237 0.24787611831 0.18832024159 
0.540793 0.13119042149 0.18618548215 
0.541350 0.20101370875 0.20868165736 
0.541907 0.19706530420 0.23538829925 
0.542464 0.27596847744 0.25977761306 
0.543021 0.06921580174 0.42166411051 
