0.011985 140.62295231869 0.00000000000 
0.012543 155.01436567948 11.07752749887 
0.013100 146.13569768477 12.74963331490 
0.013658 147.24853102283 10.48405609727 
0.014215 141.56148193320 9.16900888159 
0.014772 141.47293541603 7.16651166256 
0.015330 138.02013644206 5.34288629100 
0.015887 133.52850476330 5.42169426645 
0.016445 131.86837871373 4.27805125245 
0.017002 128.04160323843 3.88015507841 
0.017560 123.14529906999 3.55977099957 
0.018117 119.70955479708 2.87102120038 
0.018675 117.18959271399 2.44689394224 
0.019232 112.59934569708 2.57291773526 
0.019789 109.99309372699 2.30057105756 
0.020347 107.08512135352 2.12892529369 
0.020904 103.26413822780 1.70422306173 
0.021462 100.16634589484 1.70975616051 
0.022019 95.90119504910 1.54710206638 
0.022577 95.00812648313 1.37225257608 
0.023134 91.55239022354 1.35198449338 
0.023692 86.95387379852 1.33318570598 
0.024249 84.30246446264 1.05657679039 
0.024807 79.85622426491 1.06403011950 
0.025364 76.85820768234 1.07638873414 
0.025921 75.06004942397 0.94291028875 
0.026479 72.43796608468 0.96076579220 
0.027036 70.42561277311 0.80718279237 
0.027594 66.10197248484 0.76150698001 
0.028151 63.77830651802 0.77993419136 
0.028709 61.29610102527 0.69851165763 
0.029266 58.53198746320 0.72021058677 
0.029824 56.38793955168 0.67035742175 
0.030381 54.32740532332 0.64167233914 
0.030938 52.06937625748 0.60814867322 
0.031496 49.09872252340 0.61385685154 
0.032053 47.83339834394 0.55343541961 
0.032611 45.47384181994 0.55024335733 
0.033168 43.55155008864 0.53907242380 
0.033726 41.51192880230 0.53798989563 
0.034283 39.29562111189 0.50160936163 
0.034841 38.47356447755 0.48685906415 
0.035398 35.65031916443 0.47632007509 
0.035955 33.73974034884 0.45505184937 
0.036513 31.77728280242 0.44797754535 
0.037070 30.76927573881 0.44189264033 
0.037628 29.95518976545 0.43434692544 
0.038185 28.57076557709 0.42774401304 
0.038743 27.13938932508 0.39655523136 
0.039300 26.17826023657 0.39350229807 
0.039858 24.54887800628 0.39531687735 
0.040415 23.64156624772 0.37703690857 
0.040973 22.64215392821 0.39470134692 
0.041530 21.46264683217 0.36749991887 
0.042087 20.39700872731 0.34415986824 
0.042645 19.57536077799 0.33017089435 
0.043202 18.56287074390 0.34588208528 
0.043760 17.86024468267 0.34162307804 
0.044317 17.08671182604 0.34360698963 
0.044875 16.16031775730 0.32561467331 
0.045432 15.46008309819 0.34586726420 
0.045990 14.83379407336 0.30195122073 
0.046547 14.62899128701 0.33091356873 
0.047104 14.13255759708 0.31166451525 
0.047662 12.86758847503 0.28798926949 
0.048219 12.72552034439 0.29136944468 
0.048777 12.26291811842 0.31397766363 
0.049334 11.71075291832 0.27902996031 
0.049892 11.67438990277 0.27534861961 
0.050449 11.04116569048 0.29369784852 
0.051007 11.01152171266 0.27490930461 
0.051564 10.29963644684 0.27804768900 
0.052121 10.29324847436 0.27760204957 
0.052679 9.95812344267 0.27030921127 
0.053236 9.85380773465 0.25590241093 
0.053794 9.45870535205 0.26808141101 
0.054351 9.48157711046 0.26902091146 
0.054909 9.10493159962 0.25360817853 
0.055466 8.58304195604 0.23904795980 
0.056024 8.76594309382 0.26030120038 
0.056581 8.61656548713 0.25525105185 
0.057138 8.12817670020 0.24839743952 
0.057696 8.32471226267 0.24053498027 
0.058253 7.78710092813 0.22896926971 
0.058811 7.92138944792 0.24096064183 
0.059368 7.62594283758 0.23313277472 
0.059926 7.56326107044 0.23330431774 
0.060483 7.43126257651 0.23734005274 
0.061041 6.98426723067 0.23653905462 
0.061598 6.99493208610 0.22987510942 
0.062155 6.82022065601 0.22944719320 
0.062713 6.80869509342 0.22976320002 
0.063270 6.32864609664 0.23069168400 
0.063828 6.61814484374 0.21637923463 
0.064385 6.44548961549 0.22091027791 
0.064943 6.36763764284 0.21326354005 
0.065500 6.51650404373 0.20576408045 
0.066057 5.88842876594 0.21674311215 
0.066615 6.06789924554 0.21386820781 
0.067172 5.93666100481 0.22094729852 
0.067730 5.89516795502 0.21119076038 
0.068287 5.81546292789 0.20720018044 
0.068845 5.57270843820 0.21552161839 
0.069402 5.62366770534 0.20614733479 
0.069960 5.49988653529 0.20360567289 
0.070517 5.19467959315 0.19914155237 
0.071074 5.12458356532 0.19824710623 
0.071632 4.61003845203 0.19715740676 
0.072189 5.05073379350 0.19719668277 
0.072747 4.61145142674 0.18875998123 
0.073304 4.69715801228 0.19171209439 
0.073862 4.63078788974 0.19414845490 
0.074419 4.34851938017 0.19353427019 
0.074977 4.24936085125 0.19206723136 
0.075534 4.17898859110 0.19232409172 
0.076091 4.14772804060 0.18890591911 
0.076649 4.01519713854 0.18135163891 
0.077206 3.99266678314 0.18789084863 
0.077764 3.72776221387 0.17862763125 
0.078321 3.75562560549 0.18108716598 
0.078879 3.36048936582 0.18626923131 
0.079436 3.39421241882 0.18202969888 
0.079993 3.17059049644 0.18295110797 
0.080551 3.33242542164 0.17744751286 
0.081108 3.10015733306 0.17628149728 
0.081666 2.89677788234 0.17661756572 
0.082223 2.92639375313 0.16704368005 
0.082781 2.68871428278 0.17178711091 
0.083338 2.65603918238 0.16797566953 
0.083895 2.62916260513 0.17165168708 
0.084453 2.58661465945 0.16936609002 
0.085010 2.27211916488 0.16783716948 
0.085568 2.48714133697 0.17053243203 
0.086125 2.21606918025 0.16485259810 
0.086683 2.64777319412 0.15925513510 
0.087240 2.14245478973 0.17170488621 
0.087798 2.00815960642 0.16493370588 
0.088355 1.91793511037 0.16071409677 
0.088912 1.99922698461 0.17014966136 
0.089470 1.90945238515 0.15767490580 
0.090027 1.80832164676 0.16241192662 
0.090585 1.76812544803 0.16521639697 
0.091142 1.68810460030 0.16218034119 
0.091700 1.57737431050 0.15382135100 
0.092257 1.68592177941 0.15736526449 
0.092814 1.65650919031 0.15618658570 
0.093372 1.35998893504 0.15514650381 
0.093929 1.51776696182 0.15540206583 
0.094487 1.45175437810 0.15575863779 
0.095044 1.34920722528 0.15207249164 
0.095602 1.26567790328 0.15404679936 
0.096159 1.02575975450 0.15019445610 
0.096716 1.41440856210 0.15259984454 
0.097274 1.09671249110 0.15423846673 
0.097831 1.25734457897 0.14889687954 
0.098389 1.20659223041 0.15071578696 
0.098946 1.22028553256 0.15259604040 
0.099504 1.02096657712 0.14812653173 
0.100061 1.14382426532 0.14701184887 
0.100618 1.18259668179 0.14503893922 
0.101176 1.03467789281 0.14283092162 
0.101733 1.18557770860 0.14283014951 
0.102291 1.07263527793 0.14636187236 
0.102848 0.95126142452 0.14434880572 
0.103406 0.95667810847 0.14452886852 
0.103963 0.86063539250 0.14675808631 
0.104520 1.04999259913 0.14296380272 
0.105078 0.77713059610 0.14256415955 
0.105635 0.90018004097 0.14391532798 
0.106193 0.92658183012 0.14174994882 
0.106750 0.92246409530 0.14560101737 
0.107308 0.77898515172 0.14177183647 
0.107865 0.91764560164 0.13899346980 
0.108422 0.90102405761 0.14047585797 
0.108980 0.85836515164 0.13903892790 
0.109537 0.90302923154 0.14232357141 
0.110095 0.83832972415 0.13515317354 
0.110652 0.86169655212 0.13945940267 
0.111210 1.00770619534 0.13951766008 
0.111767 0.69879411552 0.13733951018 
0.112324 0.84904096749 0.13533300066 
0.112882 0.75578429628 0.13738381698 
0.113439 0.80228247245 0.13756253903 
0.113997 0.92976890883 0.13318964148 
0.114554 0.75593141531 0.13831884963 
0.115111 0.84953751129 0.13678543439 
0.115669 0.56689174539 0.13448802850 
0.116226 0.67808170974 0.13391413302 
0.116784 0.73610633226 0.13636216902 
0.117341 0.80811994840 0.13968120493 
0.117899 0.62138883230 0.13749950585 
0.118456 0.66864397045 0.13076953650 
0.119013 0.67264854048 0.13562273513 
0.119571 0.79088914364 0.13231744330 
0.120128 0.67035726846 0.13232314924 
0.120686 0.65386054257 0.13054032574 
0.121243 0.65176610124 0.12861413846 
0.121800 0.57212045256 0.13238248726 
0.122358 0.69050345974 0.13167128254 
0.122915 0.62498764720 0.12888160178 
0.123473 0.51666452392 0.12751930524 
0.124030 0.72057353401 0.13065982338 
0.124588 0.74362972978 0.12773315138 
0.125145 0.74536978630 0.12917342529 
0.125702 0.58729739860 0.13105354941 
0.126260 0.63111736834 0.12658825346 
0.126817 0.42407076733 0.12582895868 
0.127375 0.64976761896 0.12628335859 
0.127932 0.45696474558 0.12587203248 
0.128489 0.37343318719 0.12853832029 
0.129047 0.56005899595 0.12381907168 
0.129604 0.63928444468 0.12805069240 
0.130162 0.45708452904 0.12585860563 
0.130719 0.29782336602 0.12291594387 
0.131277 0.38633616074 0.12269312296 
0.131834 0.50911473818 0.12394228292 
0.132391 0.52674574268 0.12793730193 
0.132949 0.46631598089 0.12608948816 
0.133506 0.29204426533 0.13189155259 
0.134064 0.60229961902 0.13253432834 
0.134621 0.56449882245 0.12970239700 
0.135178 0.50193674815 0.13917221515 
0.135736 0.47501888555 0.14029554081 
0.136293 0.43275946438 0.14068882807 
0.136851 0.47163484848 0.13679426658 
0.137408 0.33137758595 0.14014217127 
0.137965 0.61018379122 0.14030345419 
0.138523 0.42205791343 0.13944471926 
0.139080 0.47387822671 0.13918605064 
0.139638 0.35673708844 0.13549696211 
0.140195 0.26094593050 0.13980135190 
0.140752 0.37128700421 0.13668160526 
0.141310 0.43761043397 0.13861910471 
0.141867 0.20629422920 0.13753168380 
0.142425 0.47453960139 0.14128538688 
0.142982 0.16845871887 0.13582889231 
0.143540 0.25513300072 0.13849019242 
0.144097 0.32761415823 0.13647339644 
0.144654 0.28566757698 0.13317315986 
0.145212 0.41835479398 0.13126552227 
0.145769 0.40010145348 0.13064637016 
0.146327 0.27257074510 0.13067185890 
0.146884 0.30158855768 0.12791875054 
0.147441 0.30378493140 0.12736877431 
0.147999 0.26326122592 0.12893029329 
0.148556 0.31105700677 0.12701591254 
0.149114 0.15482062513 0.12376268220 
0.149671 0.25601621658 0.12499244025 
0.150228 0.26762454943 0.12456246970 
0.150786 0.22050598969 0.12127112471 
0.151343 0.23622852738 0.12712764389 
0.151901 0.19452996358 0.12524571074 
0.152458 0.25817040198 0.12268458616 
0.153015 0.26672193305 0.12090186198 
0.153573 0.28846417585 0.11853720497 
0.154130 0.12026304918 0.12063596461 
0.154688 0.23816766198 0.12181073592 
0.155245 0.16441908670 0.12366290895 
0.155802 0.12561792298 0.11868576582 
0.156360 0.28758917332 0.12030750334 
0.156917 0.18896461593 0.11646656742 
0.157475 0.20728682854 0.11777474585 
0.158032 0.23740935074 0.11720159487 
0.158589 0.28581766728 0.11697253652 
0.159147 0.24870610362 0.11653101969 
0.159704 -0.01084385832 0.11703055906 
0.160261 0.12945564730 0.11931168266 
0.160819 0.14409663731 0.11679638264 
0.161376 0.12558168817 0.11603314499 
0.161934 0.03678321582 0.11762695590 
0.162491 0.11364407094 0.11611669852 
0.163048 0.06824197683 0.11597807183 
0.163606 0.18885120472 0.11740194656 
0.164163 0.10516051754 0.11399324838 
0.164721 0.11967683054 0.11128865758 
0.165278 0.04579396946 0.11631809645 
0.165835 0.22241411874 0.11510339048 
0.166393 0.06398085212 0.11320646172 
0.166950 0.23350442241 0.11149941614 
0.167508 0.09725470922 0.11201422284 
0.168065 0.06025279993 0.11488305763 
0.168622 -0.01729625533 0.11352665663 
0.169180 -0.02749715628 0.11241895030 
0.169737 0.19902085943 0.11329194038 
0.170294 0.16385292491 0.11254338309 
0.170852 0.01900073833 0.11508798394 
0.171409 0.05095982145 0.11253601626 
0.171967 0.10596094969 0.11206850357 
0.172524 -0.02582914532 0.11256167317 
0.173081 0.12684990940 0.11014062896 
0.173639 0.21191245482 0.11084032853 
0.174196 0.11470354802 0.10987690739 
0.174754 0.12966420685 0.11028568825 
0.175311 -0.00141267825 0.10971944680 
0.175868 0.02686353981 0.11033354547 
0.176426 0.11241929705 0.10852796528 
0.176983 0.09387622957 0.10782550325 
0.177540 -0.06206339033 0.10724758375 
0.178098 -0.00326586037 0.10837740693 
0.178655 0.07018858502 0.10602858112 
0.179213 0.22543321769 0.10972717552 
0.179770 0.04260323006 0.11121934106 
0.180327 -0.00506039264 0.10595228659 
0.180885 0.05252246016 0.10583164690 
0.181442 0.05619285139 0.10532135678 
0.181999 0.27404720830 0.10686870180 
0.182557 0.19386127410 0.10734812330 
0.183114 0.04400148326 0.10515687457 
0.183672 0.01529776981 0.11028860161 
0.184229 0.08004526602 0.10490344909 
0.184786 0.08104933949 0.10601037168 
0.185344 0.03285462188 0.10529060284 
0.185901 0.08998446496 0.10768694400 
0.186458 0.09335532643 0.10379854751 
0.187016 0.05459431479 0.10738785373 
0.187573 0.02594539898 0.10803346188 
0.188131 0.14209272110 0.10976228429 
0.188688 0.05742873854 0.10274581860 
0.189245 0.08742336854 0.10685220667 
0.189803 -0.02442740826 0.10560876885 
0.190360 -0.05515317351 0.10474559137 
0.190917 -0.04788936865 0.10506872971 
0.191475 0.03992556093 0.10734818214 
0.192032 0.11905869392 0.10293207041 
0.192590 0.09429287083 0.10334981953 
0.193147 0.16629761857 0.10758942566 
0.193704 0.03034853242 0.10431298234 
0.194262 -0.02110473999 0.10284326831 
0.194819 -0.05129866861 0.10215332684 
0.195376 0.13593046279 0.10341441843 
0.195934 0.04365735357 0.10135750355 
0.196491 0.01717672068 0.10446558507 
0.197048 0.07838423717 0.10327036684 
0.197606 0.04845908324 0.10404880793 
0.198163 0.08719344853 0.10194672735 
0.198721 0.19758756714 0.10093443259 
0.199278 0.11948723100 0.10415154132 
0.199835 0.19337586478 0.10237321876 
0.200393 0.17234028577 0.10150062535 
0.200950 0.04248548513 0.10163181733 
0.201507 0.08771152106 0.10151065458 
0.202065 0.12872074428 0.10176831466 
0.202622 0.03686764922 0.09912842982 
0.203179 0.05487746483 0.10454234911 
0.203737 0.03378590110 0.10205817617 
0.204294 0.05247666448 0.09927089867 
0.204851 0.12101439778 0.10060102819 
0.205409 0.19234131098 0.10159926406 
0.205966 0.16769293781 0.09897891264 
0.206524 0.14655759613 0.09885268380 
0.207081 0.26864712267 0.09799667094 
0.207638 0.19962824844 0.09655578503 
0.208196 0.06642785828 0.09780424571 
0.208753 0.24285676737 0.09788312491 
0.209310 0.15863682106 0.09820719705 
0.209868 0.10110551172 0.09963775560 
0.210425 0.20146024449 0.09460478875 
0.210982 0.07651664629 0.10172256220 
0.211540 0.08481713668 0.09848712334 
0.212097 0.14171888500 0.09828141306 
0.212654 0.09377928910 0.09898452602 
0.213212 0.03492666371 0.09616292186 
0.213769 0.13685218912 0.09677720922 
0.214326 0.12237659372 0.09571172106 
0.214884 0.08119736290 0.09757745126 
0.215441 0.08920013767 0.09541072250 
0.215999 0.02627926965 0.09462511742 
0.216556 0.10542482477 0.09558127499 
0.217113 0.14709960037 0.09555978122 
0.217671 0.16830664972 0.09547366813 
0.218228 -0.00043848606 0.09422141281 
0.218785 0.13060530455 0.09594999687 
0.219343 0.06201634565 0.09538497795 
0.219900 0.02656691621 0.09787207650 
0.220457 0.02771049614 0.09643343066 
0.221015 0.06381144278 0.09789276216 
0.221572 0.08750215555 0.09627538506 
0.222129 0.06406461647 0.09332570030 
0.222687 0.09806033547 0.09545121980 
0.223244 0.05009903813 0.09422878275 
0.223801 0.07748839736 0.09278018237 
0.224359 0.13504193262 0.09416746264 
0.224916 0.14540545521 0.09365651761 
0.225473 0.11236034967 0.09339282989 
0.226031 0.21434565394 0.09403024901 
0.226588 0.11757802071 0.09339390241 
0.227145 0.05318260141 0.09339628069 
0.227703 0.02106240813 0.09508743364 
0.228260 0.07704202022 0.09349306750 
0.228817 0.14040441931 0.09413500991 
0.229375 0.06630138570 0.09362819670 
0.229932 0.11717714607 0.09215048047 
0.230489 0.07325203012 0.09311962504 
0.231047 0.14349008417 0.09172460054 
0.231604 0.10577896378 0.09093747143 
0.232161 0.08680480886 0.09280645122 
0.232719 0.04426271359 0.09071769482 
0.233276 0.13151266394 0.09232914103 
0.233833 0.10494390772 0.09172011291 
0.234391 0.29392762486 0.09076702908 
0.234948 0.04490649966 0.09202929144 
0.235505 0.15280668053 0.09078782881 
0.236063 0.07591558102 0.09194921599 
0.236620 0.14405223392 0.09018292643 
0.237177 0.13926397667 0.09206578971 
0.237735 0.15189165506 0.09064968638 
0.238292 0.07173923652 0.09179689483 
0.238849 0.12572822119 0.09313785106 
0.239407 0.10161526324 0.09084855615 
0.239964 0.08646414389 0.09062542300 
0.240521 -0.00302681184 0.09236650638 
0.241079 0.13702113238 0.08984652746 
0.241636 0.21967841632 0.09073373752 
0.242193 0.21850642559 0.09198126323 
0.242750 0.14197674529 0.08963774749 
0.243308 0.09080448126 0.08879844975 
0.243865 0.08432180701 0.09121919334 
0.244422 0.05854552962 0.08998533731 
0.244980 -0.01141479879 0.08857833311 
0.245537 0.08391175976 0.08980203148 
0.246094 0.11812735122 0.09102339777 
0.246652 0.02208720808 0.08921211409 
0.247209 0.04298278796 0.08883464393 
0.247766 -0.00250761973 0.08833596310 
0.248324 0.07804151897 0.09084308607 
0.248881 0.10669783836 0.08959697965 
0.249438 0.02413565556 0.08869481195 
0.249996 0.13138443876 0.08795537986 
0.250553 0.19675430171 0.08763294693 
0.251110 0.14534992400 0.08777505546 
0.251667 0.08287589918 0.08927578716 
0.252225 -0.01271149282 0.08991821421 
0.252782 0.11980958248 0.08879201029 
0.253339 0.10001155861 0.08865608291 
0.253897 0.11046882732 0.08857580166 
0.254454 0.07148378704 0.08817128215 
0.255011 0.02809184791 0.08610369733 
0.255569 -0.04609228075 0.08711360836 
0.256126 0.16056685077 0.08707540190 
0.256683 0.13832381759 0.08803812526 
0.257241 -0.03248884797 0.08731079321 
0.257798 0.11483144423 0.08497039124 
0.258355 0.09669542585 0.08463654484 
0.258912 -0.06105599352 0.08574952865 
0.259470 -0.00426352502 0.08593261842 
0.260027 -0.00974803878 0.08652735649 
0.260584 0.16684721260 0.08649303323 
0.261142 0.16932366476 0.08593513832 
0.261699 0.15992269864 0.08661738776 
0.262256 0.14319791536 0.08587514398 
0.262814 -0.02640722790 0.08487235270 
0.263371 0.21098133823 0.08661612026 
0.263928 0.05416561331 0.08451597419 
0.264485 0.06305660090 0.08548724560 
0.265043 0.09033228281 0.08464091291 
0.265600 0.10945352151 0.08654660118 
0.266157 0.04258801680 0.08646295506 
0.266715 -0.08201434451 0.08615824237 
0.267272 0.05794975295 0.08691025879 
0.267829 0.02530422809 0.08594639669 
0.268386 0.09811640876 0.08595078572 
0.268944 0.05977125790 0.08346914477 
0.269501 -0.03377736048 0.08479175627 
0.270058 -0.00629298177 0.08499749083 
0.270616 0.12826256429 0.08276682030 
0.271173 0.09066882539 0.08565012207 
0.271730 0.20440144700 0.08583029012 
0.272287 -0.03806377793 0.08721932952 
0.272845 0.03896697853 0.08725238388 
0.273402 0.12357229618 0.08670458185 
0.273959 0.00966219688 0.08732773407 
0.274517 0.09960380041 0.08965563511 
0.275074 0.03171537772 0.08911516964 
0.275631 0.12103032846 0.08980074082 
0.276188 0.05737042651 0.09190246387 
0.276746 0.09892549815 0.08841516590 
0.277303 0.00647068428 0.09067205082 
0.277860 0.04809939378 0.09083028933 
0.278418 0.06657332019 0.08973653544 
0.278975 -0.03164706100 0.09129030444 
0.279532 0.06774882762 0.09012653321 
0.280089 0.05194252621 0.09193095782 
0.280647 0.09095126350 0.09206000437 
0.281204 0.05460983696 0.09129306727 
0.281761 0.06195139729 0.09049786327 
0.282318 -0.03868955009 0.09194293673 
0.282876 0.04827760697 0.08871581262 
0.283433 -0.04581014324 0.08886304076 
0.283990 0.00048705003 0.08699464257 
0.284548 0.06413855201 0.08636683238 
0.285105 0.01868785005 0.08566899042 
0.285662 0.09555366880 0.08710511570 
0.286219 0.09713536578 0.08491733924 
0.286777 -0.02555956440 0.08691373935 
0.287334 -0.02007482335 0.08532527886 
0.287891 0.10194912410 0.08690224229 
0.288448 0.13865116690 0.08602141753 
0.289006 0.03520182955 0.08470316294 
0.289563 0.08588246294 0.08605300262 
0.290120 0.03273783722 0.08534478876 
0.290677 0.07588291378 0.08564034336 
0.291235 0.07825329757 0.08617801949 
0.291792 0.02223998749 0.08620796086 
0.292349 0.00833497898 0.08545053657 
0.292906 0.08001235457 0.08675345453 
0.293464 0.15562779519 0.08600880542 
0.294021 0.07610114579 0.08442164252 
0.294578 0.15672493434 0.08333965103 
0.295136 0.03152047198 0.08376198987 
0.295693 0.03057195635 0.08652683682 
0.296250 0.11022247060 0.08550203124 
0.296807 0.11293412037 0.08475632785 
0.297365 0.09632060772 0.08645069213 
0.297922 0.09829845250 0.08338782409 
0.298479 0.01811049467 0.08524851540 
0.299036 0.02734884684 0.08587945469 
0.299594 -0.04339809270 0.08547946787 
0.300151 0.09212788041 0.08589486275 
0.300708 -0.01132537733 0.08505387193 
0.301265 0.08519612842 0.08569350004 
0.301823 0.02038148337 0.08701384328 
0.302380 0.03045598442 0.08647822057 
0.302937 0.00172170344 0.08541465251 
0.303494 0.01038128732 0.08536008951 
0.304052 -0.01799298024 0.08483151348 
0.304609 0.15712894081 0.08633550011 
0.305166 0.01888198309 0.08546182638 
0.305723 0.05023326278 0.08514840664 
0.306280 0.18590927744 0.08488318917 
0.306838 -0.00796130142 0.08689440792 
0.307395 0.07760272801 0.08611917461 
0.307952 0.01131997315 0.08666936934 
0.308509 0.00878307858 0.08561446208 
0.309067 0.06182817254 0.08607528757 
0.309624 0.06777637499 0.08711268336 
0.310181 0.06747048958 0.08495451991 
0.310738 0.05793926588 0.08659643921 
0.311296 0.04035945783 0.08404677965 
0.311853 0.05292441525 0.08701013102 
0.312410 0.13498181182 0.08568731068 
0.312967 0.11006687904 0.08830106418 
0.313525 0.01373962581 0.08491210122 
0.314082 0.08609678013 0.08606880460 
0.314639 0.01856494203 0.08697341207 
0.315196 0.07102263851 0.08697708335 
0.315753 -0.06451343264 0.08798996642 
0.316311 0.11052737938 0.08651252474 
0.316868 0.01910925603 0.08581570549 
0.317425 0.12167166178 0.08640670025 
0.317982 0.02720849948 0.08660659430 
0.318540 0.01115541554 0.08767279173 
0.319097 0.06739056012 0.08619672368 
0.319654 0.06811592285 0.08686071452 
0.320211 0.09721847983 0.08672618346 
0.320768 0.04989754834 0.08795172667 
0.321326 0.10565032525 0.08632768072 
0.321883 0.09026791016 0.08571905667 
0.322440 0.11013663368 0.08608557469 
0.322997 -0.00433579618 0.08610478515 
0.323555 0.01819765648 0.08785806216 
0.324112 0.01651881754 0.08625968265 
0.324669 0.06464340651 0.08694931593 
0.325226 0.05995501602 0.08707544163 
0.325783 0.01931995717 0.08681590070 
0.326341 0.11418383487 0.08858656123 
0.326898 0.22097376099 0.08640272033 
0.327455 -0.00647295526 0.08691642471 
0.328012 0.13046850224 0.08865841966 
0.328569 0.11991946291 0.08852657581 
0.329127 0.07702738789 0.08855217023 
0.329684 0.04831052085 0.08832775938 
0.330241 0.16488624987 0.08748613308 
0.330798 -0.03430596131 0.08810988168 
0.331355 0.08476777055 0.08717881826 
0.331913 0.13060720006 0.08954941371 
0.332470 0.03343491312 0.08942045105 
0.333027 0.14169020219 0.08882896953 
0.333584 -0.11538134065 0.08870209623 
0.334141 0.04347132805 0.08981263569 
0.334699 0.02216815464 0.08947829784 
0.335256 0.10366917525 0.09216645936 
0.335813 0.08105041876 0.08970264151 
0.336370 0.10699497678 0.09063491617 
0.336927 0.08319322088 0.09194739604 
0.337485 0.21050460598 0.09138660430 
0.338042 0.00864323099 0.08975279195 
0.338599 -0.12433914985 0.09206163021 
0.339156 0.01125114915 0.09039971337 
0.339713 0.11837108219 0.09307669540 
0.340271 0.04065435517 0.09311064322 
0.340828 0.06577571538 0.09215640927 
0.341385 0.10336286745 0.09468373424 
0.341942 0.07870874191 0.09411633999 
0.342499 0.06968902168 0.09454409232 
0.343057 -0.00396876483 0.09484490825 
0.343614 0.06424315694 0.09409555346 
0.344171 0.03658385443 0.09581372650 
0.344728 0.01359108299 0.09187730138 
0.345285 0.07554829916 0.09489397046 
0.345842 0.10664222953 0.09387206799 
0.346400 0.05510097448 0.09601778051 
0.346957 0.06023296709 0.09522280034 
0.347514 0.15487548463 0.09364008805 
0.348071 -0.00598924288 0.09673215549 
0.348628 0.00547247249 0.09742971056 
0.349186 0.10343839757 0.09634960492 
0.349743 0.09874696432 0.09684005091 
0.350300 0.17612657541 0.09908343245 
0.350857 0.07847355377 0.09860457521 
0.351414 0.09805269871 0.09905387269 
0.351971 0.06010860558 0.09830209749 
0.352529 0.10066775077 0.09895969980 
0.353086 0.04666128810 0.10055780866 
0.353643 0.05591636199 0.10037136962 
0.354200 0.13869930342 0.10232614078 
0.354757 0.12781218006 0.10325973286 
0.355314 0.05234981402 0.10168755549 
0.355872 -0.05255722298 0.10135823802 
0.356429 0.08375524258 0.10394699630 
0.356986 0.14150210060 0.10076607637 
0.357543 0.00363080967 0.10186066134 
0.358100 0.11549466321 0.10122459913 
0.358657 -0.07565410282 0.10326122677 
0.359215 -0.05124061364 0.10047238762 
0.359772 0.15151703256 0.10401090418 
0.360329 0.02257193127 0.10355915304 
0.360886 0.13430711158 0.10381003349 
0.361443 0.15416849703 0.10501468217 
0.362000 0.01726298374 0.10171151738 
0.362558 0.04521531185 0.10520058039 
0.363115 0.08752259278 0.10308745071 
0.363672 0.15589933458 0.10181823559 
0.364229 0.16321404713 0.10346854825 
0.364786 -0.06901764091 0.10340314781 
0.365343 0.08803017468 0.10174427330 
0.365900 0.01706460998 0.10022857537 
0.366458 0.19983793067 0.10326107749 
0.367015 0.01879127767 0.10272783181 
0.367572 0.05533777982 0.10181597028 
0.368129 0.09493826733 0.10139495168 
0.368686 0.14516715952 0.10122261319 
0.369243 0.00155672506 0.10181743422 
0.369801 0.05594243625 0.09885121091 
0.370358 0.04925322528 0.10006333764 
0.370915 0.14957368315 0.09837034293 
0.371472 0.09247689076 0.09931657473 
0.372029 0.07499246156 0.10095075807 
0.372586 0.06895863541 0.09840291943 
0.373143 0.05836382255 0.09903700163 
0.373700 0.03906859926 0.09754231453 
0.374258 0.00839064092 0.09923944065 
0.374815 0.11777301394 0.09656206135 
0.375372 0.04570129905 0.09745359758 
0.375929 0.03952447380 0.09554644361 
0.376486 0.18349268458 0.09799889115 
0.377043 -0.02997540305 0.09745244127 
0.377600 0.15948484922 0.09394205768 
0.378158 0.12267006666 0.09530919916 
0.378715 0.09397333533 0.09773901325 
0.379272 0.21801216835 0.09195359962 
0.379829 0.07453512201 0.09220746487 
0.380386 0.13554215348 0.09565006124 
0.380943 0.07673469930 0.09437692736 
0.381500 0.05235692914 0.09230244792 
0.382057 -0.04185689568 0.09100831565 
0.382615 0.04274856797 0.09389269614 
0.383172 0.10867079062 0.09220700937 
0.383729 0.11755642847 0.09341309641 
0.384286 0.04873708869 0.08995166113 
0.384843 0.06401394092 0.09321988851 
0.385400 0.11123554995 0.09201947549 
0.385957 0.10962838842 0.09063343737 
0.386514 0.07776623689 0.09153683495 
0.387072 0.17027880748 0.09032122943 
0.387629 0.12478270187 0.08933576357 
0.388186 0.02411351343 0.09327375453 
0.388743 -0.00491014762 0.09192816996 
0.389300 -0.00767666315 0.09217479306 
0.389857 0.09267795981 0.08834616610 
0.390414 0.09611322925 0.09084825916 
0.390971 0.07709875929 0.09180938559 
0.391528 0.05151912730 0.09112102096 
0.392086 0.00953581649 0.09075834047 
0.392643 0.05133282723 0.09023253090 
0.393200 0.07377104124 0.08932345718 
0.393757 0.08953989331 0.09095493358 
0.394314 0.22065483589 0.09055139914 
0.394871 0.02423925025 0.09174820579 
0.395428 -0.00958151933 0.08805269060 
0.395985 0.05634793177 0.08886347007 
0.396542 -0.05687880910 0.08967552487 
0.397099 0.02263151560 0.08964939389 
0.397657 0.05871106426 0.08916724477 
0.398214 0.09967675549 0.08796517698 
0.398771 -0.05279990530 0.08888689090 
0.399328 0.10518932551 0.08937451427 
0.399885 0.07918787271 0.09041905438 
0.400442 0.11298931823 0.08690282593 
0.400999 0.07647830025 0.09103410195 
0.401556 -0.00505801576 0.09224398713 
0.402113 0.02034798642 0.09349202133 
0.402670 0.13788379043 0.09612240663 
0.403227 0.03632414595 0.09540465459 
0.403785 0.09235166911 0.09626043334 
0.404342 0.05244482720 0.09762770548 
0.404899 0.15701708341 0.09900641690 
0.405456 0.08853093275 0.09767557733 
0.406013 0.23675548132 0.09836087205 
0.406570 0.02007437901 0.10150771763 
0.407127 0.01668789288 0.09939961886 
0.407684 0.02066850894 0.10086542224 
0.408241 0.04837370663 0.10515185917 
0.408798 0.11790232526 0.10503564020 
0.409355 0.18767633691 0.10725412774 
0.409912 0.07727862694 0.10614800205 
0.410469 0.14328021224 0.10682926283 
0.411027 -0.10225901597 0.11201898200 
0.411584 -0.00257423340 0.11002553946 
0.412141 0.09588167228 0.11264679331 
0.412698 -0.00292579043 0.10960427330 
0.413255 0.01597817901 0.10943197141 
0.413812 0.04549653678 0.11108545932 
0.414369 0.19972160466 0.11118298603 
0.414926 0.12416631685 0.11373256716 
0.415483 0.02522433942 0.11593529655 
0.416040 0.00201030940 0.11109848093 
0.416597 -0.06848761187 0.11790631463 
0.417154 0.12829648789 0.11555355682 
0.417711 0.07147262320 0.11722892028 
0.418268 0.11733461707 0.11520507295 
0.418825 0.06816125687 0.11695362461 
0.419382 0.08341358905 0.11327439668 
0.419940 0.01397231259 0.11156579698 
0.420497 0.11608505699 0.11398910257 
0.421054 0.12066921875 0.11514911156 
0.421611 -0.01700930545 0.11419232933 
0.422168 -0.01973568305 0.11409847339 
0.422725 0.06460401379 0.11512494149 
0.423282 0.05135810324 0.11318722345 
0.423839 0.04789203344 0.11544414502 
0.424396 0.01802072775 0.11673366072 
0.424953 -0.03871571761 0.11639780993 
0.425510 0.12852229759 0.11494035060 
0.426067 -0.04833722340 0.11745402235 
0.426624 -0.02688042478 0.11427537663 
0.427181 0.03230193273 0.11303564209 
0.427738 -0.10974766230 0.11705050815 
0.428295 -0.01767757464 0.11747402698 
0.428852 0.09588313398 0.11453647550 
0.429409 0.21314535041 0.11496743974 
0.429966 -0.05922612841 0.11066940468 
0.430523 0.07706320336 0.11833274338 
0.431080 0.09445820168 0.11716653962 
0.431637 0.12672475850 0.11945082679 
0.432194 0.17876683163 0.11895238369 
0.432752 -0.06834361738 0.12073166494 
0.433309 0.10247534221 0.12059298587 
0.433866 0.15154051159 0.11761204717 
0.434423 0.16402129192 0.11767394213 
0.434980 0.16864235322 0.12016811752 
0.435537 0.13328271340 0.12012721191 
0.436094 0.05386302013 0.12026274336 
0.436651 0.01401887420 0.12011032282 
0.437208 0.02207298592 0.11662802126 
0.437765 0.18914643427 0.12168955593 
0.438322 0.17149946568 0.12224870015 
0.438879 0.00546492557 0.12079186328 
0.439436 -0.05138102767 0.11939058056 
0.439993 0.03321439689 0.12208496916 
0.440550 0.17238719029 0.12412121644 
0.441107 -0.06474033436 0.12025284724 
0.441664 0.04981292594 0.12104975087 
0.442221 0.00054019481 0.12410922514 
0.442778 0.04027791938 0.12110789978 
0.443335 0.11324581635 0.12303531504 
0.443892 0.08767287093 0.12320063850 
0.444449 -0.04653715418 0.12670446594 
0.445006 0.17394467978 0.12608805261 
0.445563 0.02819183339 0.12790581995 
0.446120 0.17065841304 0.13031440195 
0.446677 0.01912380617 0.12375705211 
0.447234 0.08464077995 0.12305987484 
0.447791 -0.08422177605 0.12372567286 
0.448348 0.03488515265 0.12680165072 
0.448905 0.17096540102 0.12316486123 
0.449462 0.10162068131 0.12085883930 
0.450019 -0.01079809607 0.12149073804 
0.450576 0.05814435280 0.12437049204 
0.451133 -0.10244079366 0.12416218181 
0.451690 0.13958434411 0.12008259954 
0.452247 -0.03652256894 0.12699697524 
0.452804 0.06813889604 0.12291501244 
0.453361 0.16852935205 0.12046941802 
0.453918 0.11568041109 0.12066871214 
0.454475 0.00264681405 0.12339365417 
0.455032 0.08421132917 0.12718834975 
0.455589 0.00482010723 0.11995544925 
0.456146 0.13537237856 0.11908034217 
0.456703 -0.01451174249 0.12096053087 
0.457260 0.06655401820 0.12300644135 
0.457817 0.14964130216 0.12026507801 
0.458374 0.14673467090 0.12341841821 
0.458931 0.13900577809 0.11979131799 
0.459488 0.10398405695 0.12386207066 
0.460045 0.13924765694 0.12303381026 
0.460602 -0.11709687233 0.12258990304 
0.461159 0.07711157777 0.12265109865 
0.461716 0.16462865297 0.11875771763 
0.462273 0.08495981595 0.12217672975 
0.462830 0.29211143743 0.12243484981 
0.463387 0.06616159184 0.12447712905 
0.463943 0.02722883056 0.12358455452 
0.464500 0.18831582459 0.12178134281 
0.465057 0.15269781159 0.12317272094 
0.465614 0.01822905277 0.11955449872 
0.466171 0.06499246815 0.12329716944 
0.466728 0.04439644196 0.12220032740 
0.467285 -0.04388906209 0.12190006421 
0.467842 -0.01821219983 0.12674848244 
0.468399 -0.05428777566 0.12224724120 
0.468956 0.20676654922 0.12413700665 
0.469513 0.04083638150 0.12027852639 
0.470070 0.18332820681 0.12202367716 
0.470627 -0.00373145334 0.12875912794 
0.471184 -0.07518774215 0.12200352420 
0.471741 -0.05959797117 0.12339944379 
0.472298 0.08221682839 0.12259746899 
0.472855 0.09610006214 0.12575671310 
0.473412 0.16161563811 0.12030097249 
0.473969 -0.11459707723 0.11936378683 
0.474526 0.10157840749 0.11932830409 
0.475083 0.07886802306 0.12566778694 
0.475640 0.17610198541 0.12268776733 
0.476196 0.19049299852 0.12298303422 
0.476753 0.11666013785 0.11814220249 
0.477310 0.01246534263 0.12297937284 
0.477867 0.22520387858 0.12331561648 
0.478424 0.13209888744 0.12234724543 
0.478981 0.16672478863 0.11955011483 
0.479538 0.13895605211 0.12223608174 
0.480095 0.24726347949 0.12107766483 
0.480652 0.10534149645 0.12472204337 
0.481209 -0.10391956779 0.12292692735 
0.481766 0.16838072438 0.12047338619 
0.482323 0.00050227358 0.12153273074 
0.482880 0.16087381156 0.11712492387 
0.483437 0.06325642053 0.12136701793 
0.483994 0.00504666880 0.12003353949 
0.484550 0.11424043175 0.12118511179 
0.485107 0.12312055599 0.11664343587 
0.485664 0.07459022498 0.12072195751 
0.486221 -0.02230605974 0.12421577686 
0.486778 0.03069211966 0.11822803474 
0.487335 -0.00313872226 0.12264655162 
0.487892 0.08059280754 0.11926023912 
0.488449 0.16402397539 0.12358697875 
0.489006 0.14872639796 0.12459130674 
0.489563 -0.01599480977 0.12220511520 
0.490120 0.10457194516 0.11627749768 
0.490677 0.22894462122 0.11946991569 
0.491233 0.18414967044 0.12258203950 
0.491790 0.03861336186 0.12147012644 
0.492347 -0.02045705832 0.12392235070 
0.492904 0.04696717423 0.11914970281 
0.493461 0.12330435252 0.11793810833 
0.494018 0.15998293417 0.12140774260 
0.494575 0.19666094911 0.12010021791 
0.495132 0.03129916892 0.12173110254 
0.495689 0.27719933857 0.11998430149 
0.496246 0.29157300520 0.11922838391 
0.496802 0.12159600824 0.12356812966 
0.497359 0.11864663819 0.12434636609 
0.497916 -0.00737463631 0.12457605225 
0.498473 -0.00635180433 0.12100323879 
0.499030 -0.01391796186 0.12335538480 
0.499587 0.15695646706 0.12135688541 
0.500144 -0.02351558731 0.12098232603 
0.500701 0.17768383964 0.11983309227 
0.501258 0.10659418343 0.12232528373 
0.501815 0.08661126796 0.11727284646 
0.502371 0.01649027054 0.11567578234 
0.502928 0.03154588142 0.12543342722 
0.503485 0.14111238700 0.12088919033 
0.504042 0.10769150354 0.12287756273 
0.504599 0.09653178148 0.12347315347 
0.505156 0.12256383753 0.11982388357 
0.505713 0.03963305439 0.12085747470 
0.506270 0.06395362904 0.12057858542 
0.506826 0.02810528830 0.12175791076 
0.507383 0.27145848802 0.11929296843 
0.507940 -0.00310902033 0.12167504829 
0.508497 0.22244167595 0.12210537088 
0.509054 0.10277708035 0.12463866668 
0.509611 0.10161218637 0.11904890021 
0.510168 0.04675948147 0.12386001003 
0.510725 0.01787314119 0.12417926597 
0.511281 0.26025671852 0.12220933790 
0.511838 -0.03357472684 0.11969197949 
0.512395 0.07363555768 0.12051668669 
0.512952 -0.04284098936 0.12680936862 
0.513509 0.17632764637 0.12750915259 
0.514066 0.13385215402 0.12580704691 
0.514623 0.09078859672 0.12593544629 
0.515179 0.16080047544 0.13105365991 
0.515736 0.15706365339 0.12486465338 
0.516293 0.09933295401 0.12971417367 
0.516850 0.08192331854 0.12654127410 
0.517407 0.14756611747 0.12881745512 
0.517964 0.11132676041 0.12929277955 
0.518521 0.21871526829 0.13392224975 
0.519077 0.02453213247 0.13061594231 
0.519634 0.20042459722 0.12854216921 
0.520191 0.02026853435 0.13465379728 
0.520748 -0.00508126004 0.13529743894 
0.521305 0.10664044398 0.13636219889 
0.521862 -0.01465001386 0.13259844332 
0.522418 0.07110249483 0.13685844704 
0.522975 0.05793581896 0.13613944419 
0.523532 0.19796689759 0.14059852230 
0.524089 0.14756108886 0.13461027447 
0.524646 -0.06792370568 0.13939999475 
0.525203 -0.02014847714 0.13851873859 
0.525759 -0.01204363963 0.13117872040 
0.526316 0.22055494232 0.13834394958 
0.526873 0.23324258416 0.13789864883 
0.527430 0.14690407095 0.14166732075 
0.527987 0.12231625155 0.13728731305 
0.528544 0.09884627883 0.14273751603 
0.529100 0.13359776330 0.14146234583 
0.529657 -0.00018734802 0.13776178016 
0.530214 0.34847305145 0.14580642846 
0.530771 -0.04072927642 0.14713708265 
0.531328 0.05472468061 0.14595089536 
0.531884 0.02276840004 0.14749648160 
0.532441 0.11881827556 0.15117518926 
0.532998 0.15002474060 0.15365286208 
0.533555 -0.11151602872 0.15272227890 
0.534112 0.07078942610 0.15535487876 
0.534669 0.14930466907 0.15375057377 
0.535225 0.03954363958 0.16086843704 
0.535782 0.04550771696 0.15374447220 
0.536339 0.05942185198 0.15218420845 
0.536896 0.06291440729 0.16140493906 
0.537453 0.06201828676 0.16800212089 
0.538009 0.04409096565 0.17001836071 
0.538566 0.05333389360 0.16530944043 
0.539123 0.16040485664 0.18767264042 
0.539680 0.28293959574 0.17455292947 
0.540237 0.11705488309 0.18769334731 
0.540793 0.07922816900 0.19343125967 
0.541350 -0.27108338624 0.21539224249 
0.541907 0.40630755505 0.23134922129 
0.542464 0.28832819115 0.26701466132 
0.543021 0.28722636118 0.44076341045 
