0.011985 176.05452988317 0.00000000000 
0.012543 163.72903414108 11.64196081767 
0.013100 154.89082809343 13.27890243214 
0.013658 148.11025384691 9.97012719114 
0.014215 144.47664091194 9.27837765822 
0.014772 142.37013778660 6.91557571869 
0.015330 140.17045356444 5.55587371991 
0.015887 133.28297253470 5.17024051838 
0.016445 132.99398521632 4.09730252007 
0.017002 129.48691019639 4.22275897916 
0.017560 123.23771670248 3.65658826938 
0.018117 121.91510629037 2.93758844788 
0.018675 117.97003352705 2.45537910076 
0.019232 115.54188237283 2.53520025744 
0.019789 111.55384729328 2.26052068592 
0.020347 106.40117931421 2.21405797516 
0.020904 103.40999897217 1.92841807652 
0.021462 99.87604273318 1.57466974527 
0.022019 96.74348650851 1.46824670980 
0.022577 95.32415096975 1.42313575084 
0.023134 89.61096789080 1.38101955436 
0.023692 87.64063595334 1.33529024741 
0.024249 85.51612150621 1.11615382965 
0.024807 81.75576597376 1.12994277876 
0.025364 77.56449817845 1.01301692036 
0.025921 76.00667654155 0.91757743419 
0.026479 73.08958419618 0.91202746458 
0.027036 69.56517190555 0.77889559398 
0.027594 67.23678918883 0.73870465620 
0.028151 64.44415173809 0.75002779424 
0.028709 62.20139090471 0.75886546599 
0.029266 59.10548050789 0.71583918275 
0.029824 56.51888225775 0.63602900741 
0.030381 54.06062531365 0.62550142444 
0.030938 51.94004534252 0.61464404925 
0.031496 49.48027185165 0.57965431994 
0.032053 47.11165070163 0.57384580306 
0.032611 45.04348973936 0.54159046012 
0.033168 42.15411991863 0.53263308720 
0.033726 41.19097248447 0.52209396265 
0.034283 39.34502964483 0.49986125606 
0.034841 37.49887510058 0.48671113139 
0.035398 35.68543494526 0.48494991143 
0.035955 33.71053570279 0.45894471767 
0.036513 31.57357368724 0.44193485757 
0.037070 30.84540102865 0.46540439465 
0.037628 29.02644703741 0.47968172888 
0.038185 27.96102437441 0.41968867598 
0.038743 26.06660249999 0.41282353130 
0.039300 25.68956405346 0.40276726462 
0.039858 24.10886722180 0.37789953855 
0.040415 22.65383436772 0.37187740971 
0.040973 21.88015757855 0.38502470853 
0.041530 20.53530723982 0.35883783265 
0.042087 19.53856768658 0.35965108478 
0.042645 18.96342740524 0.35341206247 
0.043202 18.07510729850 0.33920723468 
0.043760 17.53902979140 0.32990334587 
0.044317 16.52981407128 0.33011411941 
0.044875 15.47210848892 0.33434063797 
0.045432 15.04541451949 0.32454839293 
0.045990 14.53132836051 0.30396920062 
0.046547 14.22592096537 0.31239725768 
0.047104 13.32390013490 0.31669083309 
0.047662 12.98521784547 0.30744549206 
0.048219 12.16530527253 0.29215522511 
0.048777 11.81055536373 0.27768922549 
0.049334 11.57826730072 0.28115631927 
0.049892 11.06829924429 0.27834715214 
0.050449 10.97462442537 0.28115854171 
0.051007 10.49380363448 0.27888420808 
0.051564 10.28358946081 0.27495156566 
0.052121 10.05108062142 0.26936677406 
0.052679 9.69632679573 0.26709614367 
0.053236 9.27572019632 0.26304862980 
0.053794 9.20623310391 0.25909220728 
0.054351 9.23309428834 0.25140105392 
0.054909 8.55283907361 0.26682121071 
0.055466 8.43456247505 0.25790132996 
0.056024 8.28237475612 0.25153835089 
0.056581 8.37737105299 0.24083052961 
0.057138 7.98784945479 0.23840118647 
0.057696 7.80503177166 0.24868317148 
0.058253 7.55471615492 0.23264992510 
0.058811 7.68177541879 0.24099374101 
0.059368 7.36374691468 0.23720859884 
0.059926 7.17102556609 0.23751359075 
0.060483 7.33362243754 0.25063785511 
0.061041 6.86239422267 0.23304585439 
0.061598 6.83427346807 0.22740459076 
0.062155 6.88545726958 0.23444358603 
0.062713 6.82792520799 0.23195568585 
0.063270 6.83073114988 0.21817556128 
0.063828 6.66610135485 0.21647595783 
0.064385 6.37025484929 0.21158961929 
0.064943 6.14827062762 0.21895986057 
0.065500 6.09184151693 0.21517637925 
0.066057 5.82267199875 0.20887008448 
0.066615 5.81976955998 0.21887418175 
0.067172 5.90674065248 0.21559679849 
0.067730 5.90935104130 0.20107927384 
0.068287 5.42748241684 0.20818056184 
0.068845 5.24455468006 0.20296184878 
0.069402 5.55660399429 0.21157961307 
0.069960 5.37682621335 0.20091794403 
0.070517 5.63398028313 0.20354109500 
0.071074 5.27440545129 0.19581415917 
0.071632 4.93368640444 0.18988617182 
0.072189 4.68819524770 0.19236429347 
0.072747 4.57511895555 0.19272285520 
0.073304 4.81732826888 0.19110973622 
0.073862 4.45917291368 0.19589229227 
0.074419 4.56902810441 0.19102228878 
0.074977 4.47724859558 0.18777039262 
0.075534 4.00124693859 0.19258160505 
0.076091 3.99372648009 0.18900720179 
0.076649 3.98075287994 0.18608120710 
0.077206 3.83380824866 0.19115683882 
0.077764 3.85590858371 0.17879556198 
0.078321 3.53817026856 0.18213583601 
0.078879 3.47791265206 0.18747242386 
0.079436 3.55087868643 0.18045877920 
0.079993 3.47720938543 0.18076838066 
0.080551 3.18530238644 0.16961695428 
0.081108 3.05858839452 0.17676013462 
0.081666 2.80585248827 0.17425109609 
0.082223 2.70673450231 0.17632256269 
0.082781 2.77490170603 0.17443205537 
0.083338 2.64222884385 0.16946963446 
0.083895 2.43337988995 0.16841542343 
0.084453 2.42010605437 0.17721561206 
0.085010 2.63160448691 0.16791967940 
0.085568 2.50924061788 0.17100694511 
0.086125 2.33266108227 0.16449752107 
0.086683 2.34372185888 0.16606389217 
0.087240 2.30186288384 0.16861379659 
0.087798 2.08754637046 0.16605837091 
0.088355 1.86225586006 0.16301896164 
0.088912 1.76840971907 0.16136200786 
0.089470 1.84963009541 0.15488864113 
0.090027 1.73917989799 0.15798276370 
0.090585 1.71976765072 0.15602270695 
0.091142 1.67547731086 0.16548700384 
0.091700 1.44684286722 0.16063015876 
0.092257 1.57669890187 0.15902677850 
0.092814 1.50177510474 0.15665987989 
0.093372 1.52506434676 0.15300613333 
0.093929 1.35867275451 0.15267581897 
0.094487 1.43869999404 0.15706201064 
0.095044 1.39031791701 0.15228348414 
0.095602 1.24781878781 0.15233194424 
0.096159 1.34615378635 0.15171812598 
0.096716 1.24839825678 0.14835901030 
0.097274 1.36817131186 0.15798281656 
0.097831 1.09521222294 0.15556177709 
0.098389 0.99872839139 0.14793033546 
0.098946 1.06176496761 0.14954033580 
0.099504 1.13825688333 0.14573863142 
0.100061 1.01128511028 0.14674046371 
0.100618 1.11884966472 0.14800066487 
0.101176 1.16932580223 0.14841757028 
0.101733 1.03086976553 0.14419323350 
0.102291 1.13156089714 0.14254577731 
0.102848 1.08532268101 0.14617452516 
0.103406 1.05500292413 0.14497633414 
0.103963 0.87950591858 0.14457727804 
0.104520 1.09300843885 0.14693149322 
0.105078 1.02370195199 0.14080033267 
0.105635 0.89075361057 0.14231299998 
0.106193 1.12359404708 0.14519372692 
0.106750 0.68681199768 0.14191811038 
0.107308 0.86681122186 0.14194555680 
0.107865 0.74059123791 0.14184505349 
0.108422 0.97841380809 0.14124726783 
0.108980 0.65907322463 0.14317224417 
0.109537 0.70441918829 0.14179146752 
0.110095 1.02682147516 0.14191548018 
0.110652 0.78050305794 0.13818141483 
0.111210 0.66309074075 0.14063415154 
0.111767 0.73730691779 0.13858502455 
0.112324 0.81413704733 0.13899111858 
0.112882 0.88011693665 0.13744871467 
0.113439 0.67886217225 0.13405025082 
0.113997 0.76403691658 0.13919079396 
0.114554 0.74161296554 0.14095388517 
0.115111 0.88922862228 0.13801712335 
0.115669 0.74008701110 0.13287275217 
0.116226 0.90852092328 0.13365242449 
0.116784 0.65183227321 0.13446242848 
0.117341 0.64916227819 0.13271560960 
0.117899 0.62908684608 0.13241298501 
0.118456 0.48798815148 0.12975906211 
0.119013 0.61884886983 0.13334691163 
0.119571 0.56823268503 0.13208808973 
0.120128 0.70146880123 0.13438626646 
0.120686 0.60880194848 0.13419552107 
0.121243 0.71901897970 0.12549765785 
0.121800 0.69221099213 0.13273770700 
0.122358 0.67019556799 0.13453589988 
0.122915 0.81135757522 0.13184998880 
0.123473 0.67601363245 0.13112660396 
0.124030 0.58599714213 0.13087623392 
0.124588 0.73250121221 0.12537728975 
0.125145 0.52189993864 0.12908266370 
0.125702 0.70893193575 0.13138146038 
0.126260 0.62435935955 0.13036511632 
0.126817 0.52649581685 0.12948839963 
0.127375 0.62169242473 0.13003150272 
0.127932 0.65006093351 0.13045235414 
0.128489 0.64528115144 0.12525146616 
0.129047 0.55172927437 0.12284277654 
0.129604 0.60126717408 0.12781899864 
0.130162 0.54256015964 0.12507846286 
0.130719 0.48017475156 0.12769938886 
0.131277 0.45822765557 0.12122036356 
0.131834 0.57146594565 0.12309832347 
0.132391 0.53417677352 0.12483930784 
0.132949 0.46683535870 0.13056083825 
0.133506 0.54087753185 0.13052996468 
0.134064 0.73943952868 0.13289640733 
0.134621 0.43422841502 0.13415423536 
0.135178 0.32988340395 0.13947122797 
0.135736 0.35440778905 0.13429757027 
0.136293 0.38690867251 0.13573767668 
0.136851 0.53569809253 0.13419772765 
0.137408 0.39516169100 0.14623105435 
0.137965 0.32261622250 0.13753667915 
0.138523 0.65178382746 0.13504302923 
0.139080 0.59281909350 0.13572994511 
0.139638 0.38622541712 0.13663913587 
0.140195 0.44933935455 0.13826332658 
0.140752 0.20405777339 0.14134227994 
0.141310 0.42841138922 0.13426722235 
0.141867 0.40754309109 0.13724331971 
0.142425 0.38323595169 0.13871208764 
0.142982 0.35486881423 0.13859844661 
0.143540 0.49383450154 0.13922955693 
0.144097 0.44219302904 0.13225520767 
0.144654 0.45014102445 0.12949333430 
0.145212 0.36940991994 0.12811356990 
0.145769 0.45399283559 0.12889606185 
0.146327 0.50733703068 0.13116788949 
0.146884 0.33723382092 0.13076751013 
0.147441 0.24101085833 0.12313363919 
0.147999 0.49964210963 0.12674321193 
0.148556 0.28631016691 0.12954074825 
0.149114 0.40260996574 0.13015703965 
0.149671 0.22669163001 0.12522570704 
0.150228 0.41454125901 0.12410961301 
0.150786 0.20813276843 0.12258365120 
0.151343 0.09508586416 0.12678773947 
0.151901 0.36611886689 0.12228558246 
0.152458 0.15584240789 0.12503633861 
0.153015 0.31046996898 0.11923547643 
0.153573 0.29255595289 0.12432497534 
0.154130 0.26977993105 0.11690406383 
0.154688 0.26501099174 0.12159953609 
0.155245 0.32763589504 0.12103583753 
0.155802 0.16470060689 0.11960737270 
0.156360 0.31062235459 0.11899577735 
0.156917 0.20349086236 0.11853303746 
0.157475 0.30652683773 0.12023951512 
0.158032 0.30477896479 0.11941529157 
0.158589 0.16202095019 0.11703406561 
0.159147 0.31844329560 0.11414886013 
0.159704 0.14911314160 0.11786070731 
0.160261 0.25655261520 0.11945087742 
0.160819 0.13703828766 0.11765749975 
0.161376 0.15032354036 0.11990304186 
0.161934 0.08350451852 0.11722836051 
0.162491 0.03014857414 0.11737876588 
0.163048 0.33994518747 0.11966967497 
0.163606 0.04713893870 0.11094310794 
0.164163 0.24758146082 0.11441569081 
0.164721 0.06302251798 0.11539349699 
0.165278 0.18957178403 0.11292306504 
0.165835 0.04230067555 0.11567987353 
0.166393 0.08981553124 0.11268903308 
0.166950 -0.05463569587 0.11261275812 
0.167508 0.13952677748 0.11398073112 
0.168065 0.10452279366 0.11356825076 
0.168622 0.05119854134 0.11630609516 
0.169180 0.09013315119 0.11274191963 
0.169737 0.01070020786 0.11266693094 
0.170294 0.06219147461 0.11181172153 
0.170852 0.13058268687 0.10953564150 
0.171409 0.17932415334 0.11114619522 
0.171967 0.09752213854 0.11017160297 
0.172524 0.27633073103 0.11247232298 
0.173081 0.06549355987 0.11276908409 
0.173639 0.02192566548 0.10917512038 
0.174196 0.06929672569 0.10714620524 
0.174754 0.13126498884 0.11241951533 
0.175311 0.09855685685 0.10792189610 
0.175868 0.07429316723 0.10993126279 
0.176426 0.09206737589 0.10819846302 
0.176983 0.18689779295 0.10716786323 
0.177540 -0.05853605011 0.10620293518 
0.178098 0.05718378071 0.11007631887 
0.178655 -0.02152163471 0.10750452779 
0.179213 0.08510663999 0.10798894790 
0.179770 0.22140263372 0.10884935262 
0.180327 0.11955477170 0.10905617046 
0.180885 0.04399818687 0.10627293779 
0.181442 0.13093889148 0.10482727810 
0.181999 0.04371717280 0.10651608763 
0.182557 0.05835641331 0.10680865980 
0.183114 0.00803389316 0.10669433215 
0.183672 0.04918147765 0.10856765523 
0.184229 0.05522401950 0.10626692664 
0.184786 0.07951476397 0.10754009787 
0.185344 0.13477313938 0.10846062098 
0.185901 0.11604727298 0.10802245669 
0.186458 -0.01271099065 0.10430919653 
0.187016 0.12929161166 0.10518495605 
0.187573 0.07207235383 0.10657904818 
0.188131 -0.01178409716 0.10569281688 
0.188688 0.07216032886 0.10643771868 
0.189245 -0.04603486054 0.10420804278 
0.189803 0.17812303170 0.10595940894 
0.190360 0.02869977460 0.10435499481 
0.190917 0.06323879760 0.10400702381 
0.191475 0.09165045208 0.10642325355 
0.192032 0.21345350238 0.10719594660 
0.192590 0.02864293560 0.10390641082 
0.193147 0.00207802046 0.10654560035 
0.193704 0.09209435365 0.10514578447 
0.194262 0.14927998467 0.10383181023 
0.194819 0.08477475902 0.10547013012 
0.195376 0.07180795127 0.10306756374 
0.195934 0.07675120736 0.10204339852 
0.196491 0.11189388389 0.10362269287 
0.197048 -0.11545121805 0.10420232804 
0.197606 0.13704677329 0.10462052110 
0.198163 0.11776911602 0.10432355349 
0.198721 0.03922118007 0.10534332897 
0.199278 0.13329507458 0.10211479830 
0.199835 0.09194488523 0.10068936055 
0.200393 0.17568552741 0.10021524039 
0.200950 0.11049832758 0.10274274300 
0.201507 -0.04263708583 0.10136265799 
0.202065 0.09557660901 0.10224259215 
0.202622 0.10695715888 0.09971728009 
0.203179 0.09164279322 0.10208329105 
0.203737 0.03531542836 0.10215746498 
0.204294 0.05189209725 0.10092989679 
0.204851 0.12473222456 0.10034668507 
0.205409 -0.04416781346 0.10050196196 
0.205966 0.13032052066 0.09904664739 
0.206524 0.13209154278 0.09766904277 
0.207081 -0.01879098679 0.10065530824 
0.207638 -0.02509696885 0.09849360069 
0.208196 0.10062498719 0.09962127181 
0.208753 0.15439453295 0.09867695100 
0.209310 0.08096718229 0.10060823336 
0.209868 0.24948117777 0.09809919582 
0.210425 0.17130947515 0.09816486554 
0.210982 0.17325255163 0.09964539497 
0.211540 0.15015299767 0.09737357128 
0.212097 0.10659161133 0.09998096798 
0.212654 0.18298977071 0.09832182413 
0.213212 0.14452521021 0.09825028099 
0.213769 0.11074612213 0.09837872269 
0.214326 0.04727874651 0.09970601599 
0.214884 0.08738645402 0.09813814606 
0.215441 0.07234748882 0.09500013756 
0.215999 0.09687654413 0.09662313852 
0.216556 0.07874883273 0.09655385925 
0.217113 0.17612785516 0.09566415640 
0.217671 0.01481361823 0.09619661910 
0.218228 0.17638349326 0.09551391166 
0.218785 0.19473527314 0.09545353739 
0.219343 0.11716751871 0.09564704513 
0.219900 0.07354709064 0.09448927856 
0.220457 0.08384477571 0.09515967269 
0.221015 0.08610742171 0.09654483992 
0.221572 0.10515853872 0.09419239551 
0.222129 0.15504208465 0.09632135468 
0.222687 0.04723336639 0.09673855486 
0.223244 0.12115974670 0.09331717454 
0.223801 0.13810449604 0.09410012198 
0.224359 0.19839257553 0.09553385093 
0.224916 0.08697120895 0.09651050417 
0.225473 0.06593850056 0.09288808191 
0.226031 0.09521191207 0.09499588554 
0.226588 0.07540618211 0.09317920716 
0.227145 0.13831902627 0.09507342102 
0.227703 0.12330968315 0.09429803929 
0.228260 0.14969080503 0.09199024476 
0.228817 0.04988047227 0.09293228200 
0.229375 0.04636849059 0.09406767103 
0.229932 0.14667985937 0.09373582782 
0.230489 0.04856875459 0.09274613710 
0.231047 0.14495854293 0.09096683948 
0.231604 0.08283393839 0.09304584504 
0.232161 0.17025342013 0.09116061161 
0.232719 0.14245263681 0.09274554187 
0.233276 0.02812733643 0.09001272559 
0.233833 0.07162438394 0.09013265256 
0.234391 0.15551075133 0.09348789668 
0.234948 0.12602464184 0.09178772925 
0.235505 0.09778032141 0.09129179914 
0.236063 0.08219837245 0.09061793340 
0.236620 0.07351986375 0.09306724595 
0.237177 0.07243398657 0.09062655022 
0.237735 0.04748194770 0.09004727208 
0.238292 0.06923768738 0.09068358570 
0.238849 0.12027817039 0.08922219959 
0.239407 0.09139019105 0.09143487136 
0.239964 -0.04382984537 0.08957393183 
0.240521 0.09391531841 0.08996783267 
0.241079 0.12587910875 0.09046519580 
0.241636 0.08162361866 0.09193526090 
0.242193 -0.02296537046 0.09099957968 
0.242750 0.09765181398 0.09067802368 
0.243308 0.16375041411 0.08828296180 
0.243865 0.14028306960 0.09122050519 
0.244422 0.03660046222 0.09086939455 
0.244980 0.18382518164 0.08870705424 
0.245537 0.15250033586 0.09107941204 
0.246094 0.10168815316 0.09278829086 
0.246652 0.05949908521 0.08989615540 
0.247209 0.06119243130 0.08977793935 
0.247766 0.04153677048 0.09167510452 
0.248324 0.01704214684 0.08832008386 
0.248881 0.06606665890 0.08896225005 
0.249438 0.12597581087 0.08887927837 
0.249996 0.04657077809 0.08934901535 
0.250553 0.07640700425 0.08828804417 
0.251110 0.03307390193 0.08850785613 
0.251667 0.02760854023 0.08707957418 
0.252225 0.00638766492 0.08804312759 
0.252782 0.07251233658 0.08646173893 
0.253339 0.11601502774 0.08849626640 
0.253897 0.00318356839 0.08835744100 
0.254454 0.01265060507 0.08791239606 
0.255011 0.11186518789 0.08676565950 
0.255569 0.05127620349 0.08816060821 
0.256126 0.01355680613 0.08839630756 
0.256683 0.03378307474 0.08703460489 
0.257241 0.14329971827 0.08618412415 
0.257798 0.23178878932 0.08758370657 
0.258355 0.04544325011 0.08786138364 
0.258912 -0.00427617857 0.08815725470 
0.259470 0.15160248599 0.08718662901 
0.260027 0.09343951924 0.08669898013 
0.260584 0.07401081464 0.08704364690 
0.261142 0.08201382641 0.08545329233 
0.261699 0.07356152814 0.08642740059 
0.262256 0.12627175655 0.08609546352 
0.262814 0.07363539250 0.08766937944 
0.263371 0.07190685198 0.08642496830 
0.263928 0.17816940410 0.08767066781 
0.264485 0.03037531216 0.08610955111 
0.265043 0.07570157819 0.08702102051 
0.265600 0.07613264037 0.08580903958 
0.266157 0.04312677058 0.08505504853 
0.266715 0.08529492319 0.08398087643 
0.267272 0.15426680233 0.08503580007 
0.267829 0.01481498660 0.08530005364 
0.268386 -0.01904725489 0.08595541988 
0.268944 0.20176003628 0.08353367940 
0.269501 -0.03437221324 0.08355714793 
0.270058 0.00259895819 0.08251082100 
0.270616 0.13130699566 0.08478003813 
0.271173 0.06847479511 0.08502426948 
0.271730 0.15577730855 0.08561634690 
0.272287 0.16180881207 0.08619897357 
0.272845 0.04288949884 0.08711470738 
0.273402 0.10076204519 0.08749684173 
0.273959 0.18620337912 0.08778487138 
0.274517 0.11768783446 0.08924212402 
0.275074 0.08431254740 0.08918321090 
0.275631 0.05272242723 0.08793410333 
0.276188 0.06281677926 0.09114452408 
0.276746 0.05964312412 0.09019664252 
0.277303 -0.01485384756 0.09014971554 
0.277860 0.12453805652 0.09044324009 
0.278418 0.14600075953 0.09078781883 
0.278975 0.09814129742 0.09222446845 
0.279532 0.10329579636 0.09033579713 
0.280089 0.15302044614 0.08991066913 
0.280647 0.07758166110 0.09133895858 
0.281204 0.07165377885 0.09025794573 
0.281761 0.09706117728 0.08965016444 
0.282318 0.00996466993 0.09030249017 
0.282876 0.08818619754 0.08780124330 
0.283433 0.00593439220 0.08985060659 
0.283990 0.07114508439 0.08665648293 
0.284548 0.07492829000 0.08576430964 
0.285105 0.05382225146 0.08787356252 
0.285662 0.02267450729 0.08504601078 
0.286219 -0.00094036013 0.08555342058 
0.286777 0.01174184093 0.08588735055 
0.287334 0.13692252459 0.08576032692 
0.287891 -0.03034025872 0.08510882465 
0.288448 -0.00279061419 0.08447910210 
0.289006 0.16135637571 0.08554440124 
0.289563 0.15160551966 0.08340141243 
0.290120 0.09019066405 0.08391885978 
0.290677 0.04745646748 0.08533669958 
0.291235 -0.01062364994 0.08663265732 
0.291792 0.10132769603 0.08548463499 
0.292349 0.01463879501 0.08633701007 
0.292906 -0.02268569171 0.08501385480 
0.293464 0.01063133603 0.08588627506 
0.294021 0.03274601213 0.08587047979 
0.294578 0.06330715392 0.08776206024 
0.295136 0.05568750828 0.08502809451 
0.295693 -0.00922230771 0.08651260769 
0.296250 0.17313134500 0.08458053261 
0.296807 0.02838337171 0.08762483585 
0.297365 0.22114562327 0.08657458596 
0.297922 0.06855825032 0.08598519595 
0.298479 0.15867533004 0.08674172066 
0.299036 0.08226556504 0.08528865518 
0.299594 0.08289555579 0.08490400037 
0.300151 0.14729490052 0.08787390787 
0.300708 0.07284943645 0.08619698721 
0.301265 0.00640194598 0.08589534664 
0.301823 0.02223764039 0.08624091977 
0.302380 0.04478197456 0.08782979143 
0.302937 0.14637028628 0.08575792941 
0.303494 0.08603062337 0.08799065495 
0.304052 0.08264564911 0.08519065226 
0.304609 -0.05580690215 0.08687503742 
0.305166 0.04545761597 0.08498254779 
0.305723 0.06712779184 0.08685337212 
0.306280 0.11291723873 0.08708180318 
0.306838 0.08085022322 0.08772193984 
0.307395 -0.00488447855 0.08518752458 
0.307952 0.09485886306 0.08581595193 
0.308509 0.03827823064 0.08605464107 
0.309067 0.09238054897 0.08502734047 
0.309624 0.07248061509 0.08590135213 
0.310181 0.02674466362 0.08470591787 
0.310738 0.04178780252 0.08595905492 
0.311296 0.16332043200 0.08518617479 
0.311853 0.02427001790 0.08602613952 
0.312410 0.14605485684 0.08550789717 
0.312967 0.11763736162 0.08703513448 
0.313525 0.10471146943 0.08610548401 
0.314082 0.19220033636 0.08761230270 
0.314639 0.14587063158 0.08719345899 
0.315196 0.22394643162 0.08525101031 
0.315753 0.01130256407 0.08488990411 
0.316311 -0.04547459895 0.08750981897 
0.316868 0.05919821145 0.08579418765 
0.317425 0.11880801227 0.08646192590 
0.317982 0.07658459329 0.08717560913 
0.318540 0.00406553397 0.08808302677 
0.319097 0.16226162086 0.08561681885 
0.319654 0.11173764873 0.08557216737 
0.320211 0.10391771772 0.08847826238 
0.320768 0.12203007803 0.08814832427 
0.321326 0.13061415419 0.08796237073 
0.321883 0.15919106378 0.08594888591 
0.322440 0.08949348620 0.08885576731 
0.322997 0.17443578659 0.08501186249 
0.323555 0.02153578843 0.08708700784 
0.324112 0.11384028230 0.08741943362 
0.324669 -0.02793865633 0.08586287547 
0.325226 0.03032071301 0.08775484078 
0.325783 0.14683203293 0.08875246396 
0.326341 0.17334722148 0.08708266658 
0.326898 0.08755635224 0.08866599786 
0.327455 0.06996874743 0.08741103994 
0.328012 0.12741054274 0.08808933175 
0.328569 0.07420958632 0.08854713056 
0.329127 0.14631320022 0.08868838119 
0.329684 0.07016901336 0.08918765833 
0.330241 0.03142255985 0.08949600670 
0.330798 0.13188982428 0.08851681071 
0.331355 0.05065669199 0.08894356001 
0.331913 0.09271177353 0.08847436453 
0.332470 0.17339033225 0.08959004472 
0.333027 -0.06464701264 0.08895944613 
0.333584 0.15871097618 0.08859799724 
0.334141 0.07868151357 0.08992653963 
0.334699 0.04781436739 0.08784149383 
0.335256 0.13734009856 0.08940995380 
0.335813 0.09729482108 0.09299230177 
0.336370 0.06954098617 0.08912797409 
0.336927 0.09054857748 0.08980372299 
0.337485 0.08972545811 0.09128101382 
0.338042 0.04081839679 0.09307658622 
0.338599 0.05282918347 0.09193781094 
0.339156 0.10648120668 0.09269309099 
0.339713 0.06419887926 0.09116229610 
0.340271 0.02627192165 0.09169536406 
0.340828 0.12457379999 0.09481093386 
0.341385 0.04077756211 0.09360246504 
0.341942 0.08823170605 0.09384785109 
0.342499 0.03956730559 0.09353806280 
0.343057 -0.00944058290 0.09331407709 
0.343614 -0.02622116736 0.09375006252 
0.344171 0.12527849666 0.09423555619 
0.344728 0.10244201469 0.09449214181 
0.345285 -0.03685394290 0.09432962595 
0.345842 0.04651593999 0.09341073461 
0.346400 0.17976958289 0.09349183753 
0.346957 0.16348053611 0.09589834977 
0.347514 0.09335575859 0.09564031970 
0.348071 -0.01144534569 0.09442716195 
0.348628 0.01084909236 0.09656094322 
0.349186 0.18733272078 0.09526087757 
0.349743 0.06772390204 0.09897516069 
0.350300 0.04135116194 0.09718088083 
0.350857 0.13221974763 0.09695251203 
0.351414 0.05408134647 0.09715613809 
0.351971 0.07081287753 0.09877256187 
0.352529 0.12548875857 0.09892759851 
0.353086 0.16781735263 0.09828985466 
0.353643 -0.06940392588 0.10165736210 
0.354200 -0.01350789521 0.10149175202 
0.354757 0.23132067375 0.10191458025 
0.355314 0.08487964640 0.10090718778 
0.355872 0.01142544496 0.10272130699 
0.356429 0.11556312282 0.10248221158 
0.356986 0.10024690099 0.10395895431 
0.357543 0.04441228615 0.10212126205 
0.358100 0.03991519237 0.10232637851 
0.358657 0.05252828641 0.10085939951 
0.359215 0.02574700137 0.10422184918 
0.359772 0.07752760981 0.10466199256 
0.360329 0.11491794274 0.10317090991 
0.360886 -0.01949131013 0.10396539090 
0.361443 0.09852733246 0.10340170002 
0.362000 0.05636872368 0.10331350110 
0.362558 0.06625453807 0.10417218145 
0.363115 0.03832641163 0.10513468496 
0.363672 0.10631374519 0.10446463531 
0.364229 0.05873990196 0.10311259564 
0.364786 0.12010564480 0.10369762359 
0.365343 0.00253191585 0.10276285910 
0.365900 0.09831104302 0.10175448041 
0.366458 0.01671329497 0.10433115419 
0.367015 0.05748031000 0.10295530956 
0.367572 0.01597217559 0.10182270188 
0.368129 0.05479343165 0.10199005366 
0.368686 0.01738500261 0.10024238602 
0.369243 0.10510109462 0.10183755906 
0.369801 0.02114990540 0.10030574034 
0.370358 0.05885171322 0.09908265311 
0.370915 0.10629636934 0.09806913150 
0.371472 0.11952939007 0.09749487947 
0.372029 0.07418888220 0.09919087241 
0.372586 0.00915403559 0.09741515584 
0.373143 0.08253554381 0.09873962773 
0.373700 0.03912848457 0.09799953995 
0.374258 0.16127600059 0.09571341012 
0.374815 0.09572452445 0.09613003690 
0.375372 0.13639920006 0.09766092221 
0.375929 0.08596774188 0.09705884154 
0.376486 0.14147805181 0.09769360374 
0.377043 0.05883374126 0.09735407518 
0.377600 0.17136917313 0.09594528312 
0.378158 0.11052236687 0.09500425789 
0.378715 0.09303209769 0.09406640777 
0.379272 -0.00650337503 0.09291384842 
0.379829 0.11339826609 0.09477843675 
0.380386 0.02084161151 0.09372711672 
0.380943 0.01777143863 0.09552901021 
0.381500 0.06086602014 0.09143630100 
0.382057 0.10078580686 0.09344607693 
0.382615 0.07036746335 0.09104000921 
0.383172 -0.03467846586 0.09101733091 
0.383729 0.06114281702 0.09308790109 
0.384286 0.12963945486 0.09324507053 
0.384843 0.02474085895 0.09185338226 
0.385400 0.09266862630 0.09132635099 
0.385957 0.18521545670 0.09184901358 
0.386514 0.16224605639 0.09152064831 
0.387072 0.03372944001 0.09094600811 
0.387629 0.10382548837 0.08995029995 
0.388186 -0.01933687866 0.08962078669 
0.388743 0.11868835695 0.09013272229 
0.389300 0.09069246393 0.08999272700 
0.389857 0.02240043919 0.09072362657 
0.390414 0.03171218503 0.09158518921 
0.390971 0.16789673218 0.08978997080 
0.391528 0.02839984743 0.08985329014 
0.392086 0.15153089715 0.09069162941 
0.392643 0.03755364902 0.08946902530 
0.393200 0.01325098527 0.08856210492 
0.393757 0.00145299063 0.09131485841 
0.394314 0.16582894435 0.08832388026 
0.394871 0.06402762517 0.08963271684 
0.395428 0.12464662352 0.09094718633 
0.395985 -0.04241043855 0.09013855921 
0.396542 0.03633228256 0.09090386778 
0.397099 0.12153869645 0.08900464024 
0.397657 0.09248572081 0.08739772334 
0.398214 0.07537311118 0.08865100399 
0.398771 0.06957863299 0.08754275712 
0.399328 0.06925265675 0.09122440268 
0.399885 0.00364919472 0.08995439321 
0.400442 0.14123789263 0.08943932953 
0.400999 0.11254207693 0.09200950877 
0.401556 0.06277753966 0.09141567523 
0.402113 0.01916671275 0.09208474750 
0.402670 0.15633194880 0.09472707590 
0.403227 0.07539349690 0.09645174985 
0.403785 -0.06749100499 0.09591425993 
0.404342 0.15547414288 0.09867147980 
0.404899 0.02873735991 0.09928008552 
0.405456 0.06351615732 0.09950269101 
0.406013 0.18624570264 0.09636214100 
0.406570 0.01284286715 0.09817849160 
0.407127 0.03189840357 0.10097247150 
0.407684 0.16918183278 0.10240198103 
0.408241 -0.01634335289 0.10091475531 
0.408798 0.24309733117 0.10170052700 
0.409355 0.06796129476 0.10408831256 
0.409912 0.15569100049 0.10822565671 
0.410469 0.11374832246 0.10775202669 
0.411027 0.10887777733 0.10882528323 
0.411584 0.17593401167 0.10817457277 
0.412141 0.16126112609 0.11271403623 
0.412698 0.11375867235 0.10814199706 
0.413255 0.06733768554 0.11064089633 
0.413812 0.10552543268 0.11303699448 
0.414369 0.00758015542 0.11226228209 
0.414926 0.05016440111 0.11410810347 
0.415483 0.17558490197 0.11467313258 
0.416040 0.00740628056 0.11763138964 
0.416597 0.03773650380 0.11547306945 
0.417154 0.10592320950 0.11840390053 
0.417711 0.10790855758 0.11826427022 
0.418268 0.14665264918 0.11490274983 
0.418825 0.06712564258 0.11749184162 
0.419382 0.06662015526 0.11781988057 
0.419940 0.14089705003 0.11208670819 
0.420497 0.15724053119 0.11463676108 
0.421054 0.16326279192 0.11280304842 
0.421611 0.17336896235 0.11268235191 
0.422168 -0.00597367301 0.11156408177 
0.422725 0.16856577190 0.11829959255 
0.423282 0.14757249822 0.11638106817 
0.423839 0.13664549574 0.11657829561 
0.424396 0.18809944889 0.11369426592 
0.424953 0.12541226272 0.11834438626 
0.425510 0.19673192037 0.11550570756 
0.426067 0.01020486778 0.11350526913 
0.426624 -0.01203624504 0.11154289138 
0.427181 0.21439775842 0.11586986497 
0.427738 0.06664594755 0.11636435942 
0.428295 0.07469460348 0.11506369558 
0.428852 0.15544781136 0.11746809731 
0.429409 0.03981620952 0.11276670103 
0.429966 -0.03373327404 0.11492104883 
0.430523 0.14693048247 0.11512717027 
0.431080 0.09683675748 0.11293769082 
0.431637 -0.05414732733 0.11672180030 
0.432194 0.08747873653 0.11624326592 
0.432752 0.07458627094 0.12491761543 
0.433309 0.22153875540 0.12020878111 
0.433866 -0.14829548911 0.11984137573 
0.434423 0.06389252980 0.11937718080 
0.434980 0.14819130052 0.11861697447 
0.435537 0.10702529126 0.12152486742 
0.436094 0.05559270594 0.11796581998 
0.436651 0.04463820862 0.11942738341 
0.437208 0.05211461073 0.11781933806 
0.437765 -0.02957383618 0.12325406397 
0.438322 0.11271534820 0.12126568835 
0.438879 0.03775042397 0.12109345063 
0.439436 0.21055351499 0.11860762596 
0.439993 0.14874038620 0.12429783471 
0.440550 0.20372268940 0.12357005051 
0.441107 0.09076379012 0.12012759689 
0.441664 -0.09096241312 0.12094390545 
0.442221 0.03084506106 0.11836885226 
0.442778 0.04764624180 0.12490003012 
0.443335 0.14271844444 0.12325415651 
0.443892 0.05961220732 0.12318296040 
0.444449 0.02707342404 0.12284449351 
0.445006 0.13609528740 0.12392903714 
0.445563 0.29308651380 0.12205374709 
0.446120 0.08539102797 0.12206871345 
0.446677 0.08735410565 0.12258873855 
0.447234 0.15903766456 0.12590116648 
0.447791 0.07981305432 0.12376565880 
0.448348 0.00823112926 0.12327344860 
0.448905 0.12979318091 0.12544169435 
0.449462 0.10679667104 0.11919439853 
0.450019 -0.08692990206 0.12378549805 
0.450576 -0.00175051909 0.12213220819 
0.451133 0.01986308299 0.12100597972 
0.451690 0.12990637611 0.12437011823 
0.452247 0.01410232887 0.12306585936 
0.452804 0.04958398594 0.12389861684 
0.453361 0.11312346680 0.12095172323 
0.453918 0.07969151675 0.12181938373 
0.454475 0.12261405455 0.12207929154 
0.455032 0.02187877935 0.12598600972 
0.455589 0.01957542339 0.12193643153 
0.456146 0.19445396186 0.12650928600 
0.456703 0.07304246188 0.12465617239 
0.457260 0.02440732406 0.11898072431 
0.457817 0.08798185671 0.11900967315 
0.458374 0.07647075657 0.12434560401 
0.458931 0.24160890635 0.12275376153 
0.459488 0.04741510773 0.12034677622 
0.460045 0.12983705530 0.12298679196 
0.460602 0.13888067995 0.12540601903 
0.461159 0.05840330368 0.12254715387 
0.461716 0.00413242623 0.12327909301 
0.462273 0.19058473007 0.12313442150 
0.462830 -0.01333698031 0.11818931310 
0.463387 0.04824322189 0.12340763279 
0.463943 0.09701458780 0.12132782271 
0.464500 0.14802730041 0.11887083933 
0.465057 0.05504183929 0.12476745901 
0.465614 0.13328335621 0.12481276660 
0.466171 0.00579679372 0.12195068933 
0.466728 0.09125572610 0.12336131919 
0.467285 0.04276919245 0.12301136860 
0.467842 0.08872772223 0.12179799720 
0.468399 0.13722323852 0.12644577097 
0.468956 0.22956142213 0.12256236980 
0.469513 -0.09952441264 0.12356394212 
0.470070 0.25344819361 0.12182023897 
0.470627 0.04581170008 0.12126866787 
0.471184 0.05005258302 0.11980356914 
0.471741 0.14115652229 0.12309375465 
0.472298 0.11655923321 0.12206802746 
0.472855 0.07780709731 0.11792405388 
0.473412 -0.01558124622 0.12190341277 
0.473969 0.01757787885 0.11653059781 
0.474526 -0.01752795485 0.11929125757 
0.475083 -0.02189872964 0.12464021325 
0.475640 -0.07306182028 0.12614008290 
0.476196 0.26419347079 0.11968687889 
0.476753 0.12509321139 0.12163413670 
0.477310 0.11450208710 0.12319774225 
0.477867 0.00257359526 0.12059344763 
0.478424 0.18874913738 0.12843172876 
0.478981 0.14411104552 0.12378760885 
0.479538 0.11716623116 0.12213209107 
0.480095 0.03443141987 0.11951097633 
0.480652 0.15031017889 0.12460822568 
0.481209 0.13447005227 0.11978152608 
0.481766 0.06902184546 0.11742687790 
0.482323 -0.01587220217 0.11809607619 
0.482880 0.13493424450 0.12142579775 
0.483437 0.10993172995 0.12093299264 
0.483994 0.07074025337 0.12130247997 
0.484550 0.15400901108 0.11878537739 
0.485107 0.10661927209 0.12286453742 
0.485664 0.15636276744 0.11972352697 
0.486221 0.15055444279 0.12150466909 
0.486778 0.18303993138 0.11949018304 
0.487335 0.09964481154 0.11668122642 
0.487892 0.00203151461 0.12423075014 
0.488449 0.09754458933 0.11904141292 
0.489006 0.24829936007 0.12143903124 
0.489563 0.02608611328 0.11942300304 
0.490120 0.14102182133 0.12131650619 
0.490677 0.09528858555 0.11927699724 
0.491233 0.02871657039 0.12000577556 
0.491790 -0.04185964301 0.12240585581 
0.492347 0.20668941028 0.12198428212 
0.492904 0.18695316444 0.12153871669 
0.493461 0.10295491620 0.12217415036 
0.494018 0.17907445834 0.12165177070 
0.494575 0.05918693810 0.12031690767 
0.495132 0.14442063251 0.11767544587 
0.495689 0.06865589775 0.12110218564 
0.496246 0.11647617452 0.12262624387 
0.496802 0.07260756452 0.11942188879 
0.497359 0.05947425942 0.12077762404 
0.497916 0.00518337686 0.11874498131 
0.498473 0.02618192998 0.12215829485 
0.499030 0.08684060037 0.12408587612 
0.499587 0.14706133614 0.12113279676 
0.500144 0.12543843298 0.12190769353 
0.500701 -0.02845747309 0.11921370346 
0.501258 0.09529820173 0.11880619839 
0.501815 0.19862738162 0.12305896186 
0.502371 0.27306513642 0.11882370137 
0.502928 0.04044233761 0.12311370328 
0.503485 -0.00277230242 0.11886029366 
0.504042 -0.06912893685 0.12370266061 
0.504599 0.09075410896 0.12332345616 
0.505156 -0.07546768995 0.12089012189 
0.505713 0.09224509140 0.11993822662 
0.506270 0.13991422472 0.12439919425 
0.506826 0.13896784742 0.12380427401 
0.507383 0.07198183025 0.12108687680 
0.507940 -0.04317834213 0.12111679616 
0.508497 0.03513517465 0.12077021547 
0.509054 0.18514489269 0.12498640273 
0.509611 0.07669181925 0.12187959519 
0.510168 0.19713811885 0.12477453218 
0.510725 0.24328473065 0.12186573639 
0.511281 -0.05094233555 0.12304555359 
0.511838 0.05223349575 0.12491124589 
0.512395 0.14247462817 0.12813864179 
0.512952 0.05442360264 0.12655175660 
0.513509 -0.00469260370 0.12722355568 
0.514066 -0.06069359338 0.12460478321 
0.514623 0.13999947130 0.12596940837 
0.515179 0.20472392781 0.12447806641 
0.515736 0.03760843971 0.12757817162 
0.516293 0.27772356303 0.12785176411 
0.516850 -0.06413095349 0.13035579043 
0.517407 0.18779231557 0.13022236531 
0.517964 0.10928085001 0.12915439137 
0.518521 0.14185585848 0.13222047784 
0.519077 0.06726099168 0.13044459513 
0.519634 -0.09190538642 0.13439833251 
0.520191 0.10586266964 0.13060552632 
0.520748 0.19109934044 0.13884102192 
0.521305 0.24187030644 0.13084634333 
0.521862 0.10265286091 0.13129896997 
0.522418 0.16544047141 0.13380953714 
0.522975 -0.13316778605 0.13532343384 
0.523532 -0.04778696969 0.13501358952 
0.524089 0.17646564911 0.13443468033 
0.524646 0.19228582088 0.14441406304 
0.525203 0.13893408215 0.13881553456 
0.525759 0.11144945246 0.13478611840 
0.526316 0.21547610703 0.14319433321 
0.526873 0.17062083016 0.13934862679 
0.527430 0.06760853019 0.14194464146 
0.527987 0.04826910556 0.14097720457 
0.528544 0.12277470605 0.14292575302 
0.529100 0.10064572976 0.14233311996 
0.529657 0.13524495564 0.14305458301 
0.530214 0.13670459738 0.14369285073 
0.530771 0.15641681436 0.15125975622 
0.531328 -0.04843149068 0.14679977963 
0.531884 0.15603816502 0.15346979406 
0.532441 0.14057215413 0.15104767724 
0.532998 0.00486812506 0.14728323353 
0.533555 0.11806789310 0.15149237183 
0.534112 0.21058274913 0.15485465453 
0.534669 0.16078761797 0.15432700165 
0.535225 0.09652466680 0.15401677169 
0.535782 -0.00213279351 0.15958708165 
0.536339 -0.14128832180 0.16273028322 
0.536896 0.24337051065 0.16346293226 
0.537453 0.06471760872 0.16444791221 
0.538009 -0.01798613897 0.16646878933 
0.538566 -0.19334179590 0.17632657011 
0.539123 0.12666298287 0.18103590397 
0.539680 -0.00319986400 0.17618322038 
0.540237 0.17990080907 0.18127849868 
0.540793 0.39893903311 0.19379481963 
0.541350 0.34940879771 0.21263238421 
0.541907 0.14629338986 0.23029221900 
0.542464 0.12008518233 0.26259997423 
0.543021 -0.03305939685 0.44875869202 
