0.011985 151.22004274326 0.00000000000 
0.012543 157.61963634921 10.21795279860 
0.013100 150.88831198224 12.95194670651 
0.013658 151.53278725005 10.66317548843 
0.014215 144.74207204247 9.21836156416 
0.014772 142.17830548727 6.82223554283 
0.015330 139.78964697528 5.55153304084 
0.015887 134.47445319453 4.79473804134 
0.016445 134.22366091385 4.13703960928 
0.017002 130.74918578460 3.92887837260 
0.017560 125.12542283972 3.43770518024 
0.018117 123.24784556973 2.84709638352 
0.018675 119.42910946611 2.37494404054 
0.019232 114.47196912378 2.68159816974 
0.019789 110.22869141043 2.28796966606 
0.020347 106.43572133252 2.07475291673 
0.020904 103.85652658912 1.86315297509 
0.021462 100.17896020799 1.82402772875 
0.022019 96.42914016850 1.49322020387 
0.022577 95.69977800870 1.49563222682 
0.023134 91.13598999824 1.22306992730 
0.023692 87.32237997604 1.37722440725 
0.024249 85.29724175242 1.11962723555 
0.024807 81.69332961577 1.07978728515 
0.025364 78.84230800039 1.02029041006 
0.025921 75.17224940358 0.98129724349 
0.026479 72.12011245411 0.88231224286 
0.027036 70.13581883145 0.86194950481 
0.027594 65.81567319732 0.78289876837 
0.028151 64.44589169862 0.73075824939 
0.028709 61.55602968558 0.74024123359 
0.029266 58.90149688560 0.69689215491 
0.029824 56.48725470215 0.66113093337 
0.030381 54.43438343194 0.63249065439 
0.030938 51.12668296311 0.59290687306 
0.031496 49.73106638162 0.54248911000 
0.032053 47.34501346982 0.55368789001 
0.032611 44.91354410045 0.52118294779 
0.033168 42.03826346104 0.53905429733 
0.033726 41.43893362442 0.50316961573 
0.034283 38.88678037029 0.50819978276 
0.034841 37.31277619203 0.45123969411 
0.035398 35.75626370687 0.48928559798 
0.035955 34.53389665773 0.46996463488 
0.036513 32.06079104665 0.43700716031 
0.037070 30.40753953860 0.43852506083 
0.037628 29.59612209128 0.43008424978 
0.038185 28.02261159221 0.40629627253 
0.038743 26.61520300005 0.41857997157 
0.039300 25.58885577381 0.37539333449 
0.039858 23.87069025187 0.39926186446 
0.040415 22.51049049105 0.37664871142 
0.040973 21.80515790584 0.36164518133 
0.041530 21.64623330733 0.37977181854 
0.042087 20.12066882895 0.36373805864 
0.042645 19.01473292534 0.34174140364 
0.043202 18.25352889166 0.35266955707 
0.043760 17.87331560683 0.33282909189 
0.044317 17.20180048250 0.33141027683 
0.044875 15.67560007590 0.33871402654 
0.045432 15.29645366054 0.31934771063 
0.045990 15.05671063549 0.31581663582 
0.046547 13.75273706170 0.31965096059 
0.047104 13.82534518970 0.30570956261 
0.047662 12.78533192632 0.28752653269 
0.048219 12.67104360820 0.28963998088 
0.048777 11.92566723751 0.31557730075 
0.049334 11.47808267446 0.29595356797 
0.049892 11.38708969561 0.28486064470 
0.050449 11.16505709130 0.28731489790 
0.051007 10.86264578430 0.27787129170 
0.051564 10.20894232024 0.27593418055 
0.052121 9.91151778713 0.26528881226 
0.052679 9.99154361438 0.27343658878 
0.053236 9.62789830152 0.25367466771 
0.053794 9.08893443960 0.26155022761 
0.054351 9.26408297059 0.24403117227 
0.054909 8.74367065115 0.25240608517 
0.055466 8.45913560645 0.25761411048 
0.056024 8.32176650027 0.24916388866 
0.056581 8.16610223123 0.25049678943 
0.057138 7.91795212040 0.24209689221 
0.057696 7.59159073833 0.23386224306 
0.058253 7.97711892922 0.25668513906 
0.058811 7.46661783118 0.24317406267 
0.059368 7.68236961345 0.23986139201 
0.059926 7.43289399396 0.22870261993 
0.060483 7.04867726890 0.23147355858 
0.061041 6.86799919941 0.22733642650 
0.061598 6.80777019119 0.22383660709 
0.062155 6.96972696861 0.23607231194 
0.062713 6.44114432866 0.21709953154 
0.063270 6.68865925700 0.23189346260 
0.063828 6.30761588036 0.21435893511 
0.064385 6.73920191636 0.21929619623 
0.064943 6.36812532063 0.21802639527 
0.065500 6.33609863536 0.22043042502 
0.066057 6.15954359623 0.21180461914 
0.066615 6.12146703119 0.22262506961 
0.067172 5.87137424143 0.21038530589 
0.067730 5.70404489705 0.21167310287 
0.068287 5.86696335452 0.20395918289 
0.068845 5.95902927753 0.20356969204 
0.069402 5.55884273171 0.20537234413 
0.069960 5.60604409820 0.19715097436 
0.070517 5.35379874304 0.19518294517 
0.071074 5.13061808839 0.20265184149 
0.071632 4.95802983339 0.19591545185 
0.072189 4.76196844445 0.20405753783 
0.072747 4.68220385255 0.19682262442 
0.073304 4.73042338382 0.19092879123 
0.073862 4.43532257759 0.19308614878 
0.074419 4.42805908905 0.18860178012 
0.074977 4.22800955501 0.19462597042 
0.075534 4.15829536139 0.20211712233 
0.076091 4.21908351397 0.17626110083 
0.076649 4.08928117313 0.18526817679 
0.077206 3.89749211936 0.18322811032 
0.077764 3.92636133773 0.18629946403 
0.078321 3.39973027919 0.18794909777 
0.078879 3.28319798698 0.17613184969 
0.079436 3.36373936939 0.18356380403 
0.079993 3.21415641388 0.17417842165 
0.080551 3.33725459283 0.17724472202 
0.081108 3.15033412779 0.17306452141 
0.081666 2.94515259186 0.17820272992 
0.082223 2.86645114554 0.18369830841 
0.082781 2.77051812538 0.18320222439 
0.083338 2.74258162899 0.17701724957 
0.083895 2.59033521776 0.16629674398 
0.084453 2.79696769018 0.17299371165 
0.085010 2.63694504820 0.17492309579 
0.085568 2.56876892221 0.16910725836 
0.086125 2.34309466042 0.16715944543 
0.086683 2.33250925370 0.16338161590 
0.087240 2.44898852039 0.17007134910 
0.087798 2.32543433272 0.16012694317 
0.088355 2.03957198908 0.16239763378 
0.088912 2.03957891620 0.16400536069 
0.089470 1.77083374498 0.15974478255 
0.090027 1.75854746709 0.16172927828 
0.090585 1.70406938901 0.16625302322 
0.091142 1.72697242643 0.16220987444 
0.091700 1.74293073452 0.15310221104 
0.092257 1.61756625087 0.15545691559 
0.092814 1.39212267585 0.16125364688 
0.093372 1.37852384859 0.15653731632 
0.093929 1.40575915809 0.15871506499 
0.094487 1.41079655237 0.15398375260 
0.095044 1.12080075619 0.15507849906 
0.095602 1.19981411225 0.15529736187 
0.096159 1.32887694935 0.15366636636 
0.096716 1.38325286557 0.15331087548 
0.097274 1.31314155956 0.14978714133 
0.097831 1.24597874348 0.14971725191 
0.098389 1.16452689309 0.15367756619 
0.098946 1.02729970989 0.14727406693 
0.099504 1.17953166230 0.15251966078 
0.100061 0.88392371076 0.14602334475 
0.100618 0.99142138359 0.14842396364 
0.101176 0.99408561710 0.14842465545 
0.101733 1.16624270861 0.14416640342 
0.102291 0.97490953816 0.14547126381 
0.102848 0.95280469585 0.14588073497 
0.103406 0.95933992206 0.14452156398 
0.103963 0.77572051117 0.13971262873 
0.104520 1.00538099566 0.14695769670 
0.105078 0.86072331280 0.14599005894 
0.105635 0.97143611766 0.14157625575 
0.106193 0.85574178253 0.14136361759 
0.106750 0.87162780608 0.14230379991 
0.107308 0.73948568399 0.14106437216 
0.107865 0.88004178806 0.13482767036 
0.108422 0.82742606003 0.13810830671 
0.108980 0.75354454850 0.13745043451 
0.109537 0.88892783983 0.14080829857 
0.110095 0.78011581722 0.13776210701 
0.110652 0.77489168082 0.13430648977 
0.111210 0.84114052039 0.13973412382 
0.111767 0.75359673073 0.13848193309 
0.112324 0.96431581155 0.13564723058 
0.112882 0.91864056850 0.13255295531 
0.113439 0.60934567706 0.13139175921 
0.113997 0.78752560072 0.13484594427 
0.114554 0.78137441330 0.13407133383 
0.115111 0.76168667572 0.13736958132 
0.115669 0.71373086183 0.13130295159 
0.116226 0.63938925115 0.13525542809 
0.116784 0.70372534441 0.13045692232 
0.117341 0.68463331611 0.13244576389 
0.117899 0.79384009611 0.13460669299 
0.118456 0.64558063474 0.13064382179 
0.119013 0.83571693154 0.13611562166 
0.119571 0.77776848783 0.12928992881 
0.120128 0.66195116139 0.13139904129 
0.120686 0.82559642881 0.12974003983 
0.121243 0.77701410601 0.13356166009 
0.121800 0.44896984733 0.13034513027 
0.122358 0.64007001390 0.12879183914 
0.122915 0.60138057502 0.13054695566 
0.123473 0.65405198008 0.13095594553 
0.124030 0.60102219232 0.13100486577 
0.124588 0.51880950828 0.13128670203 
0.125145 0.52310408442 0.12816672102 
0.125702 0.61527366318 0.12657399843 
0.126260 0.62836058363 0.12617677671 
0.126817 0.62497325892 0.12891275043 
0.127375 0.56134328787 0.12847676209 
0.127932 0.38859658651 0.12733760970 
0.128489 0.53804230520 0.12615716648 
0.129047 0.54038208247 0.12437655095 
0.129604 0.63450284009 0.12454694030 
0.130162 0.58573233345 0.12603505373 
0.130719 0.56183384822 0.12566037177 
0.131277 0.63174544059 0.12546591224 
0.131834 0.52369332436 0.12416082742 
0.132391 0.41784084799 0.12673472628 
0.132949 0.52631813217 0.12810120943 
0.133506 0.52135439339 0.13242188415 
0.134064 0.51512250789 0.13224742448 
0.134621 0.43572475865 0.13254732574 
0.135178 0.35341513250 0.13562552036 
0.135736 0.64451881921 0.13928660559 
0.136293 0.68696088462 0.13403037711 
0.136851 0.46291663340 0.13395990197 
0.137408 0.33453026240 0.13843297371 
0.137965 0.35889365772 0.13153830460 
0.138523 0.57831957215 0.13619173312 
0.139080 0.42860684369 0.14331228684 
0.139638 0.34561651091 0.13911441975 
0.140195 0.40287708057 0.13269232212 
0.140752 0.42193260064 0.13506378905 
0.141310 0.22240113161 0.14341763383 
0.141867 0.47460321734 0.13853895706 
0.142425 0.45020099616 0.14298696611 
0.142982 0.24257049576 0.13920507925 
0.143540 0.42186428852 0.13634283582 
0.144097 0.47757489352 0.13673744519 
0.144654 0.45060728228 0.13386849181 
0.145212 0.32965991742 0.13182984741 
0.145769 0.35123409116 0.13121864878 
0.146327 0.22631756859 0.13206508636 
0.146884 0.34510147780 0.13187172792 
0.147441 0.25587938016 0.12895584206 
0.147999 0.23980853773 0.12909701546 
0.148556 0.24613729791 0.12417071932 
0.149114 0.18559397350 0.12787586861 
0.149671 0.20738644522 0.12481533076 
0.150228 0.27374763358 0.12676429600 
0.150786 0.16895396635 0.12726165898 
0.151343 0.18204314718 0.12367299595 
0.151901 0.25417977045 0.12281700547 
0.152458 0.24300395588 0.12712508488 
0.153015 0.29926902685 0.12289090410 
0.153573 0.16548762065 0.12121112510 
0.154130 0.28427035462 0.12410624981 
0.154688 0.17726896439 0.11912111119 
0.155245 0.39575675623 0.12053030048 
0.155802 0.14560094534 0.12340358319 
0.156360 0.18149173045 0.11925944936 
0.156917 0.09928260183 0.12199469323 
0.157475 0.14350031009 0.11801739995 
0.158032 0.23180402541 0.11455891351 
0.158589 0.40040860028 0.11696317438 
0.159147 0.23715459720 0.12146125229 
0.159704 0.16350258338 0.11647605129 
0.160261 0.18628002133 0.11757756677 
0.160819 0.11462094533 0.11678588420 
0.161376 0.15120262069 0.11462237855 
0.161934 0.12199118844 0.11721761761 
0.162491 0.20388412736 0.11701103030 
0.163048 0.05085505105 0.11970667435 
0.163606 0.21374872737 0.11289183139 
0.164163 0.07666720501 0.11364819652 
0.164721 0.29894287525 0.11811585495 
0.165278 0.06438485769 0.11178393562 
0.165835 0.06200622953 0.11509841908 
0.166393 0.17162702660 0.11198661518 
0.166950 0.31114714829 0.11512099739 
0.167508 0.13954509666 0.11221519577 
0.168065 0.08708029777 0.11392308562 
0.168622 0.15943936389 0.11331020651 
0.169180 0.05245939199 0.11085872935 
0.169737 0.03486170952 0.11207572200 
0.170294 0.03214436155 0.11239818234 
0.170852 0.09758102735 0.11295059642 
0.171409 0.08764414249 0.11121479956 
0.171967 0.09865169381 0.11089330200 
0.172524 0.11718877706 0.10935936325 
0.173081 0.15469233879 0.10817704716 
0.173639 0.08087822225 0.10845790754 
0.174196 0.00989952000 0.10913228572 
0.174754 0.00019841245 0.11059853904 
0.175311 0.01615126226 0.10950885362 
0.175868 0.06085049836 0.10957046582 
0.176426 0.14744848438 0.10883563829 
0.176983 -0.01471030600 0.10703979555 
0.177540 0.20276640492 0.10726481613 
0.178098 -0.08424175297 0.10828340098 
0.178655 0.15907731398 0.10623482857 
0.179213 -0.05331235951 0.10710723173 
0.179770 0.08693524671 0.10645337576 
0.180327 0.26077322062 0.10692411998 
0.180885 0.07515268543 0.10432305537 
0.181442 0.08030768403 0.10869526451 
0.181999 0.04326095532 0.10629179217 
0.182557 0.00481428566 0.10387980796 
0.183114 0.08945703969 0.10688636660 
0.183672 0.12579426435 0.10763660926 
0.184229 0.26117874097 0.10523623073 
0.184786 -0.11850182819 0.10640892469 
0.185344 0.00161125917 0.10527468272 
0.185901 0.03027645152 0.10745220542 
0.186458 0.05731705961 0.10669230364 
0.187016 0.00576759979 0.10395897683 
0.187573 0.13318364501 0.10656211046 
0.188131 0.11816856471 0.10619203755 
0.188688 0.01172486578 0.10069599078 
0.189245 0.09958941798 0.10820105755 
0.189803 0.12475389041 0.11008250123 
0.190360 -0.01672583683 0.10503028214 
0.190917 0.07719181630 0.10691450072 
0.191475 -0.04404221804 0.10432058977 
0.192032 0.06120875386 0.10443103976 
0.192590 0.07760276819 0.10358008124 
0.193147 0.28375598779 0.10533390101 
0.193704 0.08353792885 0.10326960490 
0.194262 0.10006421023 0.10547945739 
0.194819 -0.00209700176 0.10445436378 
0.195376 0.11439037289 0.10330667105 
0.195934 0.10237967865 0.10320424216 
0.196491 0.05467053883 0.10438993725 
0.197048 0.12236646947 0.10544019325 
0.197606 0.15613709311 0.10217628125 
0.198163 0.10743965382 0.10246149871 
0.198721 0.07881528000 0.10109944894 
0.199278 0.04235236717 0.10133661790 
0.199835 0.04680859373 0.10086841156 
0.200393 0.00800815658 0.10305215533 
0.200950 0.15572460681 0.10178121951 
0.201507 0.09479821296 0.10199355698 
0.202065 0.10275337387 0.10082714265 
0.202622 0.04647585993 0.09980980169 
0.203179 0.08764003732 0.10070256683 
0.203737 0.09279786960 0.09960364925 
0.204294 0.14180243252 0.10108724653 
0.204851 0.03454779134 0.10164305186 
0.205409 -0.01684379866 0.09876983355 
0.205966 -0.01025210520 0.10012160049 
0.206524 -0.01102671292 0.09978572775 
0.207081 0.09627670666 0.10007535001 
0.207638 0.16058991465 0.09948249742 
0.208196 -0.00250597272 0.09575444728 
0.208753 0.08087948507 0.09717278046 
0.209310 0.14202099874 0.09958836790 
0.209868 0.06022790798 0.09862343120 
0.210425 0.03327173767 0.09697116199 
0.210982 0.15252747670 0.09599312478 
0.211540 0.12272414412 0.09774110173 
0.212097 0.09194958653 0.09885402842 
0.212654 0.06438510226 0.09835117445 
0.213212 0.11063741314 0.09771694020 
0.213769 0.24113092498 0.09792574765 
0.214326 0.14467302638 0.09799780960 
0.214884 0.05787620011 0.09754939261 
0.215441 0.17226665573 0.09589304874 
0.215999 0.16278313497 0.09625693893 
0.216556 0.09735846680 0.09710678099 
0.217113 0.11328243303 0.09661489849 
0.217671 0.17361313275 0.09484633211 
0.218228 0.02423848830 0.09619473895 
0.218785 0.19888834353 0.09727092907 
0.219343 0.02663431512 0.09676235370 
0.219900 -0.03218772538 0.09577925114 
0.220457 0.03646021749 0.09442261701 
0.221015 0.02533445742 0.09763478610 
0.221572 0.14783769591 0.09668205586 
0.222129 0.02659276570 0.09663831458 
0.222687 0.11021974140 0.09550713391 
0.223244 0.20968314509 0.09372780764 
0.223801 0.15165379124 0.09400221777 
0.224359 0.21576655979 0.09544812569 
0.224916 0.08468736618 0.09501258076 
0.225473 0.07484715262 0.09595745887 
0.226031 0.00863309433 0.09327612913 
0.226588 0.16012504633 0.09431156160 
0.227145 0.06775624756 0.09358127663 
0.227703 0.19694649931 0.09274589428 
0.228260 0.11169411105 0.09506315377 
0.228817 0.04678151934 0.09398845585 
0.229375 0.03125079242 0.09287265262 
0.229932 0.03343832890 0.09362858972 
0.230489 0.11633308581 0.09336505582 
0.231047 0.20182285559 0.09273635531 
0.231604 0.14474560796 0.08939022398 
0.232161 0.01787534707 0.09260081727 
0.232719 0.05771542566 0.09168719015 
0.233276 0.03766702894 0.09163360091 
0.233833 0.03698380068 0.09179241557 
0.234391 0.19865340478 0.09105800696 
0.234948 0.06904284972 0.09038073899 
0.235505 0.04636494593 0.09229624323 
0.236063 0.13473567187 0.09042683712 
0.236620 0.13605165278 0.08974159490 
0.237177 0.16738635343 0.09121629536 
0.237735 0.08481232058 0.09166894137 
0.238292 0.14599162512 0.08960329077 
0.238849 0.10090909421 0.09039534134 
0.239407 0.17628414739 0.08900857342 
0.239964 0.07564908552 0.09049890956 
0.240521 0.10006843054 0.08994485641 
0.241079 0.02835949849 0.08964928118 
0.241636 0.12668307549 0.08971757178 
0.242193 0.14804298625 0.09069313985 
0.242750 -0.04639479647 0.08970514849 
0.243308 -0.03777881239 0.08934460851 
0.243865 0.15502708591 0.08897360654 
0.244422 0.10883524483 0.08818316388 
0.244980 0.11783362269 0.09045273950 
0.245537 0.10599062321 0.08842731752 
0.246094 0.11729064405 0.09008577566 
0.246652 0.16968755685 0.08838003269 
0.247209 0.05955539887 0.08641499341 
0.247766 0.00461998287 0.08794826258 
0.248324 0.09595517026 0.09083962163 
0.248881 0.06218450171 0.08927147142 
0.249438 0.10691445116 0.08754506827 
0.249996 0.15484577944 0.08894958211 
0.250553 0.18163586439 0.08796498124 
0.251110 0.01576230959 0.08724170832 
0.251667 0.14646391124 0.08759011469 
0.252225 0.12816392201 0.08808524433 
0.252782 0.11199915834 0.08651177208 
0.253339 0.09521630107 0.09000669742 
0.253897 0.00748426010 0.08830316913 
0.254454 0.11596259959 0.08777294443 
0.255011 0.05406553726 0.08450957079 
0.255569 0.00080158674 0.08821043489 
0.256126 0.08332021592 0.08568867814 
0.256683 0.06914285847 0.08624195288 
0.257241 0.11442780278 0.08626622443 
0.257798 0.11864222673 0.08615611061 
0.258355 0.04861086954 0.08587852528 
0.258912 0.04448029225 0.08616549142 
0.259470 0.08430001413 0.08748116225 
0.260027 0.08751468240 0.08645462351 
0.260584 0.04504219806 0.08658902101 
0.261142 0.08469861458 0.08536772118 
0.261699 -0.07843014332 0.08590844634 
0.262256 0.05956049230 0.08482678417 
0.262814 0.17440855981 0.08629248183 
0.263371 0.15373183388 0.08508516550 
0.263928 -0.01655669132 0.08609448769 
0.264485 0.02336741736 0.08704846095 
0.265043 0.03384178451 0.08607198543 
0.265600 0.10577258074 0.08775962816 
0.266157 0.08066833268 0.08533878009 
0.266715 0.08439746478 0.08531633589 
0.267272 0.10930438769 0.08495461946 
0.267829 -0.04486594399 0.08387175309 
0.268386 0.10816070232 0.08451979141 
0.268944 0.03447325324 0.08569075897 
0.269501 0.07750500688 0.08392351757 
0.270058 0.07850782575 0.08580991784 
0.270616 0.12925972343 0.08372635290 
0.271173 0.08268305501 0.08486828503 
0.271730 0.17900158718 0.08575566485 
0.272287 0.13420514592 0.08653405647 
0.272845 -0.03246763315 0.08822625065 
0.273402 0.06494665424 0.08826762396 
0.273959 0.04806970321 0.08923179998 
0.274517 0.15557971466 0.08983113852 
0.275074 -0.04536414823 0.08866242681 
0.275631 0.05933551313 0.08810626661 
0.276188 0.07432933916 0.08880469481 
0.276746 0.14689220050 0.09016865474 
0.277303 0.02887249793 0.08988454067 
0.277860 0.07947635540 0.08972212151 
0.278418 0.09721364986 0.09121766367 
0.278975 0.15919420068 0.09123351213 
0.279532 0.05683952260 0.09220505551 
0.280089 0.08688622541 0.09180516847 
0.280647 0.06627726536 0.08999552653 
0.281204 -0.07392867366 0.09009619470 
0.281761 0.06493291987 0.08980213545 
0.282318 -0.04194195762 0.08885031868 
0.282876 0.04190777026 0.08754335637 
0.283433 -0.01372341041 0.08856502666 
0.283990 -0.06695856591 0.08677799490 
0.284548 0.05242638321 0.08544702255 
0.285105 0.11558904784 0.08849184625 
0.285662 0.07179177111 0.08535446260 
0.286219 0.06142252909 0.08803858930 
0.286777 0.01325879833 0.08569645945 
0.287334 -0.06945637324 0.08485374446 
0.287891 0.05067185349 0.08497252963 
0.288448 0.16197618844 0.08548884547 
0.289006 0.06878901245 0.08499350475 
0.289563 -0.00223627743 0.08321813607 
0.290120 0.08354102018 0.08332555365 
0.290677 0.18213575605 0.08492661821 
0.291235 0.13168903291 0.08427674849 
0.291792 0.07587568107 0.08592199645 
0.292349 0.04898480199 0.08433943661 
0.292906 0.09088495754 0.08695697919 
0.293464 0.05899124546 0.08526124039 
0.294021 0.01891425627 0.08669090662 
0.294578 0.00911907117 0.08637358886 
0.295136 0.12954972426 0.08603849167 
0.295693 0.06750582399 0.08737127230 
0.296250 0.01997116958 0.08463980906 
0.296807 0.06852184448 0.08579375142 
0.297365 0.05423221466 0.08657802743 
0.297922 0.12397455206 0.08561676035 
0.298479 -0.01344507225 0.08643734778 
0.299036 0.08873556416 0.08464413219 
0.299594 0.04540922898 0.08532076426 
0.300151 0.07170449843 0.08600133123 
0.300708 0.06580949672 0.08446878134 
0.301265 0.06360700343 0.08543251353 
0.301823 0.00622040209 0.08704432117 
0.302380 -0.01712432139 0.08662521944 
0.302937 0.01831109200 0.08652519149 
0.303494 0.14388031130 0.08555338257 
0.304052 0.15922987605 0.08343888522 
0.304609 0.11405974662 0.08536255755 
0.305166 0.01420402293 0.08619482845 
0.305723 -0.00695473571 0.08617116430 
0.306280 0.02375231104 0.08704158489 
0.306838 0.10948568941 0.08509755967 
0.307395 0.06852382834 0.08605887879 
0.307952 0.19092028495 0.08402330118 
0.308509 0.10303234858 0.08704007736 
0.309067 0.03133328861 0.08707973706 
0.309624 0.03934446279 0.08366727499 
0.310181 0.02913399161 0.08328682669 
0.310738 0.01861474290 0.08504891612 
0.311296 -0.01460414692 0.08483130579 
0.311853 0.05253329289 0.08769372673 
0.312410 0.13224433951 0.08554513989 
0.312967 0.14577632846 0.08731973676 
0.313525 0.00990141740 0.08600197322 
0.314082 0.05569266545 0.08464239692 
0.314639 -0.01049583170 0.08679102364 
0.315196 0.10221684223 0.08523101518 
0.315753 0.15314708108 0.08681512137 
0.316311 0.05220624294 0.08847229138 
0.316868 0.05548203110 0.08649259354 
0.317425 0.13438848546 0.08643517680 
0.317982 0.24477138151 0.08709943411 
0.318540 0.06840682658 0.08605906196 
0.319097 -0.07854307360 0.08791965386 
0.319654 0.03607434637 0.08723470333 
0.320211 0.07320017287 0.08658349744 
0.320768 0.08115942467 0.08741822168 
0.321326 0.13773914357 0.08568659721 
0.321883 0.24218831382 0.08903523531 
0.322440 0.12793953812 0.08651045411 
0.322997 0.13493691989 0.08500247108 
0.323555 0.23607528312 0.08653210618 
0.324112 0.14204597926 0.08799670190 
0.324669 0.15005042427 0.08743709621 
0.325226 0.08238676840 0.08657422331 
0.325783 0.08830625282 0.08750696995 
0.326341 0.05061756912 0.08560665931 
0.326898 0.00850902844 0.08797876970 
0.327455 0.20624466878 0.08852011387 
0.328012 0.08349909530 0.08910256438 
0.328569 0.02079712746 0.09172488514 
0.329127 0.13853169914 0.08749772175 
0.329684 -0.01108093050 0.08897430644 
0.330241 0.11623639530 0.08634998547 
0.330798 0.13625158731 0.08932305882 
0.331355 0.13267307546 0.08935711767 
0.331913 0.22167330201 0.08904506717 
0.332470 0.09945895208 0.08941468861 
0.333027 0.15023596711 0.08822611326 
0.333584 0.02724661626 0.08843967868 
0.334141 0.06688222647 0.08996695413 
0.334699 0.00772465340 0.09099487027 
0.335256 0.13963372433 0.08983396974 
0.335813 -0.01164044991 0.09033034826 
0.336370 0.06935805561 0.09026683992 
0.336927 0.12436668556 0.09145022263 
0.337485 0.16816153958 0.09064058855 
0.338042 0.09986499275 0.09230067228 
0.338599 0.07215549614 0.09040607263 
0.339156 -0.01655881553 0.09336544275 
0.339713 0.08224419410 0.09149565358 
0.340271 0.04890199550 0.09324539199 
0.340828 0.10763618165 0.09453372898 
0.341385 0.10079437562 0.09327079755 
0.341942 0.03528101500 0.09228028670 
0.342499 -0.04787385684 0.09537732191 
0.343057 -0.01308210793 0.09433402826 
0.343614 0.11208122119 0.09432286857 
0.344171 0.08190991603 0.09538738795 
0.344728 0.07498910669 0.09317417856 
0.345285 0.14241064209 0.09401203835 
0.345842 0.01329455602 0.09554449968 
0.346400 0.04621056444 0.09644935314 
0.346957 -0.06852084673 0.09705873756 
0.347514 0.02042355113 0.09473840480 
0.348071 -0.06365361906 0.09572835372 
0.348628 -0.01051623758 0.09791929773 
0.349186 0.03217676595 0.09642350926 
0.349743 0.16327728558 0.09760085252 
0.350300 0.09327002595 0.09753163901 
0.350857 0.09475200128 0.09782262364 
0.351414 0.13272998978 0.09965410668 
0.351971 0.08033538721 0.09765968493 
0.352529 0.05687179552 0.10019197320 
0.353086 0.06203606411 0.10082762112 
0.353643 0.08164068309 0.10048184886 
0.354200 -0.03868705973 0.09969798684 
0.354757 -0.01736331858 0.10232631238 
0.355314 0.15709940367 0.10143425825 
0.355872 0.13268229278 0.10267012734 
0.356429 0.04734964278 0.10218090263 
0.356986 0.06749356710 0.10376049515 
0.357543 0.02599903847 0.10392706518 
0.358100 0.01167188400 0.10231673588 
0.358657 -0.04469595476 0.10309402239 
0.359215 0.02624463646 0.10420455226 
0.359772 0.12228911243 0.10385626978 
0.360329 -0.03994586247 0.10285980319 
0.360886 -0.04531277621 0.10472726038 
0.361443 0.06225724693 0.10343662305 
0.362000 0.06588345911 0.10243846545 
0.362558 0.04400832523 0.10124356854 
0.363115 0.10777814224 0.10393973568 
0.363672 0.12025717485 0.10422496121 
0.364229 0.11524988105 0.10179379641 
0.364786 -0.07352218843 0.10473652745 
0.365343 0.08322316194 0.10509175579 
0.365900 -0.05734271067 0.10250766739 
0.366458 0.01109506724 0.09994981147 
0.367015 0.03146886279 0.10181412943 
0.367572 0.05879943067 0.10225472322 
0.368129 0.05669791477 0.10094362937 
0.368686 0.10017275545 0.10118343114 
0.369243 0.02268591352 0.09978996471 
0.369801 0.17283383958 0.10052967225 
0.370358 -0.08359095414 0.09930569711 
0.370915 0.04524046063 0.09967404347 
0.371472 0.20688190223 0.09796629381 
0.372029 -0.14317879186 0.09838620488 
0.372586 -0.03500839642 0.09855199509 
0.373143 0.18550853901 0.10096984848 
0.373700 0.09895445944 0.09779817492 
0.374258 0.06515370159 0.09978281869 
0.374815 0.01653088830 0.09723852731 
0.375372 0.07822997594 0.09562275152 
0.375929 -0.00154178504 0.09658365841 
0.376486 0.10335940078 0.09626444480 
0.377043 0.14218250318 0.09907430572 
0.377600 0.12099071798 0.09439242280 
0.378158 0.09647799767 0.09469780266 
0.378715 0.01841056504 0.09552524771 
0.379272 0.10183539236 0.09492794357 
0.379829 0.09366404327 0.09364829994 
0.380386 0.11008780490 0.09383875063 
0.380943 0.02122195376 0.09576340906 
0.381500 -0.00209893865 0.09404791777 
0.382057 -0.08704883686 0.09315642441 
0.382615 -0.00801560308 0.09302747004 
0.383172 0.05711237602 0.09276453243 
0.383729 0.12346072812 0.09302181509 
0.384286 0.06204255409 0.09175379640 
0.384843 0.04794589295 0.09265780653 
0.385400 0.06141752861 0.09188013102 
0.385957 0.10280013349 0.09076296299 
0.386514 0.05070932545 0.09110167139 
0.387072 0.06597903245 0.09140696344 
0.387629 0.11435107536 0.09363807613 
0.388186 0.17951138228 0.09148825162 
0.388743 0.02900085378 0.09078338802 
0.389300 0.05218148105 0.08946450644 
0.389857 -0.00191546142 0.09049349893 
0.390414 0.03255300486 0.09109318403 
0.390971 0.08227816278 0.08874907236 
0.391528 0.11358155364 0.09001694597 
0.392086 -0.04953810392 0.09170484695 
0.392643 0.07174728814 0.09023531355 
0.393200 0.07663310836 0.08823463055 
0.393757 0.02177644706 0.09109870511 
0.394314 0.04190512277 0.09136469578 
0.394871 0.08888526037 0.09042904245 
0.395428 0.06934574809 0.09064511150 
0.395985 0.18518303234 0.09107008063 
0.396542 0.01724049237 0.08940704446 
0.397099 0.26007839102 0.08992030552 
0.397657 0.17198261888 0.08878678187 
0.398214 0.01086565267 0.08863695901 
0.398771 0.03400604343 0.08914326224 
0.399328 0.04358589132 0.08875151831 
0.399885 0.03677775118 0.08718387619 
0.400442 0.05270245474 0.08900724819 
0.400999 0.04210455488 0.09222746787 
0.401556 0.18315620774 0.09019701814 
0.402113 0.26647094450 0.09153358112 
0.402670 0.13365201411 0.09572843462 
0.403227 0.03817305492 0.09358946823 
0.403785 -0.06200310943 0.09437357025 
0.404342 0.06589796694 0.09814377448 
0.404899 -0.00138015410 0.09828434503 
0.405456 -0.01190897252 0.09924251413 
0.406013 0.01700548444 0.10048413211 
0.406570 0.05767835968 0.09839398149 
0.407127 0.13253461930 0.09943808796 
0.407684 0.14271095425 0.09944013180 
0.408241 -0.00193021153 0.10536111141 
0.408798 0.13029369404 0.10195450921 
0.409355 0.10574973799 0.10616556384 
0.409912 0.04347912256 0.10385977443 
0.410469 0.00356105231 0.10697504529 
0.411027 0.01968358984 0.10561917243 
0.411584 -0.00961614513 0.10335345139 
0.412141 0.13017794615 0.10977498104 
0.412698 0.22525651232 0.11059596746 
0.413255 0.17677507893 0.11277160297 
0.413812 0.11480494546 0.10974061003 
0.414369 -0.03922085927 0.11164198162 
0.414926 0.05646416360 0.11485946765 
0.415483 -0.02024874116 0.11396423331 
0.416040 0.14790632703 0.11289186975 
0.416597 0.04559073914 0.11547990891 
0.417154 0.20461396518 0.11768942943 
0.417711 0.05320875085 0.11794732315 
0.418268 -0.02201569898 0.11648871461 
0.418825 -0.00494162377 0.11471810342 
0.419382 0.02446251809 0.11798224039 
0.419940 0.00596479188 0.11575523632 
0.420497 0.12168651230 0.11505912673 
0.421054 0.06339924332 0.11632386092 
0.421611 0.14494101805 0.11118055832 
0.422168 0.20906194642 0.11517986968 
0.422725 0.01047602723 0.11382174366 
0.423282 0.12010329426 0.11303598159 
0.423839 0.12256302983 0.11300766258 
0.424396 0.10626263705 0.11477972736 
0.424953 0.08523041577 0.11919916495 
0.425510 0.09810040859 0.11707661109 
0.426067 0.06651106682 0.11798978578 
0.426624 0.22540373755 0.11225760433 
0.427181 0.04530073314 0.11270666186 
0.427738 0.11162378070 0.11711471342 
0.428295 -0.00740456839 0.11565628800 
0.428852 0.10820921440 0.12223507240 
0.429409 0.03103849777 0.11521299151 
0.429966 0.18160961935 0.11502354004 
0.430523 0.05561531451 0.11647830724 
0.431080 0.03872924591 0.11636226855 
0.431637 0.27233000491 0.11499808027 
0.432194 0.11589593439 0.12054819813 
0.432752 0.20471550148 0.11911630725 
0.433309 0.08265001391 0.11679085495 
0.433866 0.04409183043 0.11844507633 
0.434423 0.05705313116 0.11950427715 
0.434980 0.18616429360 0.11935654384 
0.435537 0.12699871785 0.11987467672 
0.436094 0.21221778532 0.11993335562 
0.436651 0.02230084530 0.11438581563 
0.437208 0.19685403614 0.11679069537 
0.437765 0.17140488283 0.12398299899 
0.438322 0.06557759264 0.12059967529 
0.438879 0.11682118262 0.11815438524 
0.439436 -0.02203731193 0.12186275197 
0.439993 0.02688373066 0.12017837591 
0.440550 0.16057011759 0.12257173746 
0.441107 -0.00836753322 0.11880231359 
0.441664 0.08415625961 0.12150248008 
0.442221 0.14172995252 0.12212197437 
0.442778 0.04131105746 0.12245646088 
0.443335 0.04901618448 0.12578282343 
0.443892 0.03694982813 0.12336242227 
0.444449 0.00938496768 0.12758268786 
0.445006 0.07156357407 0.12390628926 
0.445563 0.10117853714 0.12615296459 
0.446120 -0.07406309438 0.12361882675 
0.446677 0.13196677761 0.12014206856 
0.447234 0.00708511732 0.12663619727 
0.447791 0.01649771852 0.12444273488 
0.448348 0.06768673286 0.12473150556 
0.448905 0.08188112663 0.12519822235 
0.449462 0.17667961947 0.11986851328 
0.450019 0.18011299750 0.12152921176 
0.450576 0.24848871616 0.12443623815 
0.451133 0.02639755666 0.12174179868 
0.451690 -0.01647771167 0.12146070203 
0.452247 0.02237638793 0.12431651484 
0.452804 0.08369211912 0.12688712407 
0.453361 0.09975754869 0.12062467719 
0.453918 0.15474163955 0.12327864936 
0.454475 0.00049707001 0.12330661520 
0.455032 -0.02147438725 0.12130992038 
0.455589 0.09345201061 0.11840459226 
0.456146 0.14817679098 0.12178612441 
0.456703 -0.06564015777 0.12245985528 
0.457260 0.05979741962 0.12168105280 
0.457817 0.00634070233 0.12109643239 
0.458374 0.00692428239 0.12056168712 
0.458931 0.31937537418 0.12241790818 
0.459488 0.12712969179 0.12139056000 
0.460045 0.01782140572 0.12482373148 
0.460602 -0.04365139339 0.12378081309 
0.461159 -0.03087272151 0.12558908880 
0.461716 0.02731460526 0.11854995310 
0.462273 0.22931719160 0.12758869640 
0.462830 -0.09807800454 0.12370866332 
0.463387 0.05314436335 0.12541802546 
0.463943 0.12476051219 0.12319763124 
0.464500 0.09674544615 0.12069581166 
0.465057 0.06780577028 0.12228846572 
0.465614 0.11467310547 0.12246864489 
0.466171 0.12228940437 0.12360894115 
0.466728 0.04269387644 0.12048939984 
0.467285 -0.09521617568 0.12225992659 
0.467842 0.03603266429 0.12703282987 
0.468399 0.06259656146 0.12764332479 
0.468956 -0.04018767169 0.12275099995 
0.469513 0.01201359310 0.11922949406 
0.470070 -0.03753106680 0.11920671812 
0.470627 0.16038799385 0.12260159300 
0.471184 0.26140070853 0.12617924084 
0.471741 0.07515997655 0.12374615010 
0.472298 0.11609055342 0.12224583485 
0.472855 0.21070872882 0.12512271050 
0.473412 0.12241852498 0.12413256388 
0.473969 0.16717367779 0.12466042364 
0.474526 0.21624841969 0.11782749502 
0.475083 -0.03250735698 0.12405614125 
0.475640 0.07185907652 0.12349843774 
0.476196 0.05705501794 0.12125492537 
0.476753 0.01900466527 0.11956413700 
0.477310 0.11817400524 0.11754447945 
0.477867 -0.02308583614 0.12141739584 
0.478424 0.11317381162 0.12128332526 
0.478981 0.13509440456 0.12309068584 
0.479538 0.23607925567 0.12063234891 
0.480095 0.11812299567 0.12602174003 
0.480652 0.11824649081 0.12771748384 
0.481209 0.02107248981 0.12136239594 
0.481766 0.00478803542 0.11734327953 
0.482323 -0.03850689055 0.11757869464 
0.482880 0.19878456650 0.11988050904 
0.483437 0.08251240825 0.12074838552 
0.483994 -0.09217961363 0.11909417720 
0.484550 -0.00761975064 0.12042343922 
0.485107 0.09557018157 0.12050888151 
0.485664 0.11625642650 0.12109507966 
0.486221 -0.09639347292 0.12164649824 
0.486778 0.14981747120 0.11973223958 
0.487335 0.13610085421 0.11969269953 
0.487892 0.03939572476 0.11928423126 
0.488449 0.06778489367 0.12241870911 
0.489006 0.06971542079 0.11853755415 
0.489563 -0.05886698637 0.12118951564 
0.490120 0.05620335476 0.11848632662 
0.490677 0.12697189153 0.12210042266 
0.491233 -0.05979531444 0.11905015830 
0.491790 0.05740034198 0.11652573883 
0.492347 0.07899313761 0.12461503951 
0.492904 0.18063095013 0.12523073173 
0.493461 0.14709143753 0.12182141392 
0.494018 -0.11324865248 0.12101849560 
0.494575 0.09770197436 0.12198903429 
0.495132 0.15137052215 0.11912725392 
0.495689 0.14326925690 0.11826084497 
0.496246 0.25239992233 0.11987665733 
0.496802 0.23187230274 0.12341956867 
0.497359 -0.08173043970 0.11958830048 
0.497916 0.08966143216 0.12058461040 
0.498473 0.20598845741 0.12047504263 
0.499030 0.03561070135 0.12423631023 
0.499587 0.14497758587 0.12036436246 
0.500144 0.15554989169 0.12163240023 
0.500701 -0.03544221186 0.12312296363 
0.501258 0.11920432778 0.11907678974 
0.501815 0.15948349662 0.12460309229 
0.502371 0.11801562616 0.12026340575 
0.502928 0.06345026628 0.12227636504 
0.503485 0.08434987023 0.11720175675 
0.504042 0.09121602486 0.12487284326 
0.504599 0.14890221059 0.12715049094 
0.505156 0.01148355083 0.11886677934 
0.505713 0.08913294181 0.12002588393 
0.506270 0.07024199290 0.12645830758 
0.506826 -0.00796919607 0.11979166102 
0.507383 0.13033849889 0.12272200758 
0.507940 0.03399324263 0.12230518709 
0.508497 0.10636255538 0.12246313589 
0.509054 -0.00329434120 0.12098040557 
0.509611 0.06763452278 0.12549885232 
0.510168 0.05523899854 0.12371638491 
0.510725 0.05569661473 0.12300346558 
0.511281 0.06452942580 0.12025636147 
0.511838 0.19218304898 0.12407501580 
0.512395 0.12556864251 0.12279126648 
0.512952 0.13225550631 0.13106046761 
0.513509 0.06011861850 0.12207205363 
0.514066 0.07408778680 0.12433603463 
0.514623 0.09785321414 0.12840883907 
0.515179 -0.04238851469 0.12582345410 
0.515736 0.06455075223 0.12699281701 
0.516293 0.06880504696 0.13169207586 
0.516850 0.05943071790 0.12859528955 
0.517407 0.31610992677 0.12909669834 
0.517964 0.06614332968 0.12945374867 
0.518521 0.15239854561 0.13516794636 
0.519077 -0.02102089048 0.13162552955 
0.519634 0.20464376481 0.12777394165 
0.520191 0.02390063982 0.13740467228 
0.520748 -0.03013731568 0.13277989634 
0.521305 0.30964655471 0.13069433821 
0.521862 -0.10194813340 0.12803374301 
0.522418 0.09407943276 0.13555028788 
0.522975 -0.04063828507 0.13559356584 
0.523532 -0.05206681843 0.13378446984 
0.524089 0.13966778645 0.13238151015 
0.524646 -0.03432181044 0.14015672963 
0.525203 -0.03693090046 0.13971353606 
0.525759 0.04035182051 0.13357692073 
0.526316 0.16270690680 0.13753982560 
0.526873 0.18519867143 0.13806994868 
0.527430 -0.00448610777 0.13800085685 
0.527987 0.03663495404 0.14070095246 
0.528544 0.10243895344 0.14354747991 
0.529100 0.06734447493 0.14051886373 
0.529657 0.29079080291 0.14363715963 
0.530214 0.29043450038 0.13876704698 
0.530771 0.15922680668 0.14618734614 
0.531328 0.09952767257 0.14502874179 
0.531884 -0.06618929438 0.15205051098 
0.532441 0.18702557636 0.15243107516 
0.532998 0.18976287942 0.15255303962 
0.533555 -0.02741970473 0.15122589337 
0.534112 0.03493224791 0.15151584445 
0.534669 0.15891524242 0.15169266273 
0.535225 0.30337966373 0.15786729166 
0.535782 0.14808765847 0.14950457735 
0.536339 0.18718061746 0.16254174362 
0.536896 0.01214976385 0.16777318749 
0.537453 0.08860003220 0.16690702313 
0.538009 0.04871014935 0.16856294252 
0.538566 0.19320148072 0.17379765609 
0.539123 0.26322294209 0.17654183772 
0.539680 0.15871032810 0.18079000763 
0.540237 -0.01066148019 0.18216534592 
0.540793 0.11206274242 0.19619156103 
0.541350 0.02008838866 0.20658437981 
0.541907 -0.18296898431 0.21646112587 
0.542464 0.12423986653 0.24511685908 
0.543021 -0.26910856376 0.37461521836 
