0.011985 161.18894078607 0.00000000000 
0.012543 155.82604332347 10.89063886525 
0.013100 148.23718246264 12.43354035581 
0.013658 145.44814273577 10.86793867644 
0.014215 146.33157899843 9.06233832326 
0.014772 140.76206441705 6.80308409113 
0.015330 137.38447315050 5.32166286906 
0.015887 135.35280463973 5.12863242607 
0.016445 132.69392628558 4.03554754080 
0.017002 129.03367401338 3.81647887583 
0.017560 121.89868577900 3.50792829011 
0.018117 122.06356610372 2.81202432604 
0.018675 116.23020709888 2.17127499330 
0.019232 113.62429418618 2.46861976249 
0.019789 109.32702161940 2.25218895593 
0.020347 107.31135944666 2.19490774547 
0.020904 104.29125261260 1.85810419766 
0.021462 99.78084949372 1.64529617759 
0.022019 97.60503464520 1.46294752199 
0.022577 94.78713226068 1.53932500979 
0.023134 90.19524174802 1.27554423677 
0.023692 87.12035596294 1.41900681547 
0.024249 84.37387541642 1.11535508138 
0.024807 81.08028162083 1.04308725671 
0.025364 77.23742452390 0.95978879953 
0.025921 75.29223545451 0.96600736676 
0.026479 72.50682022885 0.93447127082 
0.027036 68.76912261525 0.83691465341 
0.027594 67.52955449564 0.78821664832 
0.028151 65.46299161102 0.75644455149 
0.028709 61.15330100302 0.76181032121 
0.029266 59.05747573867 0.77043774154 
0.029824 56.55274289323 0.67548294972 
0.030381 54.14769405742 0.66116181733 
0.030938 50.98227808686 0.61513707644 
0.031496 48.47466096263 0.54897836467 
0.032053 47.27622927227 0.54134013924 
0.032611 45.11512989070 0.55674643661 
0.033168 42.93220893176 0.50675994422 
0.033726 41.18388507221 0.50479251369 
0.034283 39.16479077405 0.52607943656 
0.034841 37.44182827571 0.47952240657 
0.035398 35.55517443318 0.45460680377 
0.035955 34.21806691657 0.47463466329 
0.036513 31.97371731960 0.43823963990 
0.037070 30.88062167371 0.45762284376 
0.037628 29.08303458836 0.45823853828 
0.038185 28.15369727582 0.40989804991 
0.038743 26.94575507241 0.40478492116 
0.039300 26.00794635554 0.39532928931 
0.039858 24.54838286809 0.39326064917 
0.040415 23.34257759091 0.37278458410 
0.040973 22.28371826475 0.37293917505 
0.041530 21.26002844991 0.36949652029 
0.042087 19.79431294455 0.34345793005 
0.042645 19.58573851620 0.34165209110 
0.043202 18.71964707124 0.32871527588 
0.043760 17.18721373365 0.35384056344 
0.044317 17.27160634936 0.34038819117 
0.044875 15.95722807308 0.33391175550 
0.045432 15.35985534331 0.33697595103 
0.045990 14.84851066007 0.31224870225 
0.046547 14.10885048921 0.31691482043 
0.047104 13.95373965536 0.30308756819 
0.047662 13.42244439228 0.28953283736 
0.048219 12.46354534640 0.29038538871 
0.048777 12.36717625331 0.30187805140 
0.049334 11.64912669856 0.28774169653 
0.049892 11.40093441034 0.29068538044 
0.050449 10.90088966610 0.27814011226 
0.051007 10.17771496928 0.28361482755 
0.051564 10.48184392808 0.27714823821 
0.052121 10.03686455519 0.27833526804 
0.052679 9.73794361073 0.26206711243 
0.053236 9.37539757671 0.25668816878 
0.053794 9.19831121122 0.27029346008 
0.054351 9.19864969781 0.26586964793 
0.054909 8.76111254711 0.25938667941 
0.055466 8.89255090926 0.24564095477 
0.056024 8.51253596538 0.25855857247 
0.056581 8.47805522456 0.24804069948 
0.057138 8.22714065259 0.24016124372 
0.057696 7.80091181550 0.24008814684 
0.058253 7.63007433814 0.25556817253 
0.058811 7.97208949057 0.24555367951 
0.059368 7.48624222054 0.23726340976 
0.059926 7.05538884207 0.23549090820 
0.060483 7.49430810168 0.23327965632 
0.061041 7.43769638790 0.22877972801 
0.061598 7.06464286639 0.23308865715 
0.062155 6.70781505550 0.22379756181 
0.062713 6.80359464628 0.22189478460 
0.063270 6.85796076138 0.23413392864 
0.063828 6.51921114399 0.21599276801 
0.064385 6.10635600666 0.21875290283 
0.064943 6.14239747021 0.22792785672 
0.065500 6.16342890504 0.21821130824 
0.066057 5.94689332462 0.21701926968 
0.066615 5.93853733279 0.22180789147 
0.067172 6.18798667584 0.20689385924 
0.067730 5.80270469625 0.20661674197 
0.068287 5.57898489967 0.19644142571 
0.068845 5.47155382770 0.20326909287 
0.069402 5.36685583649 0.20187107199 
0.069960 5.28975030831 0.19948124725 
0.070517 5.04088824474 0.18833053386 
0.071074 5.08844173318 0.19929281872 
0.071632 4.76389206144 0.19342196798 
0.072189 4.94632585934 0.19360898755 
0.072747 4.71670911074 0.19799102609 
0.073304 4.45635269445 0.19370834768 
0.073862 4.61281952605 0.19328688493 
0.074419 4.35386641826 0.19248915953 
0.074977 4.17981039417 0.18976611484 
0.075534 4.25285088016 0.19281477186 
0.076091 4.02735488547 0.18668604908 
0.076649 3.90717960828 0.18343764577 
0.077206 3.76688048471 0.18756190770 
0.077764 3.70140968165 0.17593259263 
0.078321 3.49775741857 0.18779783968 
0.078879 3.54610407224 0.18460056552 
0.079436 3.55060033090 0.18317547271 
0.079993 3.28557171436 0.17276730958 
0.080551 3.10790472710 0.18500028061 
0.081108 3.19053181689 0.17285376818 
0.081666 3.09511341161 0.17393593474 
0.082223 2.75798010385 0.18437504887 
0.082781 2.74952046546 0.17712120931 
0.083338 2.75422694701 0.17376732015 
0.083895 2.66011610490 0.16358813793 
0.084453 2.62972209782 0.16560821703 
0.085010 2.62015923697 0.17132830701 
0.085568 2.30658412033 0.16149859637 
0.086125 2.21496796179 0.16749141890 
0.086683 2.12875388590 0.16756820242 
0.087240 2.19691043108 0.16624102172 
0.087798 2.33178197460 0.17000149239 
0.088355 2.03260503637 0.16214647000 
0.088912 1.85401571866 0.16480726521 
0.089470 1.74730081322 0.15868699848 
0.090027 2.03044782073 0.16169551525 
0.090585 1.85370322386 0.15586566994 
0.091142 1.63102629421 0.16542331829 
0.091700 1.46214032834 0.15960866620 
0.092257 1.52322149237 0.15589414358 
0.092814 1.56002544227 0.16096895483 
0.093372 1.44283212993 0.15197848323 
0.093929 1.28315119145 0.15338887846 
0.094487 1.49586319647 0.15343507731 
0.095044 1.17242731063 0.15540023741 
0.095602 1.10430986061 0.15302334483 
0.096159 1.31336650345 0.15665444916 
0.096716 1.28394098213 0.15153871807 
0.097274 1.10496375165 0.15072867185 
0.097831 1.12362108521 0.14996080793 
0.098389 1.20786862775 0.15005021655 
0.098946 1.01965815659 0.15066512235 
0.099504 0.98711317867 0.15229535503 
0.100061 1.12986798396 0.14575606298 
0.100618 1.07516775462 0.14939090165 
0.101176 0.88349174672 0.14723595657 
0.101733 0.65613690348 0.14781146172 
0.102291 1.05541090710 0.14825183288 
0.102848 0.99179619739 0.14836778743 
0.103406 0.95200492242 0.14654808019 
0.103963 0.94605266603 0.14259730314 
0.104520 0.83350394941 0.14529097115 
0.105078 0.93609595089 0.14226651333 
0.105635 0.87475697027 0.14413106484 
0.106193 0.98996717958 0.14181890823 
0.106750 0.88290891333 0.14383375863 
0.107308 0.85733373412 0.14278856870 
0.107865 0.57087355892 0.14048357772 
0.108422 0.93000903186 0.14211124170 
0.108980 0.77858881454 0.13791137325 
0.109537 0.99863982613 0.14076741697 
0.110095 0.85026925047 0.14010029246 
0.110652 0.73941203293 0.13594113478 
0.111210 0.89729799061 0.13676160925 
0.111767 0.66838526051 0.13883925577 
0.112324 0.83094334627 0.14096040313 
0.112882 0.86712992459 0.13688839010 
0.113439 0.92897338849 0.13891748577 
0.113997 0.77965985126 0.13871629373 
0.114554 0.84955657572 0.13645591990 
0.115111 0.70678365499 0.13754626609 
0.115669 0.72957969350 0.13454009410 
0.116226 0.89012412962 0.13236825016 
0.116784 0.63130441946 0.13899188799 
0.117341 0.70259766987 0.13855698506 
0.117899 0.80441397403 0.13093174935 
0.118456 0.77040259958 0.12877402654 
0.119013 0.80844764162 0.13662061089 
0.119571 0.64497161297 0.13243152529 
0.120128 0.87246033395 0.12869990000 
0.120686 0.57031922521 0.13452569205 
0.121243 0.80690143135 0.12904037846 
0.121800 0.65589610032 0.13213807187 
0.122358 0.57631241025 0.13067552922 
0.122915 0.75270464126 0.12717794716 
0.123473 0.60464156250 0.13123830064 
0.124030 0.45645315176 0.13252026619 
0.124588 0.51245045383 0.12809450369 
0.125145 0.68581531951 0.12799585443 
0.125702 0.65562405508 0.12647677505 
0.126260 0.51262344970 0.13028376791 
0.126817 0.53813878803 0.12898897955 
0.127375 0.55514149348 0.12616008661 
0.127932 0.58520900968 0.12557352566 
0.128489 0.70792499396 0.12502466115 
0.129047 0.56338208058 0.12407546792 
0.129604 0.51487950201 0.13179815538 
0.130162 0.51818235766 0.12616006270 
0.130719 0.58846434016 0.12321629301 
0.131277 0.55275172763 0.12544554444 
0.131834 0.55997507420 0.12450956621 
0.132391 0.48577437765 0.12554643984 
0.132949 0.58161235193 0.12913908312 
0.133506 0.45937909331 0.12968423529 
0.134064 0.29532830140 0.13182820510 
0.134621 0.52717665772 0.13595604393 
0.135178 0.48971383341 0.14073454862 
0.135736 0.45067151702 0.13688657258 
0.136293 0.55612821970 0.14202032815 
0.136851 0.54106147069 0.13763682701 
0.137408 0.39953181484 0.13737785409 
0.137965 0.49042194392 0.13886075730 
0.138523 0.43810634757 0.13666654383 
0.139080 0.35987308389 0.13554303134 
0.139638 0.49966095781 0.14205307625 
0.140195 0.23922668079 0.14045177348 
0.140752 0.34004666885 0.13700897650 
0.141310 0.41481518834 0.13833292344 
0.141867 0.20454051140 0.13733207375 
0.142425 0.41335655410 0.14127183484 
0.142982 0.39656685208 0.13946546709 
0.143540 0.39037148095 0.14051311786 
0.144097 0.18149530172 0.13484659436 
0.144654 0.26276054717 0.13499094873 
0.145212 0.35524048454 0.13317302839 
0.145769 0.49424836460 0.13037895159 
0.146327 0.30613496073 0.12803682454 
0.146884 0.21980201601 0.12978870163 
0.147441 0.25247372232 0.13007990670 
0.147999 0.24909849849 0.12475121910 
0.148556 0.37823528161 0.12576006641 
0.149114 0.30511652308 0.12716196398 
0.149671 0.12066948383 0.12431693971 
0.150228 0.35338942173 0.12288399299 
0.150786 0.06902478869 0.12179688638 
0.151343 0.30836869245 0.12694511891 
0.151901 0.27198623362 0.12208383947 
0.152458 0.14718712682 0.12377500197 
0.153015 0.24859222553 0.12228211755 
0.153573 0.34180604994 0.12077631912 
0.154130 0.05416357056 0.11934590670 
0.154688 0.13165737498 0.12122970099 
0.155245 0.24769018277 0.11923864416 
0.155802 0.26470760793 0.12190135501 
0.156360 0.21490867710 0.12051220232 
0.156917 0.29351195373 0.12069447925 
0.157475 0.06282716425 0.11907099522 
0.158032 0.13077057581 0.11909392870 
0.158589 0.28046726603 0.11572654422 
0.159147 0.07924809869 0.12093535415 
0.159704 0.23024897862 0.12010324795 
0.160261 0.17507533524 0.11743432806 
0.160819 0.09025262339 0.11661789938 
0.161376 0.04315786361 0.11657631176 
0.161934 0.25723385522 0.11853388092 
0.162491 0.03821173306 0.11593974675 
0.163048 0.17985843551 0.11948745078 
0.163606 0.12229249935 0.11575555531 
0.164163 -0.03608497768 0.11661626597 
0.164721 0.20015816415 0.11423876712 
0.165278 -0.02363744101 0.11542469569 
0.165835 -0.04225578286 0.11375868303 
0.166393 0.04116518206 0.11304437183 
0.166950 0.02174334706 0.11506305145 
0.167508 0.00380588934 0.11367685102 
0.168065 0.07292395544 0.11592352427 
0.168622 0.06490129242 0.11175483180 
0.169180 0.13631390463 0.11218749155 
0.169737 0.05949501508 0.11132979564 
0.170294 0.08570528664 0.11194129720 
0.170852 0.29587233176 0.11407715800 
0.171409 0.20073278957 0.11224331115 
0.171967 -0.07562490146 0.11156330317 
0.172524 0.02465719583 0.11093956240 
0.173081 -0.03017556663 0.11176708090 
0.173639 -0.01175284818 0.11014977294 
0.174196 0.02817998420 0.11312047293 
0.174754 0.06010671543 0.11116625493 
0.175311 0.18787507474 0.11093893133 
0.175868 0.16911874165 0.10852106014 
0.176426 0.09234460350 0.10929170626 
0.176983 0.01908868752 0.10623175055 
0.177540 0.03646225945 0.10714542255 
0.178098 0.10201347779 0.10782965955 
0.178655 0.07177558354 0.10914325462 
0.179213 0.18987286675 0.10818893200 
0.179770 0.12306089853 0.11106700994 
0.180327 0.02896860738 0.10957825167 
0.180885 0.07259211806 0.10330455430 
0.181442 -0.00058361434 0.10621717156 
0.181999 -0.00517201118 0.10602601878 
0.182557 0.07725949894 0.10900413701 
0.183114 0.00850440331 0.10438535405 
0.183672 0.05471303745 0.11027824649 
0.184229 0.03060036729 0.10417357805 
0.184786 0.18111597331 0.10488039674 
0.185344 0.10432346929 0.10774127810 
0.185901 0.14275411568 0.10570662853 
0.186458 0.03757093449 0.10652758457 
0.187016 -0.09038273284 0.10692449693 
0.187573 0.08560493053 0.10922149302 
0.188131 0.06947738317 0.10419138996 
0.188688 -0.04313255990 0.10709476098 
0.189245 0.06669564553 0.10496196341 
0.189803 0.02799765863 0.10534120695 
0.190360 0.03053648978 0.10405197770 
0.190917 0.09467575104 0.10679264324 
0.191475 0.05034997437 0.10548675125 
0.192032 0.00582062800 0.10619609874 
0.192590 0.00947431521 0.10186664160 
0.193147 -0.02791544546 0.10428890203 
0.193704 0.14215417312 0.10317069478 
0.194262 0.13419328274 0.10309105147 
0.194819 0.10945445968 0.10094372014 
0.195376 0.11453615152 0.10394406522 
0.195934 -0.01385315646 0.10147253850 
0.196491 0.20753898563 0.10221960708 
0.197048 0.04644366484 0.10516831612 
0.197606 0.10585793213 0.10373087650 
0.198163 0.12952557230 0.10215627676 
0.198721 0.08674429794 0.10357185291 
0.199278 0.00523934043 0.10159316327 
0.199835 0.12419903490 0.10152845459 
0.200393 0.12709551987 0.10314330814 
0.200950 -0.00704514089 0.10226828125 
0.201507 -0.03463640659 0.10280601164 
0.202065 0.05702178442 0.10321233329 
0.202622 0.12913165643 0.10151649435 
0.203179 0.12647918054 0.10456966245 
0.203737 0.01615100801 0.10376209208 
0.204294 0.06160234861 0.09915563156 
0.204851 0.08745240926 0.10052065132 
0.205409 -0.00729459160 0.10272549622 
0.205966 0.06394136936 0.10020696059 
0.206524 0.04666845599 0.09794210747 
0.207081 0.17832200470 0.09904110454 
0.207638 0.14147397738 0.09606047488 
0.208196 0.13908425566 0.09731715776 
0.208753 0.04054885477 0.09959886479 
0.209310 0.18907993474 0.09951930197 
0.209868 0.12505331760 0.09980354161 
0.210425 0.26524094206 0.09504298499 
0.210982 0.06966510010 0.09815842389 
0.211540 0.14030091776 0.09741622784 
0.212097 0.06224230727 0.09822354084 
0.212654 0.09729700123 0.09649312466 
0.213212 0.13548560291 0.09907874815 
0.213769 0.10094871655 0.09810503663 
0.214326 0.24585706104 0.09986446693 
0.214884 0.02767407782 0.09738168329 
0.215441 0.13614683260 0.09700660381 
0.215999 0.11790152387 0.09559756801 
0.216556 0.05626717317 0.09667123678 
0.217113 -0.05052877173 0.09703442165 
0.217671 0.21163078171 0.09541990543 
0.218228 -0.03391638076 0.09388787311 
0.218785 0.11319036373 0.09584167903 
0.219343 -0.03279497721 0.09688979828 
0.219900 0.12630497611 0.09631190202 
0.220457 0.15781695410 0.09572312963 
0.221015 0.09953890188 0.09668723330 
0.221572 0.10853202955 0.09736182473 
0.222129 0.13227080014 0.09521796805 
0.222687 0.09120356647 0.09323219633 
0.223244 0.15894005268 0.09456829718 
0.223801 0.10406469581 0.09611907913 
0.224359 0.10029576726 0.09371002191 
0.224916 -0.03470479293 0.09527535222 
0.225473 0.24252973855 0.09386832905 
0.226031 0.13203313415 0.09325362656 
0.226588 0.12893004939 0.09442388400 
0.227145 0.13835241679 0.09169143479 
0.227703 0.15967368519 0.09350166820 
0.228260 0.27272661012 0.09201389878 
0.228817 0.15272370253 0.09378600374 
0.229375 0.07325316842 0.09366080471 
0.229932 0.12566102553 0.09208995386 
0.230489 0.00525843684 0.09134752820 
0.231047 0.16520410056 0.09319680597 
0.231604 0.20783346748 0.09106836865 
0.232161 0.03742093832 0.09237257682 
0.232719 0.09540478663 0.09098408980 
0.233276 0.09855572632 0.09167973491 
0.233833 0.11093567925 0.09024755560 
0.234391 0.18287626460 0.09207062765 
0.234948 0.05404585810 0.09071148584 
0.235505 0.02742705130 0.09077483448 
0.236063 0.05608681638 0.09217024653 
0.236620 -0.06336331160 0.09017556874 
0.237177 0.08320585252 0.09115552858 
0.237735 0.18189472257 0.09300501408 
0.238292 0.08328196377 0.09209202387 
0.238849 0.03418269011 0.09163699746 
0.239407 0.13027768081 0.09129508290 
0.239964 0.09555564058 0.08982873276 
0.240521 0.06256265648 0.09092153729 
0.241079 0.06108150600 0.09082223946 
0.241636 0.22271999950 0.09138070523 
0.242193 0.12571899874 0.09031583339 
0.242750 0.03440188364 0.09080328538 
0.243308 0.11198232944 0.08946766408 
0.243865 0.12246722637 0.08779112495 
0.244422 0.14781497072 0.09089857859 
0.244980 0.08168195943 0.09079455527 
0.245537 0.10036649235 0.08991929682 
0.246094 0.10644791456 0.08915901863 
0.246652 0.11182261379 0.09015603687 
0.247209 -0.04251833776 0.09007258071 
0.247766 0.07561820814 0.09082526868 
0.248324 -0.00050999519 0.08946169065 
0.248881 -0.05337257095 0.08742180622 
0.249438 0.11132710613 0.08824807260 
0.249996 0.04815127315 0.08805055049 
0.250553 0.09837888262 0.08709258894 
0.251110 0.09217574249 0.08889227865 
0.251667 -0.01236390020 0.08821018059 
0.252225 -0.03917153815 0.08673398364 
0.252782 0.03490566496 0.08962281579 
0.253339 -0.02043868501 0.08836679143 
0.253897 0.13895323229 0.08835366757 
0.254454 0.03696564370 0.08856104048 
0.255011 0.12303779839 0.08685040779 
0.255569 0.01940433527 0.08662255337 
0.256126 0.15799191937 0.08654585739 
0.256683 0.07244480688 0.08845112284 
0.257241 -0.02345784461 0.08584023870 
0.257798 0.00821263352 0.08673877782 
0.258355 0.06641106452 0.08699263274 
0.258912 0.00997342690 0.08635565658 
0.259470 0.10703802103 0.08671731276 
0.260027 0.21556906987 0.08689036762 
0.260584 0.12888319441 0.08598798255 
0.261142 0.14607003674 0.08742909752 
0.261699 0.10903988370 0.08590299659 
0.262256 0.06621196117 0.08603988752 
0.262814 -0.02154468131 0.08664526956 
0.263371 0.04235038215 0.08466573447 
0.263928 0.04351665104 0.08592687627 
0.264485 0.04179262291 0.08506916563 
0.265043 0.08488165396 0.08555452978 
0.265600 0.06967317759 0.08505863015 
0.266157 0.05871788126 0.08578010850 
0.266715 0.09726732749 0.08654437405 
0.267272 0.08293095266 0.08496080034 
0.267829 0.08588750323 0.08423576238 
0.268386 0.07570719556 0.08478621085 
0.268944 0.05398870258 0.08478959759 
0.269501 0.07847362233 0.08781665991 
0.270058 0.01818642125 0.08267778780 
0.270616 0.08120975909 0.08626859849 
0.271173 -0.01989889776 0.08403231069 
0.271730 0.14706831381 0.08717118108 
0.272287 0.07476930476 0.08503704613 
0.272845 0.09186667669 0.08681149314 
0.273402 0.06115546409 0.08875422201 
0.273959 0.09152988515 0.08747200075 
0.274517 -0.00478913443 0.08958282242 
0.275074 0.15895881254 0.08815223436 
0.275631 0.06115141249 0.08855679072 
0.276188 0.07124744937 0.09146072113 
0.276746 -0.09690902780 0.08901516941 
0.277303 0.11912013355 0.08967020679 
0.277860 -0.02782008381 0.08957348015 
0.278418 0.04906437852 0.08989420670 
0.278975 0.09628810222 0.09041286283 
0.279532 0.16336429395 0.09049803123 
0.280089 0.05578008887 0.09012521408 
0.280647 -0.03450871273 0.09026096876 
0.281204 -0.01550334271 0.08973346252 
0.281761 0.05238131569 0.08990687802 
0.282318 0.02492841228 0.08755733074 
0.282876 -0.01519689705 0.08719081087 
0.283433 -0.01952236382 0.08722793014 
0.283990 0.14387732425 0.08672919357 
0.284548 0.01941143897 0.08720213874 
0.285105 0.08261054692 0.08684774586 
0.285662 -0.02926454020 0.08462362176 
0.286219 0.06082999298 0.08611567859 
0.286777 0.04504708888 0.08692300184 
0.287334 0.10578558620 0.08629559452 
0.287891 0.07641148158 0.08653209490 
0.288448 0.10818180349 0.08711817149 
0.289006 0.16479463599 0.08510737021 
0.289563 0.03217875015 0.08534803225 
0.290120 0.12279674913 0.08452846766 
0.290677 0.15628959868 0.08337986992 
0.291235 0.03868165630 0.08594380315 
0.291792 0.10167108986 0.08478432289 
0.292349 0.04743386782 0.08531363465 
0.292906 0.02902931963 0.08560520421 
0.293464 0.18047449008 0.08506663359 
0.294021 -0.01041518444 0.08444603867 
0.294578 0.02756060924 0.08617973027 
0.295136 -0.03147404834 0.08543167740 
0.295693 0.11800980283 0.08663801228 
0.296250 -0.05098112667 0.08468947867 
0.296807 0.03072573710 0.08481558953 
0.297365 0.07192126459 0.08560381833 
0.297922 0.10617668551 0.08623405764 
0.298479 0.10786846305 0.08548756220 
0.299036 -0.09820906461 0.08656056461 
0.299594 0.02921148755 0.08610360567 
0.300151 0.05901819669 0.08495254891 
0.300708 0.04100671302 0.08590866723 
0.301265 -0.07710997015 0.08475167956 
0.301823 0.08219792958 0.08652573755 
0.302380 0.01218766060 0.08318779341 
0.302937 0.00917738762 0.08781628628 
0.303494 0.09461840308 0.08512184194 
0.304052 0.06616186147 0.08459282239 
0.304609 0.05125298226 0.08684202342 
0.305166 0.06633266814 0.08736231677 
0.305723 0.14071055574 0.08464141710 
0.306280 0.09794175288 0.08610496407 
0.306838 0.13510893515 0.08627836478 
0.307395 0.10540489063 0.08545861563 
0.307952 0.10771003482 0.08719606731 
0.308509 0.01079661892 0.08423405120 
0.309067 0.18531825414 0.08750092755 
0.309624 -0.03233277922 0.08251431534 
0.310181 0.06575327685 0.08486881402 
0.310738 0.00718983890 0.08565304260 
0.311296 0.08039042574 0.08549977248 
0.311853 0.14527622462 0.08625894062 
0.312410 -0.03717738970 0.08746269541 
0.312967 0.05281417362 0.08622833670 
0.313525 0.11203562521 0.08347312276 
0.314082 0.05762970006 0.08719161853 
0.314639 0.13116867782 0.08561311450 
0.315196 0.09946105837 0.08679246897 
0.315753 0.10818905995 0.08656202173 
0.316311 0.01680531004 0.08528743892 
0.316868 -0.00735727954 0.08614076323 
0.317425 0.10746652608 0.08620181512 
0.317982 0.03627513189 0.08587345407 
0.318540 -0.00128142443 0.08749197194 
0.319097 0.05068848910 0.08601636414 
0.319654 0.04917224638 0.08676327720 
0.320211 0.03386094584 0.08702255030 
0.320768 0.09307874015 0.08865888675 
0.321326 -0.02688512853 0.08767726868 
0.321883 0.17628201900 0.08811180032 
0.322440 0.01965230796 0.08689081064 
0.322997 0.10887430632 0.08703586033 
0.323555 0.02766867237 0.08467130792 
0.324112 0.02487156658 0.08704131169 
0.324669 -0.01022560683 0.08644885201 
0.325226 0.05192019786 0.08795140831 
0.325783 0.05031319517 0.08654556662 
0.326341 0.03568317465 0.08736306844 
0.326898 -0.00247509589 0.08657871796 
0.327455 -0.00111759654 0.08909108369 
0.328012 0.09427349067 0.08789307918 
0.328569 0.08488715413 0.08784159315 
0.329127 0.07474696393 0.08822627436 
0.329684 0.12092378594 0.08792267379 
0.330241 0.10026230246 0.08837694975 
0.330798 0.10986889423 0.08695140817 
0.331355 0.03241674267 0.08843822636 
0.331913 0.00805432554 0.08858872451 
0.332470 0.09789326621 0.08857231518 
0.333027 0.06983865178 0.08990008687 
0.333584 -0.12067238047 0.08955533282 
0.334141 0.15862594594 0.09107229851 
0.334699 0.04869109978 0.09006757817 
0.335256 0.02094773005 0.09000816828 
0.335813 0.10217376125 0.09038628210 
0.336370 0.10330399929 0.08883924037 
0.336927 -0.07525889761 0.09058577301 
0.337485 0.09228467786 0.09404929703 
0.338042 0.08382222420 0.09428942840 
0.338599 0.13844303301 0.08999713347 
0.339156 0.12043595102 0.09327001094 
0.339713 0.01588384929 0.09290547984 
0.340271 0.15051845879 0.09239776652 
0.340828 0.02849698685 0.09313134776 
0.341385 0.01692408793 0.09303509516 
0.341942 0.02078190359 0.09433106472 
0.342499 0.05543836843 0.09291489903 
0.343057 0.09018178562 0.09331133782 
0.343614 0.17381694233 0.09464221729 
0.344171 0.10661582892 0.09467495521 
0.344728 0.10818629829 0.09355120033 
0.345285 0.01101955208 0.09601779640 
0.345842 -0.01706302153 0.09386966362 
0.346400 0.01497830417 0.09461454601 
0.346957 0.09282458524 0.09541325123 
0.347514 0.06980948224 0.09741970715 
0.348071 -0.00144236413 0.09530909137 
0.348628 0.13561662850 0.09762028195 
0.349186 0.14405492873 0.09551243230 
0.349743 0.01643416212 0.09622183489 
0.350300 0.05307821306 0.09584660818 
0.350857 0.12076971357 0.09774384198 
0.351414 0.07737553770 0.09985600078 
0.351971 0.06188432611 0.09964391782 
0.352529 0.02352367443 0.09817613398 
0.353086 0.01430815575 0.09947065341 
0.353643 -0.02089922780 0.10051598443 
0.354200 0.24027599584 0.10164075411 
0.354757 0.06919867787 0.10086680871 
0.355314 0.16510837481 0.10146496133 
0.355872 0.03888029558 0.10116525058 
0.356429 0.00214709914 0.10230851173 
0.356986 0.10655414473 0.10295177608 
0.357543 0.23031285114 0.10226708361 
0.358100 0.14023978368 0.10208704371 
0.358657 0.16173778220 0.10482418517 
0.359215 0.02368469469 0.10273140018 
0.359772 0.07503672817 0.10324799220 
0.360329 0.07662466033 0.10295271722 
0.360886 0.15277394879 0.10332841474 
0.361443 0.08745854565 0.10600822315 
0.362000 0.08080416206 0.10337150312 
0.362558 0.03577955481 0.10415447456 
0.363115 0.03040179583 0.10408861650 
0.363672 0.08078986570 0.10422749328 
0.364229 0.11917122010 0.10222353955 
0.364786 0.04707782465 0.10379003856 
0.365343 0.12139276749 0.10354442798 
0.365900 0.08279275552 0.10366037722 
0.366458 0.04644569868 0.10080123683 
0.367015 0.01390655704 0.10284493511 
0.367572 0.08701678187 0.10026089326 
0.368129 0.05720982067 0.10167886917 
0.368686 0.19220485166 0.10131944430 
0.369243 -0.06506652747 0.10167047494 
0.369801 0.19835115806 0.09982086228 
0.370358 0.14476609415 0.09928798917 
0.370915 -0.06585233078 0.09782921414 
0.371472 0.04995477586 0.10083131115 
0.372029 0.08788747245 0.09759794957 
0.372586 0.02879850265 0.09751339936 
0.373143 0.05026733844 0.09809033387 
0.373700 0.00576812758 0.09920622952 
0.374258 -0.03817037144 0.09671484933 
0.374815 0.15781569010 0.09691113217 
0.375372 0.02639995120 0.09665212748 
0.375929 0.01925602629 0.09505903871 
0.376486 0.10691527732 0.09577905460 
0.377043 -0.01090671901 0.09780495836 
0.377600 0.05640026318 0.09523923461 
0.378158 -0.04582041405 0.09714590655 
0.378715 -0.01427996799 0.09654089510 
0.379272 -0.01606891640 0.09398974546 
0.379829 0.08521410265 0.09389452207 
0.380386 0.10756545132 0.09440280666 
0.380943 0.07925007133 0.09320324262 
0.381500 0.11242454888 0.09382113845 
0.382057 0.15264062157 0.09312881051 
0.382615 -0.03588946443 0.09256884226 
0.383172 0.09067445738 0.09051192035 
0.383729 -0.00634768871 0.09510610739 
0.384286 -0.03837616346 0.09336986920 
0.384843 0.01609627471 0.09043049961 
0.385400 0.01464986486 0.09375390168 
0.385957 0.12236126812 0.09087668466 
0.386514 -0.00256819157 0.09256319432 
0.387072 0.06931140939 0.09365729224 
0.387629 -0.01774600343 0.08927918317 
0.388186 0.07537911026 0.09119471375 
0.388743 -0.00405695186 0.08931267367 
0.389300 0.01247923199 0.09024691470 
0.389857 0.06140773321 0.08987489316 
0.390414 0.00071016695 0.09158793802 
0.390971 0.06513804906 0.09086396037 
0.391528 0.02942403355 0.09068783471 
0.392086 0.07214068597 0.09023643995 
0.392643 0.09472640193 0.08844362774 
0.393200 0.08308942834 0.09070665840 
0.393757 -0.00775822133 0.08982784733 
0.394314 -0.00973602112 0.08808904305 
0.394871 0.10069872966 0.09031323788 
0.395428 0.12120452074 0.08994787705 
0.395985 -0.01053049602 0.08890146315 
0.396542 0.16163502296 0.08949545892 
0.397099 0.16401202083 0.08908702930 
0.397657 0.20876669741 0.08862730127 
0.398214 0.17235533088 0.08796592867 
0.398771 0.08480424227 0.08754198302 
0.399328 -0.09720098345 0.09008574271 
0.399885 0.00423052674 0.08610813010 
0.400442 0.09830408792 0.08813671319 
0.400999 0.06627394931 0.09087431757 
0.401556 0.12054506621 0.09265657462 
0.402113 0.06753284680 0.09433089170 
0.402670 0.00725006154 0.09429834338 
0.403227 0.18068610012 0.09436449577 
0.403785 0.01733002204 0.09746046916 
0.404342 -0.04808441057 0.09653144197 
0.404899 0.00771928683 0.09935390794 
0.405456 0.01282633468 0.10105094178 
0.406013 -0.01006936131 0.09800540490 
0.406570 0.06584756768 0.10083303086 
0.407127 0.04027408423 0.10270501598 
0.407684 0.07699658700 0.10074459514 
0.408241 0.04245139974 0.10250567744 
0.408798 0.04194752264 0.10492723487 
0.409355 0.11465899239 0.10517347769 
0.409912 0.06134277961 0.10725765161 
0.410469 0.03820291317 0.10866096127 
0.411027 0.09573528840 0.10580262665 
0.411584 -0.00197745034 0.10872857363 
0.412141 0.06843623725 0.10884922935 
0.412698 0.11343496051 0.11256754925 
0.413255 -0.03036084667 0.11145265852 
0.413812 0.15946356113 0.11169575061 
0.414369 0.01248262638 0.11112873640 
0.414926 0.15925098851 0.11460784307 
0.415483 -0.03928553980 0.11368365304 
0.416040 0.06625936541 0.11381349086 
0.416597 -0.04582081814 0.11765871278 
0.417154 -0.04967816220 0.11765235098 
0.417711 0.05103663782 0.11953400252 
0.418268 0.09647159495 0.11680459761 
0.418825 0.05069981165 0.11715097986 
0.419382 0.21927772821 0.11520888007 
0.419940 0.01788111385 0.11341445641 
0.420497 0.07461606534 0.11772596345 
0.421054 0.07787941044 0.11674120062 
0.421611 0.11629998549 0.11471907915 
0.422168 0.06360752656 0.11359883326 
0.422725 0.14138538698 0.11530261860 
0.423282 -0.03834245100 0.11359794329 
0.423839 0.07241754989 0.11568163369 
0.424396 0.08371378551 0.11478513018 
0.424953 0.16413755687 0.11446543051 
0.425510 -0.01804229509 0.11678247435 
0.426067 0.06164553037 0.11723152402 
0.426624 0.08362496849 0.11430154395 
0.427181 0.09396606185 0.11441592231 
0.427738 0.05974126019 0.11277702680 
0.428295 0.15676119877 0.11719190645 
0.428852 0.07555525183 0.11891681576 
0.429409 0.01705857884 0.11359016577 
0.429966 -0.01433175224 0.11840163356 
0.430523 -0.02966202666 0.11475072701 
0.431080 -0.07382417286 0.11566663243 
0.431637 0.11834416213 0.11703284889 
0.432194 0.18280851873 0.11420843914 
0.432752 0.02070269413 0.12075496479 
0.433309 -0.00644065532 0.11818427309 
0.433866 0.22266585520 0.11597104865 
0.434423 0.08971386797 0.11928978667 
0.434980 -0.02683583640 0.12112850894 
0.435537 0.19785914585 0.11980572770 
0.436094 0.08194040956 0.11770645468 
0.436651 0.00189159684 0.12119764634 
0.437208 -0.03832320690 0.11779124503 
0.437765 0.19119108314 0.12378318512 
0.438322 0.09466147903 0.12317074111 
0.438879 0.10650644479 0.12104906268 
0.439436 0.12080552610 0.12123169106 
0.439993 0.10860764060 0.12399077636 
0.440550 0.09169257769 0.12269829798 
0.441107 0.09749760328 0.12011902043 
0.441664 0.03835086845 0.11886046729 
0.442221 -0.06295936480 0.12157257873 
0.442778 0.01475028953 0.12544878135 
0.443335 0.10343041278 0.12619104155 
0.443892 0.21279924793 0.12091697070 
0.444449 0.01885446433 0.12526336679 
0.445006 0.00585250918 0.12621452806 
0.445563 -0.07046567178 0.12902786494 
0.446120 -0.05048590672 0.11862032930 
0.446677 0.23465264045 0.12303832434 
0.447234 -0.05547481892 0.12254003094 
0.447791 0.04684481188 0.12478285941 
0.448348 0.04870189317 0.12752850377 
0.448905 0.10935490205 0.12240032511 
0.449462 0.30345066942 0.12272383902 
0.450019 -0.07657422102 0.12174626134 
0.450576 0.10034740303 0.12230588554 
0.451133 0.12514038528 0.12180935617 
0.451690 0.08216923258 0.12636477472 
0.452247 0.17338491390 0.12391191794 
0.452804 0.06262214302 0.11987127921 
0.453361 0.09866822243 0.12459600951 
0.453918 -0.01116221682 0.11938056520 
0.454475 0.01000897943 0.12523777523 
0.455032 0.01655910613 0.12178134540 
0.455589 -0.14349529303 0.12153230221 
0.456146 0.08996827626 0.12596812951 
0.456703 -0.00758620836 0.11981429731 
0.457260 0.19913368498 0.11985005281 
0.457817 0.08377091127 0.12582599685 
0.458374 0.15359565161 0.12199220596 
0.458931 0.16763910072 0.12303745762 
0.459488 0.09489676274 0.12630250781 
0.460045 0.08279996514 0.12341482788 
0.460602 0.05284761317 0.12246050331 
0.461159 0.12225208797 0.12019540072 
0.461716 0.07670284696 0.12210000604 
0.462273 0.05420868340 0.12280037858 
0.462830 -0.13257357060 0.12122419838 
0.463387 0.02519464938 0.12130502605 
0.463943 0.15354247383 0.12235896275 
0.464500 -0.02678613787 0.12392346689 
0.465057 0.29197394508 0.12343756427 
0.465614 0.06663033341 0.12247016783 
0.466171 0.19417701639 0.12422045766 
0.466728 0.07258121887 0.11985681710 
0.467285 0.17551343430 0.12124851419 
0.467842 0.07425203949 0.12625370000 
0.468399 0.03843657280 0.12532308104 
0.468956 -0.03218300685 0.12459854770 
0.469513 0.14496898075 0.12088382462 
0.470070 0.11139971591 0.11726217383 
0.470627 0.14474643558 0.12128266370 
0.471184 0.24485307544 0.12286296361 
0.471741 -0.08331065003 0.12373595734 
0.472298 0.03831440856 0.12394611044 
0.472855 -0.00539895061 0.12165030578 
0.473412 0.07052585105 0.12368543020 
0.473969 0.20094014067 0.12310076564 
0.474526 0.04647515301 0.12000429999 
0.475083 0.09789353767 0.12433517592 
0.475640 0.20062803815 0.12534913109 
0.476196 0.06035422062 0.12362644171 
0.476753 0.06475936536 0.12312280208 
0.477310 0.16082197113 0.11750159518 
0.477867 0.21434572095 0.12022470890 
0.478424 0.17111481789 0.12113107779 
0.478981 0.20400902693 0.11809880370 
0.479538 0.04009653048 0.12117826735 
0.480095 0.08360487411 0.12042640915 
0.480652 0.09973837511 0.12313377553 
0.481209 0.01629562826 0.11940577343 
0.481766 -0.00218317939 0.11926757204 
0.482323 0.09797592463 0.11996574012 
0.482880 0.15591699572 0.11877477933 
0.483437 0.10895308121 0.12192863848 
0.483994 0.01632606200 0.12197034599 
0.484550 0.09135019376 0.11937064243 
0.485107 0.11932269694 0.12046522008 
0.485664 0.01657179394 0.12148798483 
0.486221 0.12079217179 0.12029562485 
0.486778 0.11221687682 0.11809477602 
0.487335 0.23105980584 0.11910065809 
0.487892 -0.01516851873 0.12076866967 
0.488449 0.05151572282 0.12257742005 
0.489006 0.03535657878 0.11940125063 
0.489563 0.04434164389 0.11947155773 
0.490120 0.01692256546 0.12013444662 
0.490677 0.17843339964 0.12009699379 
0.491233 0.08745007845 0.12088637510 
0.491790 0.11814088256 0.12112334626 
0.492347 0.01350258305 0.12183121963 
0.492904 0.01699911615 0.12234201507 
0.493461 -0.06539856891 0.11746739969 
0.494018 0.15608884738 0.12309675614 
0.494575 0.03895353281 0.12240199404 
0.495132 0.18843296203 0.12155210224 
0.495689 0.06497928798 0.12028727853 
0.496246 0.05528251531 0.12737882366 
0.496802 0.18049780311 0.12379222069 
0.497359 -0.02273128220 0.12046156533 
0.497916 0.00943650811 0.12340272833 
0.498473 0.06596120444 0.12337737618 
0.499030 0.11827442645 0.12197294036 
0.499587 -0.07579257278 0.12754877099 
0.500144 -0.00058209083 0.12600484208 
0.500701 -0.04795111672 0.12514790109 
0.501258 0.05295318291 0.11883651035 
0.501815 0.04561793052 0.11994190489 
0.502371 0.07512612629 0.12176252178 
0.502928 0.31902435409 0.12316559246 
0.503485 0.18798277121 0.12276969429 
0.504042 0.21728702918 0.12492234673 
0.504599 0.13360674262 0.12363641949 
0.505156 0.22090427273 0.12062043949 
0.505713 0.06009264027 0.11923809367 
0.506270 0.10298597992 0.12421889245 
0.506826 0.03433155221 0.11933060784 
0.507383 0.17750818251 0.12024843895 
0.507940 0.18661700132 0.12136169074 
0.508497 0.02369631884 0.12421392731 
0.509054 0.03994561788 0.12070462962 
0.509611 -0.05806045486 0.12026558555 
0.510168 0.04551968124 0.12154869860 
0.510725 0.15181971840 0.12496942468 
0.511281 0.12808501769 0.12048538707 
0.511838 0.18326347518 0.12628168226 
0.512395 0.20470498645 0.12615574574 
0.512952 0.01155543921 0.12573573241 
0.513509 0.26776437729 0.12439663675 
0.514066 0.09531005724 0.12368025670 
0.514623 0.00584244091 0.12860589064 
0.515179 0.01827335285 0.12604185730 
0.515736 0.05071318240 0.12787327020 
0.516293 0.06600367471 0.13273812033 
0.516850 0.01773531149 0.13092809417 
0.517407 0.10568447315 0.12769047667 
0.517964 0.16693864773 0.13017794838 
0.518521 -0.05277470179 0.12896702377 
0.519077 -0.16340189908 0.12751185318 
0.519634 0.02239914811 0.13395158141 
0.520191 -0.04478107171 0.13458493878 
0.520748 0.10641524120 0.13189861482 
0.521305 -0.12098865853 0.13122746949 
0.521862 0.11413823372 0.13146157512 
0.522418 -0.00885282140 0.13054062057 
0.522975 0.03604295062 0.13694643949 
0.523532 0.22621812561 0.13472337510 
0.524089 0.13672376879 0.13346072077 
0.524646 0.01003377538 0.13574934456 
0.525203 -0.05757882768 0.13400709990 
0.525759 0.07656355437 0.13862181054 
0.526316 -0.01353333348 0.13367689525 
0.526873 0.10293098014 0.14358423665 
0.527430 0.06288080555 0.14050732579 
0.527987 0.02084548124 0.14040500709 
0.528544 0.31218788728 0.14408152609 
0.529100 -0.02741365228 0.14471489941 
0.529657 0.14956279348 0.14219336727 
0.530214 0.16265447747 0.14065675523 
0.530771 0.11314990766 0.15140150723 
0.531328 0.07177532835 0.14859472191 
0.531884 0.01536748319 0.14781943384 
0.532441 -0.08375025639 0.15029342188 
0.532998 0.11414455744 0.15089664160 
0.533555 0.14092307279 0.14668103414 
0.534112 0.14334290548 0.14678462229 
0.534669 0.16929745631 0.15352721463 
0.535225 0.05394978924 0.16455489784 
0.535782 -0.03441881903 0.15619287690 
0.536339 0.22198094205 0.15695301084 
0.536896 0.26897500120 0.15896374307 
0.537453 -0.03273820074 0.16413430664 
0.538009 -0.07293844823 0.17373147738 
0.538566 0.02868206931 0.17309665031 
0.539123 0.07781704895 0.17981055298 
0.539680 0.09266557242 0.17458541831 
0.540237 -0.02836094168 0.19300458213 
0.540793 0.10210489183 0.19404144039 
0.541350 0.02831510395 0.20559702450 
0.541907 0.15145560853 0.22648187512 
0.542464 0.02210282988 0.25684090564 
0.543021 0.58649721761 0.44347584102 
