0.011985 159.38795369709 0.00000000000 
0.012543 154.73246184752 10.32383989353 
0.013100 151.06521440281 13.87646138728 
0.013658 146.29243364535 10.48316077662 
0.014215 144.30870776065 9.74524419137 
0.014772 145.43337861816 7.14016767287 
0.015330 141.32986569375 5.73241977185 
0.015887 134.71135574457 5.12948381952 
0.016445 135.19897822605 4.08331796306 
0.017002 130.61545157618 3.82729353342 
0.017560 124.98790281141 3.47611544889 
0.018117 122.43191933333 2.78900762310 
0.018675 119.54562073576 2.22747928517 
0.019232 116.35649649085 2.43964552489 
0.019789 112.25373934889 2.41084124283 
0.020347 108.82877565771 2.12558401171 
0.020904 105.56035290665 1.72219024999 
0.021462 101.34889520472 1.71645648906 
0.022019 97.67940820702 1.58342425468 
0.022577 95.27958957180 1.47799002984 
0.023134 91.61592200175 1.35813103843 
0.023692 89.07639298076 1.39210733289 
0.024249 85.35136004544 1.13143384119 
0.024807 81.91813369393 1.14182670044 
0.025364 78.40436943189 1.01664590619 
0.025921 76.19048601634 1.03710331646 
0.026479 72.17155039271 0.92024092030 
0.027036 69.98896073613 0.85656636446 
0.027594 66.53990677403 0.84198802360 
0.028151 63.82241649533 0.80467813052 
0.028709 61.99517960289 0.73538213020 
0.029266 58.69550263174 0.67783277313 
0.029824 56.28130325662 0.66255606405 
0.030381 53.39601909394 0.61549648003 
0.030938 51.13508326210 0.60920119679 
0.031496 48.24045085958 0.54938664015 
0.032053 46.92902978625 0.52902944229 
0.032611 45.17540637757 0.51944021447 
0.033168 42.92996179181 0.52718697703 
0.033726 40.58539497745 0.51821367637 
0.034283 38.70333997617 0.48430417002 
0.034841 36.93180251192 0.49621793472 
0.035398 35.82698189878 0.48746089647 
0.035955 33.08195116324 0.46103802859 
0.036513 32.22645201559 0.43703982083 
0.037070 30.52068286775 0.45462983075 
0.037628 28.63254102858 0.42650520141 
0.038185 27.53122624017 0.39725501780 
0.038743 26.32745713974 0.40733714790 
0.039300 25.06710325353 0.38951358191 
0.039858 23.97042716375 0.40108174628 
0.040415 22.81009353386 0.37518244201 
0.040973 21.44007333704 0.39127351947 
0.041530 21.02362571149 0.35689495762 
0.042087 19.92999355384 0.36286076821 
0.042645 19.33255725349 0.37539265784 
0.043202 17.90740321634 0.33324603439 
0.043760 17.20168978117 0.35132537450 
0.044317 16.51131278385 0.33720924042 
0.044875 15.55176344393 0.33286502553 
0.045432 14.98365613484 0.32554959411 
0.045990 14.24105829494 0.28661937933 
0.046547 13.80890654485 0.29978635128 
0.047104 13.39489122009 0.30522680846 
0.047662 12.52623926091 0.29361472617 
0.048219 12.20829900636 0.30703548009 
0.048777 11.88157608341 0.29132288308 
0.049334 11.40870933381 0.29229997159 
0.049892 10.61357408630 0.28204116497 
0.050449 10.46282351095 0.28556938703 
0.051007 10.37112066041 0.28281104866 
0.051564 10.05126410023 0.27460551482 
0.052121 9.64528204879 0.26369286231 
0.052679 9.62968591852 0.25513734816 
0.053236 9.24152971582 0.25425382429 
0.053794 9.25846635090 0.26541373525 
0.054351 8.61528839663 0.26104381127 
0.054909 8.42342507402 0.25043617407 
0.055466 8.40317635955 0.25202283360 
0.056024 8.01562818395 0.25408216535 
0.056581 8.08165903416 0.25743840583 
0.057138 7.81099281143 0.25492337468 
0.057696 7.64026533190 0.24463523257 
0.058253 7.63462011158 0.23346776536 
0.058811 7.35239134124 0.23411986080 
0.059368 6.99325526515 0.22800376193 
0.059926 6.99939743140 0.22892087601 
0.060483 6.81753064857 0.22781378304 
0.061041 6.99900478827 0.22873213119 
0.061598 6.78374934143 0.21824503306 
0.062155 6.68576371652 0.23297303234 
0.062713 6.70406772571 0.22080425263 
0.063270 6.50488714070 0.23021509416 
0.063828 6.51158974535 0.21901598798 
0.064385 6.50857616958 0.21169635994 
0.064943 6.12230357593 0.21886960335 
0.065500 5.98107977717 0.21429456304 
0.066057 6.02101488241 0.21137417830 
0.066615 5.96415132582 0.21990232218 
0.067172 5.81500701351 0.21352884383 
0.067730 5.82478107815 0.20505173537 
0.068287 5.42523998813 0.20544149544 
0.068845 5.70307387882 0.20798263976 
0.069402 5.55162071126 0.19948175422 
0.069960 5.27643161398 0.19639117415 
0.070517 5.21415425253 0.19695288124 
0.071074 5.14069915508 0.19763817374 
0.071632 5.00970718805 0.20202097183 
0.072189 4.95486824179 0.19098905915 
0.072747 4.72262102539 0.19609751282 
0.073304 4.62466498270 0.19454663335 
0.073862 4.40011852014 0.19063845423 
0.074419 4.57380822371 0.19017435893 
0.074977 4.76649193511 0.18824469917 
0.075534 4.19875363935 0.19697196507 
0.076091 4.20887501095 0.18626479399 
0.076649 4.16119475754 0.18911685529 
0.077206 3.85189885167 0.19077348745 
0.077764 3.75559209016 0.18445038566 
0.078321 3.77923340361 0.18137442528 
0.078879 3.69276204163 0.18473662368 
0.079436 3.27794332761 0.17739223596 
0.079993 3.44757890275 0.17915003290 
0.080551 3.29328274082 0.17994185846 
0.081108 3.20144519009 0.17856390423 
0.081666 3.09535666818 0.17407043039 
0.082223 2.94386254290 0.17530370159 
0.082781 3.20557811568 0.17002432682 
0.083338 2.71007193239 0.16803759226 
0.083895 2.66987736545 0.17068332445 
0.084453 2.59466347753 0.17532524731 
0.085010 2.42496074868 0.16575278474 
0.085568 2.41381794880 0.17402324364 
0.086125 2.47904259876 0.16920978856 
0.086683 2.16455712302 0.16255636111 
0.087240 1.96885161754 0.17164273084 
0.087798 2.03007442386 0.16865114547 
0.088355 2.09187979812 0.16017589013 
0.088912 1.98889809463 0.15942369799 
0.089470 2.03849141138 0.16141071483 
0.090027 1.86845361811 0.16161194464 
0.090585 1.86031614125 0.16031812727 
0.091142 1.65549815884 0.15429798387 
0.091700 1.49801401068 0.15817675336 
0.092257 1.61745061300 0.15581433144 
0.092814 1.55319164492 0.15840539059 
0.093372 1.60928867800 0.15505946439 
0.093929 1.47452516958 0.15878094835 
0.094487 1.50104993844 0.15301524868 
0.095044 1.33134127688 0.15179449042 
0.095602 1.08008880369 0.15360458581 
0.096159 1.21970398849 0.15420543020 
0.096716 1.23185996145 0.15520191315 
0.097274 1.22600139749 0.15094152957 
0.097831 1.38276437534 0.14944669894 
0.098389 1.30241286832 0.14149568127 
0.098946 1.16641019580 0.14724586771 
0.099504 1.08651772278 0.14720909839 
0.100061 1.12338032332 0.14866642544 
0.100618 0.92145683864 0.14683412589 
0.101176 1.08107771949 0.14374253209 
0.101733 0.84972019805 0.14383633097 
0.102291 0.98335950041 0.14499889184 
0.102848 1.05329485541 0.14686048076 
0.103406 0.93388862162 0.14395565776 
0.103963 0.78775296568 0.14458822617 
0.104520 0.73233808388 0.14661075058 
0.105078 0.92160432985 0.14285187533 
0.105635 0.86757043349 0.14263230063 
0.106193 0.75825030693 0.14390180441 
0.106750 0.92652562167 0.13987154410 
0.107308 0.96502793378 0.14192445675 
0.107865 0.89987034490 0.13961880678 
0.108422 0.85531511625 0.13976122431 
0.108980 0.77633799236 0.14064829299 
0.109537 0.69445411591 0.14083926251 
0.110095 0.63219446405 0.13850536903 
0.110652 0.87242918956 0.13997475617 
0.111210 0.81705117549 0.14017945922 
0.111767 0.84638292566 0.14093758912 
0.112324 0.82072434166 0.13215476491 
0.112882 0.95102357251 0.13446741320 
0.113439 0.71502509480 0.13459822598 
0.113997 0.82273082112 0.13789033527 
0.114554 0.71960972914 0.13199107517 
0.115111 0.88155030710 0.13171106272 
0.115669 0.67585913746 0.13351322676 
0.116226 0.70698999508 0.13417522203 
0.116784 0.57838681368 0.13299173225 
0.117341 0.74367454178 0.13260984914 
0.117899 0.59955882656 0.13572136829 
0.118456 0.67960698832 0.13360769791 
0.119013 0.53174620059 0.13566989335 
0.119571 0.84061840041 0.13061510457 
0.120128 0.81452653464 0.13459781761 
0.120686 0.66376463199 0.13460060225 
0.121243 0.72819984861 0.13388793915 
0.121800 0.74310170736 0.12973409366 
0.122358 0.56426763888 0.13087515126 
0.122915 0.60870673319 0.12965356912 
0.123473 0.71975827252 0.12987378755 
0.124030 0.57348120479 0.13089346998 
0.124588 0.60909926979 0.13194328127 
0.125145 0.61850396188 0.12936213002 
0.125702 0.66146334678 0.12602224071 
0.126260 0.77066927985 0.12922448167 
0.126817 0.70037227699 0.12745744468 
0.127375 0.30921592422 0.12708111695 
0.127932 0.50057559121 0.12628011925 
0.128489 0.36914570301 0.12919215183 
0.129047 0.56910903629 0.12284942674 
0.129604 0.67083646850 0.12671637571 
0.130162 0.34920784323 0.12504360990 
0.130719 0.49516125311 0.12246570002 
0.131277 0.47716497230 0.12896758836 
0.131834 0.46598522644 0.12514348746 
0.132391 0.44861529279 0.12466773652 
0.132949 0.30289675788 0.12417196617 
0.133506 0.53898845144 0.13087661792 
0.134064 0.27955006995 0.13154125147 
0.134621 0.44671402379 0.13317909373 
0.135178 0.42379355056 0.13674575000 
0.135736 0.50779128951 0.13881453982 
0.136293 0.31050129011 0.14017723779 
0.136851 0.49966484434 0.14016904583 
0.137408 0.49611361606 0.13644173981 
0.137965 0.32435826671 0.13704869721 
0.138523 0.39457389851 0.13476010480 
0.139080 0.55255360115 0.14409997990 
0.139638 0.28003926208 0.13746504953 
0.140195 0.36701137284 0.13760382244 
0.140752 0.40401458124 0.14122693663 
0.141310 0.40735824608 0.13970925662 
0.141867 0.21301717853 0.13985539864 
0.142425 0.47411087192 0.14316838294 
0.142982 0.46830017828 0.13825605160 
0.143540 0.27510575996 0.13787725945 
0.144097 0.27053548714 0.13283704946 
0.144654 0.37541157101 0.13259032084 
0.145212 0.35845300957 0.13057809695 
0.145769 0.37836906338 0.13131340446 
0.146327 0.32264868077 0.12351611665 
0.146884 0.22306990649 0.13257808114 
0.147441 0.37009197659 0.12863652022 
0.147999 0.41622219302 0.12629436429 
0.148556 0.27873194855 0.12954224096 
0.149114 0.19906238090 0.12692292740 
0.149671 0.22976553726 0.12693359254 
0.150228 0.25737613350 0.12022951412 
0.150786 0.14458497386 0.12502809052 
0.151343 0.32763739114 0.12324666623 
0.151901 0.18470555324 0.12209964645 
0.152458 0.24026048019 0.12113528880 
0.153015 0.13883510545 0.12227042151 
0.153573 0.26493038987 0.11884967735 
0.154130 0.16673354576 0.12070336705 
0.154688 0.30456238903 0.12303126276 
0.155245 0.23316698642 0.12249840145 
0.155802 0.15276096257 0.12377288392 
0.156360 0.17590676477 0.11715003756 
0.156917 0.25948799324 0.11853946875 
0.157475 0.18890363080 0.11789579328 
0.158032 0.19013393264 0.11825762045 
0.158589 0.01146363039 0.11823743400 
0.159147 0.22202122804 0.11388591522 
0.159704 0.33550800704 0.11561051934 
0.160261 0.24118322760 0.11777671079 
0.160819 0.13279870926 0.11625745532 
0.161376 0.15064422836 0.11499050302 
0.161934 0.21601970367 0.11552778083 
0.162491 0.10088593329 0.11614321893 
0.163048 0.03534062029 0.11682050670 
0.163606 0.06900005153 0.11507775660 
0.164163 0.06145044307 0.11556717185 
0.164721 0.22756435412 0.11130813402 
0.165278 0.24178300441 0.11306950495 
0.165835 0.13620866358 0.11495873204 
0.166393 0.16807147886 0.11359414582 
0.166950 0.13994851710 0.11344212169 
0.167508 0.17369125731 0.11191406184 
0.168065 0.07592385556 0.11295045037 
0.168622 0.03210483345 0.11388151651 
0.169180 0.04481464525 0.11226497675 
0.169737 0.14474566520 0.10885218911 
0.170294 0.16845196319 0.11312070521 
0.170852 0.10568738763 0.11376327074 
0.171409 0.01054845481 0.11070450456 
0.171967 0.11628970280 0.11232627844 
0.172524 0.02735183559 0.11090017572 
0.173081 -0.01322236218 0.10896892122 
0.173639 -0.01461108048 0.11008832378 
0.174196 0.04733159991 0.11003429513 
0.174754 0.04032925902 0.11208859814 
0.175311 -0.06642816392 0.10824275383 
0.175868 0.07766873981 0.10998125518 
0.176426 -0.07385112353 0.10818956349 
0.176983 0.03638875912 0.10828913011 
0.177540 -0.02105241012 0.10825374417 
0.178098 0.22034657167 0.10876552407 
0.178655 0.02689205383 0.10767651209 
0.179213 0.10629598952 0.10707897955 
0.179770 0.03479085508 0.10617784528 
0.180327 0.11252354060 0.10568468669 
0.180885 0.12295020916 0.10675513345 
0.181442 0.06662231275 0.10544560966 
0.181999 -0.03483041404 0.10773378394 
0.182557 0.00926289518 0.10530062342 
0.183114 0.11171847974 0.10647774301 
0.183672 0.00860396956 0.10671577104 
0.184229 0.01629516950 0.10480346971 
0.184786 -0.01601057723 0.10435605819 
0.185344 0.11823083368 0.10523258945 
0.185901 0.14380506033 0.10715968569 
0.186458 0.14559828436 0.10563587332 
0.187016 0.03862806580 0.10798785069 
0.187573 0.25194049040 0.10627732819 
0.188131 0.07330310532 0.10844562714 
0.188688 0.08379215915 0.10538890705 
0.189245 0.16258521625 0.10392024227 
0.189803 0.09533690612 0.10692190415 
0.190360 0.17029806963 0.10661684346 
0.190917 0.10164804405 0.10656841504 
0.191475 0.10719369531 0.10573313159 
0.192032 0.11941701787 0.10570080280 
0.192590 0.02376058591 0.10314706670 
0.193147 0.07933675606 0.10483939814 
0.193704 0.06971243953 0.10369395893 
0.194262 -0.03508209268 0.10380823119 
0.194819 0.11392768921 0.10286390999 
0.195376 0.01558083081 0.10421562668 
0.195934 0.00422347339 0.10435320776 
0.196491 0.06324857284 0.10022204823 
0.197048 0.06443629788 0.10419947933 
0.197606 0.01416329778 0.10287687831 
0.198163 0.09991110995 0.10201970369 
0.198721 0.08507391249 0.10321015486 
0.199278 0.08320014790 0.10236249662 
0.199835 0.09180493363 0.10043263689 
0.200393 0.27575806806 0.10296968176 
0.200950 0.23639935349 0.10354434335 
0.201507 0.19425089320 0.10141876697 
0.202065 0.16464756464 0.10128672026 
0.202622 0.13168778377 0.10172544968 
0.203179 0.15826666390 0.10180050426 
0.203737 0.06755403230 0.10368593079 
0.204294 0.01713744258 0.09903869281 
0.204851 0.20107113275 0.09847483992 
0.205409 0.16903259934 0.10336425611 
0.205966 0.05481863474 0.10224628494 
0.206524 0.09469186088 0.09872395436 
0.207081 0.18184628206 0.09755310858 
0.207638 0.00073831261 0.09969933348 
0.208196 0.20681897002 0.09704272578 
0.208753 0.03311222381 0.09730845789 
0.209310 0.01216326714 0.09832697932 
0.209868 0.16143473863 0.09539106548 
0.210425 0.08855942209 0.09726907325 
0.210982 0.04476276673 0.09956277098 
0.211540 -0.01593562081 0.09655093303 
0.212097 0.18232995313 0.09919802519 
0.212654 0.08677718916 0.09829134161 
0.213212 0.12355363365 0.09874794841 
0.213769 0.10181401287 0.09549111624 
0.214326 0.03086904884 0.09779124741 
0.214884 0.03303672833 0.09708642876 
0.215441 0.02916978306 0.09421360714 
0.215999 -0.03519543053 0.09641260744 
0.216556 0.08136160413 0.09547302549 
0.217113 0.11205283582 0.09469620173 
0.217671 0.11657249471 0.09569291526 
0.218228 0.15703621105 0.09456416360 
0.218785 0.06644824381 0.09569014606 
0.219343 0.09166616511 0.09564329444 
0.219900 0.01724013372 0.09702748314 
0.220457 0.11659729218 0.09767652659 
0.221015 0.12642204829 0.09441448188 
0.221572 0.06165944542 0.09368404360 
0.222129 0.06738773642 0.09496085229 
0.222687 0.14945906863 0.09621954701 
0.223244 0.13073620892 0.09341089910 
0.223801 0.11129876061 0.09495169627 
0.224359 0.15269110566 0.09449251038 
0.224916 0.13510710820 0.09504821036 
0.225473 0.08160262007 0.09153072627 
0.226031 0.03346498127 0.09274650916 
0.226588 0.13558400804 0.09381369347 
0.227145 0.15817313595 0.09184337926 
0.227703 0.04775380074 0.09327046865 
0.228260 0.07822999884 0.09269048565 
0.228817 0.06993619990 0.09440162766 
0.229375 0.07299430349 0.09327488214 
0.229932 0.08424774695 0.09017468236 
0.230489 0.15485212180 0.09195462738 
0.231047 0.00691245017 0.09074635612 
0.231604 0.17337622033 0.09277566325 
0.232161 0.16330066696 0.09248452966 
0.232719 0.09847199692 0.09159861369 
0.233276 0.07572036009 0.09304329818 
0.233833 0.14482271272 0.09117175126 
0.234391 0.09412153052 0.09130856090 
0.234948 0.10741360476 0.09164550238 
0.235505 0.09288128041 0.09035272302 
0.236063 -0.07660085595 0.08967961672 
0.236620 0.13361188782 0.09050230204 
0.237177 -0.01141294948 0.09158078978 
0.237735 0.10540621415 0.09115260543 
0.238292 0.12967125711 0.09118591521 
0.238849 0.06303933134 0.08903803767 
0.239407 0.10220104166 0.09084489858 
0.239964 0.13208789340 0.09088102374 
0.240521 0.13256596472 0.08983476069 
0.241079 0.10572351285 0.09026645650 
0.241636 0.09084919012 0.09193984602 
0.242193 0.18822744512 0.09075193615 
0.242750 0.18448844028 0.09030910569 
0.243308 0.13369648270 0.08874593224 
0.243865 0.14781488095 0.08987430438 
0.244422 0.04516299684 0.08968809086 
0.244980 0.14019628851 0.09061549042 
0.245537 0.09839165505 0.09142390387 
0.246094 0.11106517750 0.09042455921 
0.246652 0.15261111222 0.08883657599 
0.247209 0.10108663681 0.08923362397 
0.247766 0.15276392959 0.08991979148 
0.248324 0.10553015047 0.09196169623 
0.248881 0.05542700614 0.08888999485 
0.249438 0.13233597345 0.08838050335 
0.249996 0.12408926425 0.08828924529 
0.250553 0.02898697076 0.08801701484 
0.251110 0.13451153052 0.08698096564 
0.251667 0.11466390722 0.08844317372 
0.252225 0.04374066414 0.08969988735 
0.252782 0.06002653928 0.08893353177 
0.253339 0.21350272620 0.08791666129 
0.253897 0.12150485172 0.08731737589 
0.254454 0.09144761267 0.09014146860 
0.255011 0.12978841099 0.08846889492 
0.255569 0.04535750489 0.08558239679 
0.256126 0.02510161484 0.08621718701 
0.256683 0.05414167664 0.08849043191 
0.257241 0.00139025107 0.08680695750 
0.257798 0.09490805619 0.08685969196 
0.258355 0.06976745666 0.08857427739 
0.258912 0.14889946072 0.08559957243 
0.259470 0.11470920741 0.08737958723 
0.260027 -0.03191076877 0.08646476793 
0.260584 0.18196824655 0.08813650483 
0.261142 0.19922462408 0.08556880744 
0.261699 -0.05882904271 0.08546300895 
0.262256 0.15864355914 0.08612414908 
0.262814 0.07852691309 0.08570862640 
0.263371 0.13689897248 0.08678748038 
0.263928 -0.00772675522 0.08548765503 
0.264485 0.10205749314 0.08536533495 
0.265043 0.22392948887 0.08500641250 
0.265600 0.17374953773 0.08425392309 
0.266157 0.16418240124 0.08740417186 
0.266715 0.04799038660 0.08661454384 
0.267272 0.12406114950 0.08529568431 
0.267829 0.02770591214 0.08443956510 
0.268386 -0.04258302832 0.08451032438 
0.268944 0.06812365153 0.08465931691 
0.269501 0.13313605388 0.08497712291 
0.270058 0.15546852362 0.08331207873 
0.270616 0.10837903874 0.08508700444 
0.271173 0.14630574757 0.08588661463 
0.271730 0.17183075008 0.08583781742 
0.272287 0.08199500396 0.08737748058 
0.272845 0.03682681800 0.08735268712 
0.273402 0.05095617601 0.08602624184 
0.273959 0.00003400245 0.08817137793 
0.274517 0.03725595120 0.08636212295 
0.275074 0.06631856685 0.08972251452 
0.275631 0.16084587417 0.09075820182 
0.276188 0.03531191260 0.08975788826 
0.276746 0.15407702131 0.08999839856 
0.277303 0.25740509992 0.08963418853 
0.277860 0.16194236668 0.09051241687 
0.278418 0.04204229639 0.08898150439 
0.278975 -0.03997359832 0.09239968689 
0.279532 0.10790390698 0.08894639863 
0.280089 0.23727238953 0.09311809411 
0.280647 0.12271770100 0.09195553998 
0.281204 0.02840609656 0.09330182179 
0.281761 0.11052325113 0.09054576291 
0.282318 0.14243046112 0.08997593560 
0.282876 0.00939373546 0.08783297733 
0.283433 0.02084702975 0.08740692852 
0.283990 0.05822703480 0.08577227998 
0.284548 0.03032909966 0.08674156255 
0.285105 0.04446060862 0.08654643882 
0.285662 0.03515983753 0.08696309727 
0.286219 -0.02027272905 0.08402499830 
0.286777 0.08600673492 0.08749079959 
0.287334 0.10482164607 0.08557104811 
0.287891 0.13078723799 0.08554946996 
0.288448 -0.01247829459 0.08479989864 
0.289006 0.11277274160 0.08644510633 
0.289563 0.06382689374 0.08547078505 
0.290120 0.10973275865 0.08536652576 
0.290677 -0.00417022543 0.08436420253 
0.291235 0.08213548743 0.08553730386 
0.291792 0.06142379482 0.08560122163 
0.292349 -0.00070192186 0.08449899075 
0.292906 0.11535088036 0.08531968648 
0.293464 0.08055404889 0.08561999001 
0.294021 0.09367612720 0.08594046354 
0.294578 0.09919217456 0.08578504507 
0.295136 0.06491099567 0.08562780788 
0.295693 0.14712396229 0.08536379783 
0.296250 0.14037073162 0.08559334703 
0.296807 0.05931784473 0.08463525160 
0.297365 0.11630602193 0.08629141905 
0.297922 0.04919637285 0.08546795192 
0.298479 0.08342607674 0.08732801045 
0.299036 0.08076723853 0.08517564616 
0.299594 0.12345072717 0.08538837854 
0.300151 0.12281619145 0.08808968972 
0.300708 0.14515937987 0.08675036951 
0.301265 0.06893688335 0.08608763459 
0.301823 -0.04564796925 0.08682703414 
0.302380 -0.01678254377 0.08556407245 
0.302937 0.12284029742 0.08690656878 
0.303494 -0.02329624516 0.08696359818 
0.304052 0.04655698935 0.08517453454 
0.304609 0.07657097111 0.08564319828 
0.305166 0.09131493659 0.08571325144 
0.305723 0.06966783769 0.08624733441 
0.306280 0.01203395761 0.08574769411 
0.306838 0.04334362872 0.08569487641 
0.307395 -0.01944548087 0.08621105326 
0.307952 0.15599073825 0.08604028805 
0.308509 -0.07323475890 0.08642515334 
0.309067 0.05472507646 0.08491194118 
0.309624 0.14746828288 0.08522326910 
0.310181 0.12134008444 0.08554362901 
0.310738 0.07175220347 0.08477955961 
0.311296 0.06089343465 0.08594089550 
0.311853 0.09596434896 0.08612850455 
0.312410 0.06479102807 0.08567935682 
0.312967 0.07767069385 0.08430265706 
0.313525 0.09857112265 0.08579641028 
0.314082 0.01737381371 0.08816296017 
0.314639 0.06116767395 0.08583075180 
0.315196 0.27836354988 0.08653902250 
0.315753 0.14064913486 0.08729177922 
0.316311 0.12278711657 0.08684936851 
0.316868 0.21832175026 0.08672566119 
0.317425 0.05026538365 0.08501433630 
0.317982 0.06607543762 0.08660364549 
0.318540 0.14791002704 0.08558911911 
0.319097 0.03536871629 0.08659269232 
0.319654 0.13742515500 0.08640002712 
0.320211 0.08087179623 0.08691834087 
0.320768 0.09214614428 0.08722999559 
0.321326 0.05546105233 0.08565199341 
0.321883 0.20057471290 0.08634674401 
0.322440 0.15699420802 0.08664468120 
0.322997 0.07750743232 0.08715190728 
0.323555 0.10021308229 0.08833874858 
0.324112 0.04245192603 0.08706574298 
0.324669 0.12748550533 0.08583205196 
0.325226 0.07864346149 0.08613701109 
0.325783 0.04457155153 0.08666267957 
0.326341 0.03062432422 0.08690956409 
0.326898 0.08762306362 0.08934650363 
0.327455 0.09232014869 0.08735517498 
0.328012 -0.03172972346 0.08637287031 
0.328569 0.07839132217 0.08788655331 
0.329127 -0.03499709341 0.08671715023 
0.329684 0.00666601257 0.08777021232 
0.330241 0.05028603960 0.08929589417 
0.330798 0.13221965725 0.08841359169 
0.331355 0.12127921282 0.08707709012 
0.331913 0.08587634159 0.08875424151 
0.332470 0.07468682041 0.08929183024 
0.333027 0.00919489086 0.08879409301 
0.333584 0.00742943609 0.08815729095 
0.334141 0.13971055748 0.09058488467 
0.334699 0.13406685223 0.09179374220 
0.335256 0.08290629885 0.09032825523 
0.335813 0.08854077773 0.09015381767 
0.336370 0.11427194591 0.09125920928 
0.336927 0.03243759777 0.09037113750 
0.337485 0.15259843509 0.09212417566 
0.338042 -0.00206253728 0.09293452353 
0.338599 0.07922992582 0.09118451651 
0.339156 0.03600335830 0.09400304315 
0.339713 0.08003364480 0.09325470608 
0.340271 0.12985049431 0.09188754494 
0.340828 0.12594457393 0.09340763531 
0.341385 0.04126618387 0.09424255934 
0.341942 -0.01727631496 0.09420464989 
0.342499 0.12299863310 0.09347363372 
0.343057 0.01595159926 0.09216567036 
0.343614 0.05513320939 0.09428028945 
0.344171 0.02656528474 0.09599260739 
0.344728 -0.07374911771 0.09298467873 
0.345285 0.20939906482 0.09412073125 
0.345842 0.17726264825 0.09326108442 
0.346400 0.04371021991 0.09487918174 
0.346957 0.01896479200 0.09548823394 
0.347514 0.09153550822 0.09771341572 
0.348071 0.17791671467 0.09581264067 
0.348628 -0.00705332752 0.09935441674 
0.349186 -0.09071540512 0.09578623576 
0.349743 0.04493929409 0.09753116980 
0.350300 0.00340319033 0.09629744568 
0.350857 0.10789396043 0.09587628029 
0.351414 0.10034403251 0.09744211109 
0.351971 0.01763226194 0.09862614987 
0.352529 0.15162353176 0.10197863289 
0.353086 0.02469748303 0.09982361548 
0.353643 0.04060146855 0.10363830413 
0.354200 0.14886773808 0.09962214744 
0.354757 0.08869855261 0.10170032018 
0.355314 0.22491653240 0.10298735347 
0.355872 0.00164636161 0.10114161934 
0.356429 0.16996995702 0.10254578122 
0.356986 -0.02297613669 0.10435624036 
0.357543 0.05300299039 0.10355219743 
0.358100 0.03481832752 0.10143785410 
0.358657 0.20245700317 0.10431526090 
0.359215 0.02523861963 0.10349377952 
0.359772 0.02752204877 0.10286860480 
0.360329 0.06776517404 0.10497337917 
0.360886 0.07194365129 0.10364616270 
0.361443 -0.02088798796 0.10554130009 
0.362000 0.10347439939 0.10489976119 
0.362558 0.12172855371 0.10493286871 
0.363115 0.06580654551 0.10433200448 
0.363672 0.14365752448 0.10337627866 
0.364229 0.03172795341 0.10438935192 
0.364786 0.03370640128 0.10518067788 
0.365343 0.02958447686 0.10228282428 
0.365900 0.08232349589 0.10293061263 
0.366458 0.06852664418 0.10033434343 
0.367015 0.03161808839 0.10106590706 
0.367572 0.16886201480 0.10139632241 
0.368129 0.01077117972 0.10104972860 
0.368686 0.21197944610 0.10154956505 
0.369243 0.17616180293 0.10355799670 
0.369801 0.10852430951 0.09773394156 
0.370358 0.16904003785 0.09939245617 
0.370915 0.10944382872 0.09952090650 
0.371472 0.03514059041 0.09917743843 
0.372029 0.06483985750 0.10082565454 
0.372586 0.12687461795 0.09937972744 
0.373143 0.09305135655 0.09932320639 
0.373700 0.07490412665 0.09682980113 
0.374258 0.05910519962 0.09689866387 
0.374815 0.15246124425 0.09871851582 
0.375372 0.06045265730 0.09708546213 
0.375929 -0.01056315548 0.09463052807 
0.376486 0.12406133566 0.09733951553 
0.377043 0.16866539969 0.09790780404 
0.377600 0.14828653449 0.09476485783 
0.378158 -0.01095845428 0.09499893149 
0.378715 0.18714692379 0.09591487015 
0.379272 0.03769083190 0.09350691004 
0.379829 0.09401613714 0.09553234606 
0.380386 0.07968315977 0.09329536998 
0.380943 0.06668792619 0.09460752855 
0.381500 0.02042869536 0.09331318739 
0.382057 0.10545447493 0.09321577110 
0.382615 0.10686041006 0.09450785582 
0.383172 0.07931655483 0.09331121865 
0.383729 0.08403740627 0.09224736028 
0.384286 0.01465752562 0.09241638545 
0.384843 0.03866253459 0.09243490287 
0.385400 0.03083474590 0.09089668339 
0.385957 0.10668901432 0.09069524616 
0.386514 0.09902465289 0.09248980256 
0.387072 0.10280660385 0.09137642854 
0.387629 0.05375459911 0.09057549408 
0.388186 0.12182096199 0.09153891834 
0.388743 0.10041889187 0.08943937187 
0.389300 0.09811918121 0.09233818864 
0.389857 0.13451264838 0.09070790588 
0.390414 -0.08876895253 0.09136991870 
0.390971 0.09386517649 0.09043244038 
0.391528 0.06431490475 0.09088582018 
0.392086 0.13332950451 0.08888332641 
0.392643 0.04623361133 0.08967985947 
0.393200 0.03798968668 0.09012120333 
0.393757 0.04104402764 0.08900937659 
0.394314 0.10071853032 0.08810793853 
0.394871 0.02479329269 0.08979617754 
0.395428 0.00407407794 0.08905305193 
0.395985 -0.00795727812 0.08993374923 
0.396542 0.03138898279 0.09019990560 
0.397099 -0.00555716989 0.08915405451 
0.397657 -0.00791214966 0.09005048727 
0.398214 0.22188475420 0.09022430916 
0.398771 0.15396559336 0.08740726964 
0.399328 0.02100349271 0.08945222891 
0.399885 0.13726949589 0.08762613099 
0.400442 0.02495798853 0.08939861641 
0.400999 -0.00016414925 0.08874912634 
0.401556 0.08120785802 0.09178094932 
0.402113 0.07486663492 0.09506209292 
0.402670 0.04273259122 0.09565447279 
0.403227 0.17264271100 0.09662883357 
0.403785 0.02516450280 0.09547515866 
0.404342 0.21329630373 0.09753549793 
0.404899 0.14330707857 0.09811267214 
0.405456 -0.08596958503 0.09942195411 
0.406013 -0.05965985982 0.09902421035 
0.406570 0.12260113746 0.09920739368 
0.407127 -0.03975136527 0.09925938384 
0.407684 0.01930140666 0.10225063092 
0.408241 0.01643424015 0.10200494456 
0.408798 0.07906178816 0.10422657518 
0.409355 0.04449995913 0.10529618289 
0.409912 0.15789807629 0.10549769390 
0.410469 0.14703260683 0.10685628132 
0.411027 0.12453931556 0.10478906129 
0.411584 0.24874881774 0.10768628079 
0.412141 0.04591503079 0.11090478457 
0.412698 -0.05482589719 0.11101593879 
0.413255 -0.03098580552 0.11274125690 
0.413812 0.26224145492 0.10995396105 
0.414369 0.11252965074 0.11165858936 
0.414926 0.28361946348 0.11270401443 
0.415483 -0.03454844349 0.11423073033 
0.416040 -0.02099465539 0.11722633242 
0.416597 0.08609948754 0.11431024097 
0.417154 0.01695372213 0.11842987974 
0.417711 0.15552119739 0.11350652281 
0.418268 0.06553061951 0.11682572446 
0.418825 0.04135156891 0.11297858444 
0.419382 0.02024619408 0.11596911595 
0.419940 0.05983270396 0.11471420312 
0.420497 0.13376243137 0.11363793412 
0.421054 0.04396153195 0.11450008174 
0.421611 0.08434926990 0.11473884862 
0.422168 0.22713292743 0.11626015540 
0.422725 0.00898888478 0.11371775621 
0.423282 0.10518908005 0.11137618912 
0.423839 0.07938467950 0.11317235935 
0.424396 0.17189132635 0.11600677387 
0.424953 0.11125956605 0.11571367796 
0.425510 -0.00833540830 0.11804293426 
0.426067 0.03357702712 0.11637642690 
0.426624 0.03436420690 0.11167946976 
0.427181 0.10834908272 0.11368328060 
0.427738 0.01747974339 0.11740390926 
0.428295 0.07248387488 0.11635780056 
0.428852 0.01593995170 0.11536002580 
0.429409 0.12743040938 0.11457407002 
0.429966 0.15311479948 0.11434874174 
0.430523 0.03016642367 0.12079469032 
0.431080 0.18704728642 0.11601991790 
0.431637 0.00118704724 0.11843378383 
0.432194 -0.00076777107 0.11857652302 
0.432752 0.15611234247 0.11800790423 
0.433309 0.18606327667 0.12051263912 
0.433866 0.03345121449 0.12077989045 
0.434423 0.12872193772 0.11630139538 
0.434980 0.04749136434 0.11900133365 
0.435537 0.13108505065 0.12054345434 
0.436094 0.21678567850 0.11926899251 
0.436651 0.04415350146 0.12143880300 
0.437208 -0.03162677071 0.11956647932 
0.437765 0.22449091064 0.12493260295 
0.438322 0.00562240789 0.12098293836 
0.438879 0.14641636855 0.11762171478 
0.439436 0.09476899460 0.11870499508 
0.439993 0.07589336169 0.12255444775 
0.440550 0.20474073894 0.12173553127 
0.441107 0.21809007750 0.11811905875 
0.441664 0.12361100131 0.11994166770 
0.442221 -0.01451323032 0.12473616752 
0.442778 0.00363283248 0.12147319624 
0.443335 0.04834901294 0.12387161904 
0.443892 -0.00007613162 0.12187868499 
0.444449 0.08862426839 0.12464653099 
0.445006 0.06659348623 0.12212093902 
0.445563 0.06799349262 0.12800860495 
0.446120 0.15277238302 0.12352220442 
0.446677 0.17745925966 0.11971502300 
0.447234 0.06786112224 0.12530348385 
0.447791 0.17568372132 0.12713642115 
0.448348 -0.00136456712 0.12851685466 
0.448905 0.05697593046 0.12499755799 
0.449462 0.06486687810 0.12153336717 
0.450019 0.08338945103 0.12461814097 
0.450576 0.05028458534 0.12182906934 
0.451133 0.00738048885 0.12380256584 
0.451690 -0.06961242041 0.12439649558 
0.452247 -0.01989611129 0.12230154342 
0.452804 -0.03258328952 0.12438156887 
0.453361 0.27615494775 0.12192533835 
0.453918 0.00413955473 0.12258748121 
0.454475 0.09279189902 0.12133350819 
0.455032 0.26137574132 0.12194915095 
0.455589 0.08115549562 0.12113517724 
0.456146 -0.04215699131 0.12158625362 
0.456703 0.09071798688 0.12283337063 
0.457260 0.18560042186 0.12316735441 
0.457817 0.09010239215 0.12208277832 
0.458374 0.03199397821 0.12530161556 
0.458931 0.20852767184 0.12542508264 
0.459488 0.10278203118 0.12003271310 
0.460045 -0.08516344737 0.12753548646 
0.460602 0.01015865864 0.12431850999 
0.461159 0.06527028238 0.11992482754 
0.461716 0.02937152048 0.12055192823 
0.462273 0.00414623066 0.12406822562 
0.462830 -0.02663035698 0.12107248014 
0.463387 0.05677683610 0.12603658236 
0.463943 -0.04142289955 0.12405623993 
0.464500 0.02711036465 0.12210551686 
0.465057 0.30032201491 0.12046464810 
0.465614 0.00733075181 0.12394342258 
0.466171 0.06849508880 0.12419373037 
0.466728 0.11203821422 0.11702422783 
0.467285 0.33775422226 0.12216353043 
0.467842 0.06228404440 0.12197252044 
0.468399 0.03933797220 0.12499779224 
0.468956 -0.05209020435 0.12505459961 
0.469513 0.26640629394 0.12267089908 
0.470070 0.09706103795 0.12198098881 
0.470627 -0.07581026077 0.12254422690 
0.471184 0.21964961902 0.12260205403 
0.471741 0.09973077018 0.11869008010 
0.472298 0.02086258854 0.12444250864 
0.472855 0.03825561412 0.12168086510 
0.473412 0.09237075637 0.12442858300 
0.473969 -0.02213780921 0.12259409775 
0.474526 0.18179963628 0.12408681079 
0.475083 0.06157431484 0.12090779256 
0.475640 0.00467720331 0.11965433875 
0.476196 0.06670371503 0.12189453880 
0.476753 0.05206515683 0.12254599949 
0.477310 0.09104223918 0.12252606322 
0.477867 0.17936811518 0.12357631053 
0.478424 0.07974194807 0.12236780875 
0.478981 0.14351874066 0.12513636546 
0.479538 0.11026420748 0.11919817204 
0.480095 0.01869778923 0.12022321044 
0.480652 -0.00459374743 0.11814798685 
0.481209 0.07693517522 0.12321865933 
0.481766 0.00359472017 0.11864144349 
0.482323 0.15957412945 0.12013176495 
0.482880 0.09360714564 0.11747909251 
0.483437 -0.04981750765 0.12113938800 
0.483994 -0.01437758935 0.12208586296 
0.484550 0.09720143936 0.12139712864 
0.485107 0.10710058605 0.12113592043 
0.485664 -0.00659825465 0.11814886166 
0.486221 0.09459450223 0.12317334233 
0.486778 0.15075397794 0.12076785359 
0.487335 -0.05708713637 0.11924683868 
0.487892 0.10783833905 0.12460313194 
0.488449 0.13162385426 0.12468110597 
0.489006 0.17258661307 0.12167830369 
0.489563 0.09498880777 0.12076519919 
0.490120 0.04123229319 0.11531361414 
0.490677 0.06466026353 0.12023264954 
0.491233 -0.03803579974 0.12033757175 
0.491790 0.02094418956 0.12047122883 
0.492347 0.22931034966 0.12210111208 
0.492904 0.17462712725 0.12027519613 
0.493461 0.11773355143 0.11809715093 
0.494018 0.09745944484 0.12133065720 
0.494575 0.18033445633 0.11818558208 
0.495132 0.07132012730 0.12059794668 
0.495689 0.03792505422 0.11877893911 
0.496246 0.11532492582 0.12506544125 
0.496802 -0.07405118457 0.12311896889 
0.497359 0.11949542162 0.12057755176 
0.497916 -0.01013379270 0.12488666963 
0.498473 0.00517644190 0.12316364546 
0.499030 0.08134658904 0.12416814757 
0.499587 0.03633949688 0.12313928227 
0.500144 0.05398028462 0.12226503771 
0.500701 0.09941891542 0.12530421950 
0.501258 0.20387378090 0.11989514826 
0.501815 0.13356976107 0.12311360851 
0.502371 0.08878937177 0.12123275974 
0.502928 0.05213540693 0.12008704226 
0.503485 0.12695008412 0.11998186716 
0.504042 0.05192612538 0.12324576662 
0.504599 0.03863017288 0.12442990706 
0.505156 0.16584832733 0.11766242028 
0.505713 0.19561908581 0.12026270751 
0.506270 0.04112519550 0.12384532907 
0.506826 -0.05513364670 0.12384940581 
0.507383 0.14504867844 0.12233058084 
0.507940 0.07694339575 0.12116819587 
0.508497 0.20761397158 0.12216865928 
0.509054 -0.02664118777 0.12287984295 
0.509611 -0.05763047045 0.12141899864 
0.510168 0.12229190745 0.12446580764 
0.510725 -0.04992275336 0.12409119269 
0.511281 0.01575355136 0.12315924690 
0.511838 0.13556977123 0.12470571398 
0.512395 0.10595962940 0.12430085409 
0.512952 0.27575880576 0.13067230319 
0.513509 0.13859946489 0.12459324360 
0.514066 0.13144172879 0.12632420671 
0.514623 0.14622396122 0.12673014046 
0.515179 0.12054827338 0.12577145918 
0.515736 0.01590465252 0.12332133185 
0.516293 0.06241492986 0.12901953561 
0.516850 0.22243099883 0.13463676919 
0.517407 0.02740436574 0.12673255644 
0.517964 0.07477990647 0.12840382792 
0.518521 0.04866770466 0.12723106033 
0.519077 0.08670105770 0.13143227617 
0.519634 -0.01171594199 0.12937354549 
0.520191 -0.03672843549 0.13300037980 
0.520748 0.19080978723 0.13182638025 
0.521305 0.04414608195 0.13328659467 
0.521862 0.11516545553 0.13264793440 
0.522418 -0.03881778462 0.13480263674 
0.522975 -0.01144040718 0.14013584942 
0.523532 -0.07237443704 0.13334119552 
0.524089 0.07614234687 0.14187022116 
0.524646 0.36177806209 0.13694252270 
0.525203 0.07666487645 0.13512877162 
0.525759 0.07188453412 0.14123741102 
0.526316 0.03422716726 0.13757463074 
0.526873 -0.09939127061 0.14074355094 
0.527430 0.13684721315 0.13911525583 
0.527987 0.09320153411 0.14208655628 
0.528544 0.20411379890 0.13782738774 
0.529100 0.24735879253 0.14320480346 
0.529657 0.05173988009 0.13900976151 
0.530214 -0.01776705890 0.14556760694 
0.530771 0.15124050529 0.14642320275 
0.531328 0.12610413049 0.14941934825 
0.531884 0.09036861269 0.15087064705 
0.532441 -0.07438812863 0.14641135006 
0.532998 0.14125988631 0.15158117756 
0.533555 0.07640911661 0.15354807124 
0.534112 0.20401854099 0.15254249227 
0.534669 0.10522932124 0.14764958869 
0.535225 0.29377894055 0.15444675779 
0.535782 0.03222079529 0.15367740623 
0.536339 0.20878289387 0.15928659177 
0.536896 0.13848510980 0.16076450403 
0.537453 0.05517379512 0.15885622728 
0.538009 -0.00879831428 0.16435685391 
0.538566 0.02587179420 0.16782331430 
0.539123 0.03068013063 0.17623680260 
0.539680 -0.17327879965 0.17982300329 
0.540237 0.17965204388 0.18531205473 
0.540793 0.01363349056 0.20395789572 
0.541350 -0.14770651934 0.21728515841 
0.541907 0.15895914819 0.22303450970 
0.542464 0.26540947074 0.26886470811 
0.543021 0.08547471531 0.46530320848 
