0.011985 154.97222854523 0.00000000000 
0.012543 150.88025744043 9.79033843580 
0.013100 147.41758315636 13.42245246704 
0.013658 146.08803945192 9.92672988541 
0.014215 145.18343239389 9.42231318109 
0.014772 142.02553146308 6.81435080408 
0.015330 139.50230825341 5.83717206244 
0.015887 135.80129026716 5.17653381631 
0.016445 129.64170123517 4.25310430072 
0.017002 127.97578257075 3.80948498938 
0.017560 125.85288058259 3.68014022931 
0.018117 119.94396629957 2.76174955923 
0.018675 117.31148741694 2.45848940929 
0.019232 114.47012832578 2.63198771427 
0.019789 111.88786218183 2.27794631260 
0.020347 106.54433933401 2.12107908888 
0.020904 104.14489309058 1.77330526153 
0.021462 98.98776577326 1.62218362083 
0.022019 97.95738159899 1.57251614725 
0.022577 95.29303583660 1.44948502063 
0.023134 90.00140153657 1.28516651890 
0.023692 87.79201435930 1.39850075612 
0.024249 83.66598153387 1.12660597965 
0.024807 82.26038665503 1.16363789397 
0.025364 78.66569025632 1.03300792578 
0.025921 75.37803867799 0.99709865077 
0.026479 71.90896198524 0.93593664098 
0.027036 68.83723425542 0.85904814902 
0.027594 66.80773797789 0.81174692802 
0.028151 64.85392779267 0.74085940451 
0.028709 61.22359915219 0.67973176215 
0.029266 58.82793961976 0.70186197574 
0.029824 56.82235034078 0.69207901809 
0.030381 54.20620322922 0.63967892337 
0.030938 51.99971472726 0.59942724863 
0.031496 48.73759717534 0.56179711036 
0.032053 47.24357278843 0.59978428280 
0.032611 45.15087935930 0.54630573775 
0.033168 43.39118658988 0.51708988436 
0.033726 41.47126714187 0.54005668943 
0.034283 39.16505860754 0.51168409040 
0.034841 37.85735243691 0.50942424065 
0.035398 35.76990124600 0.50193343305 
0.035955 34.58217019286 0.49145825335 
0.036513 32.36423210789 0.45274499262 
0.037070 31.15926518248 0.44545907127 
0.037628 29.53169114360 0.41397575104 
0.038185 28.24561913309 0.41553056129 
0.038743 27.00994437140 0.40527686110 
0.039300 25.62633129146 0.39516497728 
0.039858 24.28094881799 0.41994216815 
0.040415 23.28929151595 0.41312233413 
0.040973 22.15480736966 0.39647014581 
0.041530 21.46565432491 0.37740069163 
0.042087 20.65649050131 0.37584722857 
0.042645 19.01023691263 0.36758510626 
0.043202 18.82242541857 0.37304079419 
0.043760 17.50599847105 0.34145679233 
0.044317 16.77590949058 0.34092110431 
0.044875 16.13217710458 0.32466473725 
0.045432 15.41654502286 0.31949076059 
0.045990 14.85682051281 0.31748434146 
0.046547 14.64723914239 0.30128285288 
0.047104 13.69822461193 0.31362578139 
0.047662 13.09526736770 0.30212778536 
0.048219 12.73479799252 0.31222636871 
0.048777 12.30359911943 0.28683650768 
0.049334 11.83218547926 0.28424421374 
0.049892 11.46015781929 0.29448794036 
0.050449 11.44351417689 0.28502372069 
0.051007 10.85753858112 0.28023074129 
0.051564 10.31843293890 0.27864194930 
0.052121 9.93094735819 0.27315310019 
0.052679 9.80147705636 0.26640551342 
0.053236 9.93741616989 0.26191794820 
0.053794 9.28887313869 0.24525747807 
0.054351 9.27136148751 0.26855861759 
0.054909 8.83331167840 0.25201794145 
0.055466 8.55797593211 0.24723255050 
0.056024 8.69558664596 0.25642743058 
0.056581 8.31691735158 0.24251205984 
0.057138 8.36608821171 0.23344313998 
0.057696 7.87091706948 0.23532416010 
0.058253 8.03216878113 0.24336861748 
0.058811 7.77191788732 0.25218197609 
0.059368 7.68326900979 0.23946660864 
0.059926 7.63445629747 0.23729702928 
0.060483 7.46987876162 0.23482624216 
0.061041 7.21060527851 0.23816719848 
0.061598 7.00851485091 0.23341075394 
0.062155 6.85091272465 0.22585788724 
0.062713 6.70382473861 0.22436923731 
0.063270 6.48647358757 0.21948622045 
0.063828 6.42027050063 0.22439307873 
0.064385 6.41041655372 0.21938733892 
0.064943 6.47652040312 0.22143840394 
0.065500 6.38025676149 0.21540297063 
0.066057 6.30640157863 0.22563068450 
0.066615 5.94927837579 0.21718223891 
0.067172 5.91422457687 0.22237563519 
0.067730 5.76255257539 0.21470226534 
0.068287 5.57069812179 0.19942415812 
0.068845 5.67528465873 0.20525102436 
0.069402 5.43319708943 0.19365138182 
0.069960 5.03138022821 0.20871846188 
0.070517 5.20554171833 0.20291610061 
0.071074 5.03952096975 0.18843537316 
0.071632 4.87317771477 0.19144702444 
0.072189 4.71909712510 0.19553346175 
0.072747 4.31409815709 0.19908703036 
0.073304 4.58542733649 0.19358387673 
0.073862 4.65087683223 0.19155273636 
0.074419 4.41385431959 0.19056698002 
0.074977 4.35355855536 0.18668177988 
0.075534 4.19294814764 0.19493020089 
0.076091 4.00226605048 0.18265787605 
0.076649 3.78344116506 0.18429615792 
0.077206 3.90282951791 0.18175117475 
0.077764 3.86118666988 0.18181395815 
0.078321 3.68370324834 0.17969038934 
0.078879 3.50421574017 0.18106513144 
0.079436 3.60129455344 0.18292550388 
0.079993 3.22511220265 0.18276817051 
0.080551 3.18725127751 0.17349380753 
0.081108 2.99122741398 0.17375630980 
0.081666 3.04772367633 0.17265083529 
0.082223 2.81033889650 0.17798769266 
0.082781 2.60002481211 0.16843064011 
0.083338 2.65866009669 0.17407981523 
0.083895 2.59395392190 0.16776563692 
0.084453 2.60610783198 0.16726515093 
0.085010 2.68555751519 0.17310975717 
0.085568 2.29408220381 0.16464069700 
0.086125 2.22959226643 0.16780015882 
0.086683 2.35161875835 0.16215717618 
0.087240 2.11467400157 0.16929164425 
0.087798 2.17011200778 0.16279836554 
0.088355 2.07037115873 0.16057848506 
0.088912 1.99053262553 0.16108699054 
0.089470 1.81509427155 0.16032827309 
0.090027 1.72199878282 0.16354480156 
0.090585 1.79390688711 0.15800798658 
0.091142 1.61107742063 0.16238564773 
0.091700 1.44075413168 0.15479331802 
0.092257 1.67565865414 0.15795284278 
0.092814 1.57932277136 0.14991285335 
0.093372 1.48784354430 0.15312599070 
0.093929 1.48778895773 0.15544955962 
0.094487 1.40799716572 0.15337988391 
0.095044 1.38104175509 0.15310848298 
0.095602 1.43713060483 0.15345487184 
0.096159 1.24199805519 0.14985278960 
0.096716 1.23801165972 0.15128773305 
0.097274 1.23740981452 0.14951963584 
0.097831 1.07851362228 0.15066189767 
0.098389 1.03441999955 0.14687694083 
0.098946 1.14738788473 0.15570794462 
0.099504 1.27292008034 0.15196928949 
0.100061 0.79528283449 0.14556161551 
0.100618 0.95185948577 0.14541129372 
0.101176 0.97035405880 0.14763321781 
0.101733 0.83595375406 0.14999800889 
0.102291 1.26151432024 0.14728285999 
0.102848 0.98630659478 0.14777901443 
0.103406 1.06769501838 0.13893026896 
0.103963 1.02461592815 0.14666598505 
0.104520 0.96003863795 0.14471389450 
0.105078 0.98609192586 0.14115970716 
0.105635 0.84207474890 0.14571939311 
0.106193 0.96048840657 0.14080564297 
0.106750 0.96168693153 0.14123595345 
0.107308 0.85831500906 0.13951946955 
0.107865 0.94460816921 0.13661290233 
0.108422 0.83208007493 0.14130793988 
0.108980 0.80038224789 0.13843500290 
0.109537 0.79530181870 0.13915333332 
0.110095 0.76845140394 0.13801158824 
0.110652 0.90297422257 0.13832600287 
0.111210 0.88438878451 0.13697999588 
0.111767 0.87028778967 0.13746361294 
0.112324 0.81127089421 0.13662908212 
0.112882 0.82174990010 0.13898584713 
0.113439 0.76206389120 0.13480117482 
0.113997 0.81007223458 0.13719218050 
0.114554 0.63729578195 0.13715085660 
0.115111 0.89005440945 0.13676921646 
0.115669 0.65237501812 0.13594062821 
0.116226 0.77641862042 0.13829349011 
0.116784 0.75519284185 0.13469811482 
0.117341 0.72703048907 0.13603056878 
0.117899 0.67531610910 0.13603524564 
0.118456 0.33130761009 0.13582809929 
0.119013 0.57204575020 0.13599429360 
0.119571 0.85102799549 0.12996120183 
0.120128 0.66592390403 0.12803134650 
0.120686 0.69702384181 0.13485856001 
0.121243 0.55299325260 0.12980055579 
0.121800 0.82337305269 0.13430046602 
0.122358 0.75751828135 0.13267568072 
0.122915 0.63603522836 0.13014378043 
0.123473 0.75715096653 0.12757175410 
0.124030 0.61259186024 0.12714901001 
0.124588 0.74923175645 0.13123030170 
0.125145 0.60130751307 0.12896990468 
0.125702 0.65833032381 0.12932924383 
0.126260 0.62143301755 0.13164425983 
0.126817 0.75493222696 0.12852872245 
0.127375 0.57383417511 0.12383568332 
0.127932 0.67635689588 0.12444235724 
0.128489 0.49555793583 0.12884041942 
0.129047 0.41397832178 0.12549564447 
0.129604 0.56487862716 0.12824936061 
0.130162 0.50822547711 0.12012915355 
0.130719 0.60201751801 0.12854275569 
0.131277 0.49830191510 0.12839030272 
0.131834 0.54154868504 0.12696242817 
0.132391 0.52649060192 0.12942513422 
0.132949 0.52221677932 0.12839935545 
0.133506 0.48767867297 0.12852276088 
0.134064 0.36283128548 0.13684639781 
0.134621 0.66809433223 0.13738161002 
0.135178 0.49855761086 0.13734189423 
0.135736 0.28073553193 0.14316468777 
0.136293 0.38595208546 0.13724154234 
0.136851 0.56687923917 0.13539039610 
0.137408 0.50726693208 0.13487081223 
0.137965 0.34891410771 0.13617546177 
0.138523 0.44936023194 0.13776784266 
0.139080 0.48015016301 0.13824174001 
0.139638 0.48696136613 0.13606558646 
0.140195 0.30027057623 0.13925940237 
0.140752 0.36253335648 0.13661051287 
0.141310 0.39945651293 0.13622696652 
0.141867 0.40553860507 0.14214210997 
0.142425 0.31245515134 0.14405253230 
0.142982 0.25685201083 0.13623866301 
0.143540 0.31419997381 0.13600788115 
0.144097 0.40018329132 0.13708062774 
0.144654 0.21747546596 0.13417713167 
0.145212 0.39205045022 0.13387399975 
0.145769 0.44454399785 0.13210361542 
0.146327 0.29059363451 0.12626402688 
0.146884 0.22413203676 0.12671855568 
0.147441 0.37216247368 0.12773522060 
0.147999 0.27657655397 0.12545714621 
0.148556 0.15679822503 0.12561632854 
0.149114 0.25382624751 0.12251364948 
0.149671 0.30293624635 0.12391657090 
0.150228 0.35455407045 0.12222004494 
0.150786 0.19027511231 0.12098100768 
0.151343 0.14644794407 0.12675796826 
0.151901 0.22181996234 0.12063889120 
0.152458 0.07523380739 0.12016982132 
0.153015 0.08689670857 0.12398212484 
0.153573 0.12211512769 0.12021235743 
0.154130 0.20424600627 0.12002926783 
0.154688 0.26081228506 0.12252746514 
0.155245 0.28990435767 0.12007866355 
0.155802 0.09104385105 0.11661812157 
0.156360 0.32408307071 0.11881896608 
0.156917 0.10669681596 0.11993811778 
0.157475 0.10817967191 0.12166950916 
0.158032 0.21339850278 0.11603238889 
0.158589 0.14079622614 0.11847431630 
0.159147 0.15912304107 0.11621591344 
0.159704 0.26912346830 0.11595403235 
0.160261 0.06625864916 0.11797986377 
0.160819 0.10412760075 0.11766293937 
0.161376 0.03419685140 0.11755567917 
0.161934 0.07520943580 0.11585045678 
0.162491 0.16054563141 0.11633879325 
0.163048 0.15380485778 0.11862955163 
0.163606 0.10456956509 0.11618491990 
0.164163 0.14730447442 0.11285307147 
0.164721 0.18342910280 0.11559265720 
0.165278 0.21058174021 0.11460699156 
0.165835 0.22765766734 0.11657878291 
0.166393 0.06838804523 0.11320132794 
0.166950 0.10326346244 0.11224237935 
0.167508 0.14520823269 0.11359974646 
0.168065 0.20038093185 0.11476352395 
0.168622 0.03108681558 0.11156413901 
0.169180 0.13945311990 0.11195618061 
0.169737 0.00269078944 0.11260481654 
0.170294 0.02764960243 0.11247326155 
0.170852 -0.00545202851 0.11103789745 
0.171409 0.06940960229 0.11146061472 
0.171967 -0.02728083270 0.11153642646 
0.172524 0.02132195099 0.11052494943 
0.173081 0.12214771866 0.11092732256 
0.173639 0.11081106949 0.11013362647 
0.174196 0.06331378555 0.11113760759 
0.174754 0.10844658065 0.11084946634 
0.175311 -0.04354097461 0.11008271031 
0.175868 0.04113807780 0.10846869522 
0.176426 0.16141360463 0.11129147051 
0.176983 0.15265264962 0.10555293435 
0.177540 0.12795875724 0.10758067227 
0.178098 0.16945404594 0.10875190656 
0.178655 0.06635469151 0.10758981043 
0.179213 -0.01546282831 0.10903023140 
0.179770 -0.01454785129 0.10750933311 
0.180327 0.02077633989 0.10878206425 
0.180885 0.13761148832 0.10507325199 
0.181442 0.14112818692 0.10767814547 
0.181999 0.07386871166 0.10908874911 
0.182557 0.11298154908 0.10549497665 
0.183114 0.10998524746 0.11037854975 
0.183672 0.19211732560 0.10415128437 
0.184229 0.08100304178 0.10684748435 
0.184786 0.05616440175 0.10571938624 
0.185344 0.14149608759 0.10767271910 
0.185901 0.11785888958 0.10738984406 
0.186458 0.04892237667 0.10189588073 
0.187016 0.02505579211 0.10518977746 
0.187573 0.05395244211 0.10833367409 
0.188131 0.10173368078 0.10611274166 
0.188688 0.10958552837 0.10685925436 
0.189245 0.19607318401 0.10261405406 
0.189803 0.15396142257 0.10570019140 
0.190360 0.14330328766 0.10564563974 
0.190917 0.05286152516 0.10494611302 
0.191475 0.10617839840 0.10691719004 
0.192032 0.05830914701 0.10527229413 
0.192590 0.17698809653 0.10334038969 
0.193147 0.13416581358 0.10675649392 
0.193704 0.00405502065 0.10215623109 
0.194262 0.13382269482 0.10172337605 
0.194819 0.11977466056 0.10234061238 
0.195376 0.02071348324 0.10212830581 
0.195934 0.18645377617 0.10275146253 
0.196491 0.06301404390 0.10531671198 
0.197048 0.14319017424 0.10239912967 
0.197606 -0.01591682406 0.10272917416 
0.198163 0.10260327315 0.10325551267 
0.198721 0.02541350816 0.09911858685 
0.199278 0.04601594087 0.10086514491 
0.199835 0.10927193827 0.10191693783 
0.200393 0.13578496804 0.10260446393 
0.200950 0.16343083771 0.10190468095 
0.201507 0.09711006320 0.10221608683 
0.202065 0.09444232717 0.10400209567 
0.202622 0.07550034785 0.10093614636 
0.203179 0.12292582219 0.09983127193 
0.203737 0.04302652311 0.10116156698 
0.204294 -0.02611282201 0.09837514367 
0.204851 0.06252012680 0.10143567527 
0.205409 0.14330105503 0.10337288363 
0.205966 0.16775357897 0.09987637874 
0.206524 0.13435715375 0.09881251000 
0.207081 -0.01814162274 0.09756828541 
0.207638 0.10164051270 0.10030182721 
0.208196 0.13286610791 0.09986802948 
0.208753 0.14065423556 0.09829755580 
0.209310 0.19644400224 0.09987782622 
0.209868 0.02572843898 0.09693720905 
0.210425 0.05344461754 0.09888387631 
0.210982 0.03806838991 0.09834423444 
0.211540 0.08852276386 0.09787718521 
0.212097 0.00819401182 0.09929182807 
0.212654 0.00221232661 0.09759736205 
0.213212 0.04079202241 0.10077991201 
0.213769 0.08246472001 0.09629179612 
0.214326 0.12845962627 0.09488673175 
0.214884 0.19861772382 0.09564033480 
0.215441 0.09200705814 0.09582778660 
0.215999 0.06185726189 0.09489204529 
0.216556 0.11780163889 0.09467454156 
0.217113 0.01314964475 0.09736248232 
0.217671 0.07714886336 0.09523133275 
0.218228 0.09418721869 0.09489720348 
0.218785 0.17369245194 0.09785578205 
0.219343 0.10230995739 0.09516480090 
0.219900 0.15351466259 0.09356343820 
0.220457 -0.01633739609 0.09466962622 
0.221015 0.09971286590 0.09222314346 
0.221572 0.08681607151 0.09476695400 
0.222129 0.06622578947 0.09460307350 
0.222687 0.09080736560 0.09707514949 
0.223244 0.04329169295 0.09622749990 
0.223801 0.04858872322 0.09373372870 
0.224359 0.06566034140 0.09359763258 
0.224916 0.12465221622 0.09222654801 
0.225473 0.06394551749 0.09108158521 
0.226031 0.22626478035 0.09239264203 
0.226588 0.03785497586 0.09240995360 
0.227145 0.14456716584 0.09294038508 
0.227703 0.14374564412 0.09231976945 
0.228260 0.15814502577 0.09501605560 
0.228817 0.12946337820 0.09515735936 
0.229375 0.08981699805 0.09554308827 
0.229932 0.00665041235 0.09173799109 
0.230489 0.04026956555 0.09152681455 
0.231047 0.11944735475 0.09186277266 
0.231604 0.17362892593 0.09110776555 
0.232161 0.12304919426 0.09336106436 
0.232719 0.20264381463 0.09088755510 
0.233276 0.08373636245 0.09162997472 
0.233833 0.15358877534 0.09216210549 
0.234391 0.19641642292 0.09356200569 
0.234948 0.11736578602 0.09130690050 
0.235505 0.06833030633 0.09057947811 
0.236063 0.06382393527 0.08904233863 
0.236620 0.12196058265 0.09092344447 
0.237177 0.20369646515 0.09041471351 
0.237735 0.21077925441 0.09157613794 
0.238292 0.02755846778 0.09012053589 
0.238849 0.15183347833 0.09114115220 
0.239407 0.03439713496 0.08997100163 
0.239964 0.09250252641 0.09209912768 
0.240521 0.12101797075 0.08983161868 
0.241079 0.10586991708 0.08890939422 
0.241636 0.05410372695 0.09177164770 
0.242193 0.05726060842 0.09148458688 
0.242750 0.19613515493 0.09239795678 
0.243308 0.07730475815 0.09154846917 
0.243865 0.14151606602 0.09065803653 
0.244422 0.10942729591 0.08774945378 
0.244980 0.00441471631 0.08849140314 
0.245537 0.04012868296 0.08912498831 
0.246094 0.07923363474 0.08949866346 
0.246652 0.07546912552 0.08873197816 
0.247209 0.04982074005 0.08767264480 
0.247766 0.12265482278 0.09021558942 
0.248324 0.09346009648 0.08888030417 
0.248881 0.11505693484 0.08808756419 
0.249438 0.07452873675 0.08824800073 
0.249996 -0.07002489307 0.08939932675 
0.250553 0.12360427343 0.08813990474 
0.251110 -0.00292530554 0.08899926643 
0.251667 0.04028931330 0.08758142895 
0.252225 0.04540519377 0.08706161226 
0.252782 -0.01878903304 0.08970091005 
0.253339 0.08585100563 0.08843755184 
0.253897 0.07100257354 0.08923647895 
0.254454 0.08085707052 0.08655575389 
0.255011 0.13064008692 0.08636023621 
0.255569 0.04986100518 0.08541742236 
0.256126 0.09462541187 0.08677086999 
0.256683 0.00098229167 0.08944935879 
0.257241 0.04728996832 0.08769289242 
0.257798 0.00340558374 0.08713265232 
0.258355 0.09154644344 0.08596954594 
0.258912 0.03123448960 0.08540361360 
0.259470 0.14776952152 0.08672178109 
0.260027 0.12529568795 0.08705939283 
0.260584 0.14580037712 0.08556060605 
0.261142 0.03263139085 0.08727390480 
0.261699 0.04004621054 0.08725574213 
0.262256 0.15394589839 0.08577686771 
0.262814 -0.08238130770 0.08572145954 
0.263371 0.01715849436 0.08576163995 
0.263928 0.04003748097 0.08448484429 
0.264485 -0.01650801976 0.08592473884 
0.265043 0.07303030343 0.08503989409 
0.265600 0.16718379713 0.08463930685 
0.266157 0.11477059214 0.08470798884 
0.266715 0.04396371342 0.08454430066 
0.267272 0.00897094479 0.08457555863 
0.267829 0.01881783306 0.08615400640 
0.268386 0.19625973740 0.08529137469 
0.268944 0.11405154817 0.08768414885 
0.269501 0.08681491618 0.08519864439 
0.270058 0.15560823668 0.08474573272 
0.270616 0.08497598770 0.08502281017 
0.271173 0.14418519439 0.08466250433 
0.271730 0.08055654594 0.08751700132 
0.272287 0.03512052882 0.08806088437 
0.272845 0.07951407516 0.09061861129 
0.273402 0.01904347243 0.08865611346 
0.273959 0.03397242597 0.08772458556 
0.274517 0.05507764294 0.08992427128 
0.275074 0.03456990702 0.08767252727 
0.275631 0.04835974650 0.08977281996 
0.276188 0.09068399473 0.08771557410 
0.276746 0.13066271542 0.08898690262 
0.277303 -0.10867099250 0.09192032745 
0.277860 0.14673071882 0.09014142575 
0.278418 -0.00112923733 0.09044305265 
0.278975 0.13361831921 0.09041879259 
0.279532 0.03516089241 0.09037243289 
0.280089 0.15851356986 0.08972598366 
0.280647 0.04021051346 0.09267760746 
0.281204 0.16079987031 0.09044802498 
0.281761 0.06326914833 0.09083586088 
0.282318 0.04006094251 0.08936970646 
0.282876 0.06556732830 0.08886894048 
0.283433 0.03538799193 0.08904464469 
0.283990 0.09812066876 0.08823847575 
0.284548 0.08684092513 0.08635116166 
0.285105 0.08998758588 0.08680936214 
0.285662 0.11135582983 0.08553386606 
0.286219 0.06823201060 0.08638496816 
0.286777 -0.00431731891 0.08387177827 
0.287334 0.03582300313 0.08491264023 
0.287891 0.06751278431 0.08579180964 
0.288448 0.07739588169 0.08572840513 
0.289006 -0.01151801584 0.08573768058 
0.289563 -0.01840998933 0.08703033097 
0.290120 -0.01922742519 0.08482233809 
0.290677 0.01612817107 0.08507467653 
0.291235 0.19819304783 0.08549753326 
0.291792 0.10935560357 0.08398675195 
0.292349 0.05557170970 0.08566492768 
0.292906 0.04040677581 0.08651887376 
0.293464 -0.04315222975 0.08500500288 
0.294021 0.05765693786 0.08536782355 
0.294578 0.08615733673 0.08690808890 
0.295136 -0.02358305492 0.08699823032 
0.295693 0.10196473099 0.08533047325 
0.296250 0.09898768038 0.08570824820 
0.296807 0.10207432301 0.08698314575 
0.297365 0.01352975703 0.08718369260 
0.297922 0.12200907307 0.08703456529 
0.298479 0.04553489384 0.08713961642 
0.299036 -0.04719482656 0.08593489891 
0.299594 0.08073986403 0.08455193776 
0.300151 0.12310498408 0.08647824153 
0.300708 0.03556816516 0.08645739554 
0.301265 0.06209370442 0.08541239888 
0.301823 0.07680036061 0.08608288857 
0.302380 -0.05518068736 0.08676868395 
0.302937 0.08785132956 0.08617241432 
0.303494 0.16656881743 0.08696119462 
0.304052 0.13150709593 0.08525061736 
0.304609 0.01274567973 0.08588805700 
0.305166 0.07012674433 0.08589102318 
0.305723 0.01965371901 0.08607114529 
0.306280 0.10839914141 0.08634598465 
0.306838 0.10936392037 0.08806137143 
0.307395 0.19429210170 0.08529596563 
0.307952 0.08139556864 0.08536034262 
0.308509 0.12889849594 0.08641090123 
0.309067 0.16538226299 0.08685837704 
0.309624 0.00975765254 0.08490646067 
0.310181 -0.05840321594 0.08731479636 
0.310738 0.01964360330 0.08460752215 
0.311296 0.12005037356 0.08566570928 
0.311853 0.05874059482 0.08471228882 
0.312410 0.15465492858 0.08511980876 
0.312967 0.04670547558 0.08629864721 
0.313525 0.04337206526 0.08713791671 
0.314082 0.14728392799 0.08578855148 
0.314639 0.02555871163 0.08665763906 
0.315196 0.16141513509 0.08783265402 
0.315753 0.12109423758 0.08712886781 
0.316311 0.14195268482 0.08679326020 
0.316868 0.21305417979 0.08604734333 
0.317425 0.02566084418 0.08573424992 
0.317982 0.06101615817 0.08596816024 
0.318540 -0.00922544865 0.08729142121 
0.319097 0.07342490211 0.08797823797 
0.319654 0.02580787712 0.08832165685 
0.320211 -0.02177660648 0.08586137349 
0.320768 -0.00969598164 0.08712721953 
0.321326 0.02060212364 0.08702224354 
0.321883 0.07060438567 0.08620952897 
0.322440 0.06502111831 0.08642931624 
0.322997 0.03996454404 0.08720905555 
0.323555 -0.00270940497 0.08572548472 
0.324112 0.03769241541 0.08791856334 
0.324669 0.11317565211 0.08605554303 
0.325226 0.00928968045 0.08649542927 
0.325783 0.02538647500 0.08618559122 
0.326341 0.09618809519 0.08705275031 
0.326898 -0.00681524800 0.08830682930 
0.327455 -0.03183988716 0.08849740361 
0.328012 0.08765457991 0.08693939237 
0.328569 0.11048059148 0.08701265263 
0.329127 0.01195787155 0.08966622136 
0.329684 0.03409291895 0.08811325067 
0.330241 0.13542845064 0.08995691083 
0.330798 0.04936935783 0.08862253332 
0.331355 -0.00258432114 0.08883320043 
0.331913 0.13144728564 0.08761491073 
0.332470 0.09892506645 0.08898536037 
0.333027 -0.02181767434 0.09066635536 
0.333584 0.12379750007 0.09230561139 
0.334141 0.11265578923 0.08933598952 
0.334699 0.10824214527 0.09046622669 
0.335256 0.14889218006 0.08954595010 
0.335813 0.05158762121 0.09116369862 
0.336370 0.12423642425 0.08934256597 
0.336927 -0.01041996095 0.09158519351 
0.337485 0.10082505105 0.09204737990 
0.338042 0.13959027956 0.09262073179 
0.338599 0.00188455823 0.09156864409 
0.339156 0.03170084195 0.09288043545 
0.339713 0.02063868022 0.09322662793 
0.340271 0.04144696951 0.09295791567 
0.340828 0.17309790153 0.09429215422 
0.341385 0.15805198844 0.09482790051 
0.341942 0.16525040898 0.09416748668 
0.342499 0.02954109359 0.09349988291 
0.343057 0.05311507235 0.09552459497 
0.343614 0.11382015796 0.09498037173 
0.344171 -0.01049422394 0.09561960843 
0.344728 -0.03641892055 0.09352027840 
0.345285 0.06957785761 0.09568525810 
0.345842 0.07603268061 0.09459626877 
0.346400 0.13003583868 0.09364872683 
0.346957 0.06759776728 0.09568643976 
0.347514 0.08262301753 0.09630112400 
0.348071 0.12687169254 0.09648468187 
0.348628 0.19144650083 0.09707779047 
0.349186 0.10335496645 0.09672345961 
0.349743 0.10021956558 0.09814760100 
0.350300 0.21146237065 0.09633131992 
0.350857 -0.02783276886 0.09711329845 
0.351414 0.03722941529 0.09783086087 
0.351971 0.13342367342 0.09921906101 
0.352529 -0.02906607312 0.09904060029 
0.353086 -0.01783435131 0.09845167979 
0.353643 0.19003374620 0.10191100408 
0.354200 0.18645991897 0.09997520144 
0.354757 0.06365747485 0.10300102282 
0.355314 0.00943167260 0.10273512991 
0.355872 0.05973550523 0.10232083066 
0.356429 0.05537936949 0.10395223401 
0.356986 0.00773905726 0.10398929405 
0.357543 0.11565098281 0.10217908798 
0.358100 -0.06414482888 0.10454021449 
0.358657 0.05650394300 0.10428414714 
0.359215 0.11008797465 0.10464983087 
0.359772 0.14780301562 0.10599971071 
0.360329 0.23553686963 0.10393016306 
0.360886 0.15061870620 0.10340529944 
0.361443 0.15324776679 0.10539015035 
0.362000 0.06664822962 0.10214487330 
0.362558 0.10277228923 0.10381768445 
0.363115 0.18231500712 0.10375761838 
0.363672 -0.03393801279 0.10245367702 
0.364229 0.11255731469 0.10311205148 
0.364786 0.08294271322 0.09981805594 
0.365343 0.03150713150 0.10353715076 
0.365900 0.05091419654 0.10391163876 
0.366458 0.04913102600 0.10237206785 
0.367015 0.14024329569 0.10269069093 
0.367572 0.08219967589 0.10482408722 
0.368129 0.01173193876 0.10256077926 
0.368686 0.03815900382 0.09880702699 
0.369243 0.04608952200 0.10404895110 
0.369801 0.11681426898 0.09854048928 
0.370358 0.08255206968 0.10131002099 
0.370915 0.13066315033 0.09938954871 
0.371472 -0.00046453644 0.10241942128 
0.372029 0.04731973760 0.09929586868 
0.372586 0.11781022221 0.09827432994 
0.373143 0.07780877000 0.09889147055 
0.373700 0.01762821036 0.09756879450 
0.374258 0.06895913566 0.09613352945 
0.374815 0.12845178642 0.09785985626 
0.375372 -0.01666180027 0.10001075555 
0.375929 0.08241243616 0.09789564965 
0.376486 -0.05488774997 0.09736893513 
0.377043 0.17973418342 0.09717286383 
0.377600 -0.00689560071 0.09486720834 
0.378158 0.07032548342 0.09276097774 
0.378715 0.10023542067 0.09765030794 
0.379272 -0.05652974256 0.09533501948 
0.379829 0.05417765232 0.09497868819 
0.380386 0.04529691932 0.09547180367 
0.380943 0.00725723026 0.09378302704 
0.381500 -0.03203182328 0.09326554550 
0.382057 0.12128539220 0.09227609739 
0.382615 0.15121532969 0.09467864687 
0.383172 0.01664108127 0.09353781966 
0.383729 0.07416444608 0.09306321897 
0.384286 0.01247269963 0.09257764270 
0.384843 0.13276092024 0.09101304349 
0.385400 0.07893989736 0.09335859264 
0.385957 0.11818529718 0.09270900394 
0.386514 0.04067037225 0.09170884727 
0.387072 -0.02899545691 0.09036889368 
0.387629 0.02235683571 0.09273804801 
0.388186 0.09503763945 0.08987129944 
0.388743 -0.01922717317 0.09249274093 
0.389300 0.03481951678 0.09190724543 
0.389857 0.18338305596 0.09150683956 
0.390414 0.16267906229 0.09073562213 
0.390971 0.18201215760 0.08887681210 
0.391528 0.00908190916 0.09254711499 
0.392086 0.09723844715 0.08975101859 
0.392643 -0.00194855577 0.09092396589 
0.393200 0.05277149250 0.08965890216 
0.393757 0.08915900187 0.08948371148 
0.394314 0.15075238787 0.09052263626 
0.394871 0.00587808714 0.08859223520 
0.395428 0.06560193412 0.08852114584 
0.395985 0.11206079482 0.09003895078 
0.396542 0.05800163478 0.09124178462 
0.397099 -0.04172993331 0.09011284011 
0.397657 -0.02506153382 0.08932717557 
0.398214 0.15408470393 0.08959758368 
0.398771 0.06600612918 0.08915293588 
0.399328 0.00872618987 0.08801041762 
0.399885 0.14106124589 0.08745334336 
0.400442 0.12712034155 0.09004032395 
0.400999 -0.05351558530 0.09187151242 
0.401556 0.12040673333 0.09372363761 
0.402113 -0.02423484791 0.09153958010 
0.402670 0.02673852408 0.09408726482 
0.403227 -0.01532492980 0.09445587201 
0.403785 0.05887412008 0.09644396084 
0.404342 -0.03947668437 0.09706005243 
0.404899 0.05520388114 0.10072641249 
0.405456 -0.06632657578 0.09794041576 
0.406013 0.21954684687 0.09804145148 
0.406570 0.01069320766 0.09981590012 
0.407127 0.14825807982 0.10068057554 
0.407684 -0.01743292367 0.09932224227 
0.408241 -0.02614708975 0.10384780945 
0.408798 0.18378574669 0.10350631183 
0.409355 0.11328357149 0.10734838710 
0.409912 0.19410135669 0.10842113646 
0.410469 0.19364959988 0.10884463828 
0.411027 0.08436224059 0.10597956534 
0.411584 0.03521843301 0.10772817551 
0.412141 0.00297130280 0.11052772546 
0.412698 0.11771191430 0.11105377392 
0.413255 0.10539173004 0.11250974608 
0.413812 0.07311507486 0.11206223200 
0.414369 -0.05185631692 0.11547167450 
0.414926 0.00381680388 0.11185984110 
0.415483 -0.00745409575 0.11380492084 
0.416040 0.19603836568 0.11299742044 
0.416597 0.20074544803 0.11448051981 
0.417154 0.07253465570 0.11552076803 
0.417711 -0.08274141369 0.11732022451 
0.418268 0.03715321780 0.11672420666 
0.418825 0.21303470117 0.11439368926 
0.419382 0.14407555456 0.11105586950 
0.419940 0.14162134992 0.11407126106 
0.420497 0.19927474015 0.11270154493 
0.421054 0.04624041164 0.11617794361 
0.421611 0.13776297869 0.11404705542 
0.422168 0.12510393911 0.11283506926 
0.422725 -0.03619263574 0.11429454019 
0.423282 0.14780027544 0.11109158144 
0.423839 0.07088762364 0.11370058231 
0.424396 -0.10348670629 0.11220585492 
0.424953 -0.01976363471 0.11699038397 
0.425510 0.07162755629 0.11847642050 
0.426067 0.05829452886 0.11580128848 
0.426624 0.02360433799 0.11317814875 
0.427181 0.13535607104 0.11216473276 
0.427738 -0.02411698119 0.11656349304 
0.428295 0.13376536905 0.11696770325 
0.428852 0.04109997778 0.11937518536 
0.429409 0.04651092073 0.11237214779 
0.429966 0.03913860541 0.11606914467 
0.430523 0.11034182933 0.11515423621 
0.431080 0.04538927734 0.11569149484 
0.431637 0.14532943789 0.11742250134 
0.432194 0.14596950197 0.11834454065 
0.432752 0.15176068394 0.11825070770 
0.433309 0.06162623669 0.11688365091 
0.433866 0.17748711973 0.11968711882 
0.434423 -0.07862357512 0.11587971604 
0.434980 -0.00324835047 0.11760109380 
0.435537 0.01422013388 0.12264404648 
0.436094 0.18993402272 0.11894116082 
0.436651 0.16298063116 0.11802110646 
0.437208 0.14997007051 0.11701043342 
0.437765 -0.05432568584 0.12156348529 
0.438322 0.08995018511 0.11990840120 
0.438879 0.05435062505 0.12332664446 
0.439436 -0.10168960799 0.12225576238 
0.439993 -0.05401479306 0.12378754942 
0.440550 0.04465911693 0.11944133143 
0.441107 0.12506553309 0.12280201866 
0.441664 0.04344989379 0.12454877779 
0.442221 0.09257323108 0.12242108869 
0.442778 0.10955493500 0.12375961447 
0.443335 0.07371321726 0.12431658970 
0.443892 0.12290548533 0.12159705150 
0.444449 0.04212837925 0.12221143462 
0.445006 0.05372551323 0.12303878139 
0.445563 0.10279871094 0.12656272464 
0.446120 0.16714805815 0.13090659866 
0.446677 0.04224023079 0.12237934008 
0.447234 0.02460555483 0.12559755627 
0.447791 0.07436029379 0.12050215925 
0.448348 0.08673671379 0.12582670928 
0.448905 -0.00120266143 0.12041224115 
0.449462 0.06057137473 0.12698234740 
0.450019 0.09323031074 0.12917987638 
0.450576 0.01508099941 0.12540038075 
0.451133 0.12290848213 0.12395026853 
0.451690 0.08632173914 0.12493563658 
0.452247 0.08850701157 0.12352718258 
0.452804 0.03392482419 0.12236086015 
0.453361 0.19573254530 0.12214832728 
0.453918 0.00566377269 0.12328854468 
0.454475 0.13159989530 0.12452137457 
0.455032 -0.00604406661 0.12327214551 
0.455589 0.02482756951 0.12508470990 
0.456146 -0.03355885605 0.12411542904 
0.456703 -0.15715435981 0.12152346710 
0.457260 0.12156240064 0.11412243460 
0.457817 0.19142360526 0.12110836485 
0.458374 0.05769263248 0.12514373121 
0.458931 0.19418962706 0.12204133684 
0.459488 0.17978089949 0.12199530976 
0.460045 0.13038362445 0.12415890226 
0.460602 -0.05461576637 0.12206712986 
0.461159 0.03600369845 0.12415545332 
0.461716 0.01246936973 0.11957546672 
0.462273 -0.02430375956 0.12576927745 
0.462830 0.07353615220 0.12137645713 
0.463387 0.14384912983 0.12251181092 
0.463943 0.13990551931 0.12698841723 
0.464500 0.02340086790 0.12039908605 
0.465057 -0.09606975729 0.11907642594 
0.465614 0.12528161705 0.12084744762 
0.466171 0.10985831976 0.12358368318 
0.466728 -0.07492327478 0.12543135417 
0.467285 0.20028785188 0.12641088053 
0.467842 0.08711368204 0.12276192152 
0.468399 0.11586803642 0.12352135617 
0.468956 0.05930105420 0.12478943857 
0.469513 0.20720161535 0.12282034566 
0.470070 0.05370962924 0.12005438665 
0.470627 0.03175082942 0.12530411445 
0.471184 0.07349474061 0.12422451282 
0.471741 0.19273018363 0.12543157704 
0.472298 0.05067419172 0.12527819133 
0.472855 0.10978824955 0.12361413533 
0.473412 -0.05841669469 0.12344952236 
0.473969 0.07707360121 0.11952086816 
0.474526 -0.05567470465 0.11854596081 
0.475083 0.02010599352 0.12062000974 
0.475640 -0.00816068433 0.12165875534 
0.476196 0.15383097732 0.12243683900 
0.476753 -0.08508079037 0.12394496897 
0.477310 0.09669706588 0.12531674985 
0.477867 0.18638121625 0.12280575643 
0.478424 0.02777994895 0.12136842823 
0.478981 0.00467920568 0.12158505108 
0.479538 0.07908656676 0.12716026523 
0.480095 -0.11289776898 0.12094306153 
0.480652 0.22780554520 0.12591270166 
0.481209 0.12068961943 0.12523055998 
0.481766 0.13119601610 0.12205645074 
0.482323 0.00303209333 0.11707144951 
0.482880 0.13014410410 0.12068377345 
0.483437 -0.01739813959 0.12095286017 
0.483994 0.08116281048 0.12333351091 
0.484550 0.08804496795 0.12189109490 
0.485107 0.16571761707 0.12103442879 
0.485664 0.13226967464 0.12121984724 
0.486221 0.21710932161 0.12204156417 
0.486778 0.02511753808 0.12332520795 
0.487335 0.10011549001 0.12176253752 
0.487892 0.17114592109 0.12197294116 
0.488449 0.18438674818 0.12256183567 
0.489006 0.11632306805 0.11763051336 
0.489563 -0.05091896924 0.12188186878 
0.490120 0.05611607233 0.11851750479 
0.490677 0.01596904024 0.12332890803 
0.491233 0.05324874282 0.12311854960 
0.491790 -0.04128731404 0.12144792198 
0.492347 0.06433333268 0.12102451366 
0.492904 0.15018737837 0.11937230741 
0.493461 0.06787089187 0.12006637577 
0.494018 0.03313574898 0.12237102278 
0.494575 0.00363521385 0.12237932191 
0.495132 -0.02607202244 0.12231840393 
0.495689 -0.00805200966 0.11914452656 
0.496246 -0.05374635890 0.12266065097 
0.496802 0.05463128067 0.12154369463 
0.497359 0.00827767479 0.12193188569 
0.497916 0.02308501191 0.11962957519 
0.498473 0.06052423393 0.12084438020 
0.499030 -0.15082694707 0.11798372818 
0.499587 -0.06080396352 0.11898954101 
0.500144 0.05034034780 0.12320542204 
0.500701 0.25749142081 0.12068259548 
0.501258 -0.06744685198 0.12368485109 
0.501815 0.08475806149 0.12247167235 
0.502371 -0.12296369877 0.11967979034 
0.502928 0.03243996746 0.11857756590 
0.503485 0.28727465014 0.11991096234 
0.504042 0.04174316989 0.12378647556 
0.504599 0.06946992019 0.12326101160 
0.505156 0.06215698950 0.12050911960 
0.505713 0.13760530286 0.11622364329 
0.506270 0.14692643258 0.12032252781 
0.506826 -0.07891721803 0.12034946464 
0.507383 0.03272717234 0.11953736176 
0.507940 0.12485516584 0.12088067649 
0.508497 0.15215031243 0.12626811130 
0.509054 0.09715635732 0.12101381704 
0.509611 0.09550741174 0.12156356049 
0.510168 0.23191954521 0.12205183825 
0.510725 0.09712229727 0.12239566232 
0.511281 0.14184105328 0.12641569328 
0.511838 0.06481799346 0.12480893343 
0.512395 0.24560999434 0.12466396876 
0.512952 0.00977866495 0.12780002821 
0.513509 -0.05403121229 0.12357682143 
0.514066 0.07473781930 0.12321312017 
0.514623 0.04986902646 0.12844971676 
0.515179 0.06407572799 0.12939546540 
0.515736 0.24349283705 0.12567528208 
0.516293 0.18645038749 0.12788728944 
0.516850 0.02745159838 0.12761744160 
0.517407 0.06533377076 0.12545629526 
0.517964 0.18199039761 0.12876518641 
0.518521 0.20486760504 0.12814816010 
0.519077 0.10399466608 0.12771249347 
0.519634 0.01126964641 0.12804369255 
0.520191 0.04319196335 0.12995578337 
0.520748 0.12341086971 0.12964694751 
0.521305 0.04308760409 0.13034613482 
0.521862 0.03927543144 0.13224333017 
0.522418 0.12866078659 0.13664770520 
0.522975 -0.04881921946 0.13719802517 
0.523532 0.01011242606 0.13720189901 
0.524089 -0.02468581393 0.13859873974 
0.524646 0.16261950203 0.13679093207 
0.525203 -0.08336912007 0.14121575342 
0.525759 0.15980390244 0.14257448385 
0.526316 0.15569136515 0.13924191747 
0.526873 0.08464341672 0.14141449013 
0.527430 -0.17233513206 0.14242946062 
0.527987 0.03514836921 0.13969304065 
0.528544 0.22453948409 0.14652769544 
0.529100 -0.04978102892 0.14269414240 
0.529657 0.05636696994 0.14119985299 
0.530214 -0.06258046441 0.14556540738 
0.530771 0.15934588482 0.14594270600 
0.531328 -0.05085790363 0.14895839797 
0.531884 0.03044977303 0.14946091561 
0.532441 -0.05489368600 0.15014784498 
0.532998 0.00588841693 0.14737092152 
0.533555 -0.01074424124 0.14746288217 
0.534112 0.13097580104 0.15164407950 
0.534669 0.17727641603 0.15664905783 
0.535225 0.15550641545 0.15504182321 
0.535782 0.02528423084 0.16323581503 
0.536339 0.13455358918 0.16630517426 
0.536896 -0.05322225579 0.17029336252 
0.537453 0.21667015224 0.16445400947 
0.538009 0.24653254232 0.16765086175 
0.538566 -0.02402131604 0.16282782660 
0.539123 0.17872049406 0.17767291643 
0.539680 -0.03922754683 0.18414631028 
0.540237 0.05777681910 0.18401644606 
0.540793 0.20332208618 0.20041280016 
0.541350 0.41812594576 0.21447537299 
0.541907 0.19714210393 0.22846031980 
0.542464 0.01892263469 0.28696681471 
0.543021 -0.07767018894 0.42653608912 
