0.011985 168.85159906493 0.00000000000 
0.012543 170.48146485892 12.57545255120 
0.013100 151.08843394858 11.83756794994 
0.013658 146.65101961303 10.31922828517 
0.014215 142.99787388427 9.11914401663 
0.014772 142.41291533640 6.99366605947 
0.015330 139.04560693944 5.14631626814 
0.015887 134.69521990028 5.05461051434 
0.016445 131.87998482933 4.22244262825 
0.017002 129.47136458968 3.96721182216 
0.017560 126.56250688548 3.40650329860 
0.018117 121.33497831834 2.96540406750 
0.018675 118.08992357656 2.44817766847 
0.019232 114.37312378834 2.79458068413 
0.019789 111.40362620906 2.14983015204 
0.020347 107.42672729718 1.92797395031 
0.020904 104.44810970329 1.80977144629 
0.021462 101.51024316499 1.69078840944 
0.022019 98.02102728479 1.38660195020 
0.022577 93.67830360511 1.30352148772 
0.023134 91.09411617165 1.27883924438 
0.023692 88.13375483941 1.32379626537 
0.024249 84.56514129991 1.11195871491 
0.024807 81.09117809966 1.17114018725 
0.025364 79.10102294151 1.01440466127 
0.025921 75.40826785024 1.04619837755 
0.026479 72.41834375647 0.94171848245 
0.027036 70.18499287924 0.89814513436 
0.027594 67.28256065827 0.77726947554 
0.028151 64.29267504874 0.79368369414 
0.028709 61.30667632146 0.72139750084 
0.029266 59.38132135542 0.69666291172 
0.029824 56.01536284682 0.67007018568 
0.030381 54.24863067862 0.68888266375 
0.030938 51.79346089274 0.58965844468 
0.031496 48.86716295775 0.59311064754 
0.032053 47.13123596424 0.49233934586 
0.032611 45.06803157035 0.53509972102 
0.033168 43.62173666305 0.54582097834 
0.033726 41.08154247145 0.50138935163 
0.034283 38.89879675792 0.51697021595 
0.034841 37.07367928099 0.47906520132 
0.035398 35.88410269778 0.51274571767 
0.035955 34.73653423131 0.46538390969 
0.036513 32.71696045503 0.45597226427 
0.037070 29.92910137156 0.39635463440 
0.037628 29.23425374583 0.41333523199 
0.038185 28.10417727324 0.43391065590 
0.038743 26.85903645191 0.41942804322 
0.039300 26.28177803110 0.41211397147 
0.039858 24.42670795796 0.37958406626 
0.040415 23.42260615850 0.38179145163 
0.040973 22.15996317651 0.37914363440 
0.041530 21.60482601140 0.36464498762 
0.042087 20.07263115652 0.34906935703 
0.042645 19.56267165415 0.35090113190 
0.043202 18.77058741530 0.33298874057 
0.043760 17.86915871361 0.35163926732 
0.044317 17.12914798025 0.34435702195 
0.044875 16.03841763859 0.31837158177 
0.045432 15.58726879545 0.33854559537 
0.045990 15.07324230147 0.30826199755 
0.046547 14.56505028779 0.31716981938 
0.047104 14.10074821729 0.31127070710 
0.047662 12.93379317433 0.30074836504 
0.048219 12.39491343348 0.29677609773 
0.048777 12.05910570400 0.29254459576 
0.049334 11.58313164342 0.28508373408 
0.049892 11.76942355561 0.29727811208 
0.050449 11.13656056130 0.28521419028 
0.051007 10.65388202228 0.27749593299 
0.051564 10.31740749198 0.27536487555 
0.052121 9.59817723252 0.27028378163 
0.052679 9.87501012948 0.25540496353 
0.053236 9.75959477098 0.25972384027 
0.053794 9.46976727406 0.26616474220 
0.054351 9.14837765091 0.25971438056 
0.054909 8.89144346312 0.25801939518 
0.055466 8.99433930804 0.25086951990 
0.056024 8.64542249933 0.26366441929 
0.056581 8.44739303855 0.25399618813 
0.057138 7.98638375327 0.25441507719 
0.057696 7.98220468425 0.23914552134 
0.058253 7.83925419068 0.23490306350 
0.058811 7.68258206339 0.24892839134 
0.059368 7.60463498400 0.24585081414 
0.059926 7.42983331360 0.23188953304 
0.060483 7.53970442828 0.22803369874 
0.061041 6.82202090286 0.22090615378 
0.061598 7.08074371402 0.23980958086 
0.062155 6.70016581472 0.22829303796 
0.062713 6.61858368752 0.23229155261 
0.063270 6.90765825356 0.22227160032 
0.063828 6.49570320220 0.22162300623 
0.064385 6.57702519720 0.22440686202 
0.064943 6.52196724189 0.22182774421 
0.065500 6.10492493860 0.21037099315 
0.066057 6.05923907686 0.22137017928 
0.066615 5.97187173244 0.21293173968 
0.067172 5.91846774255 0.22406265966 
0.067730 5.79106140591 0.21408870328 
0.068287 5.94465629004 0.20595438693 
0.068845 5.56261308755 0.19995000959 
0.069402 5.36275904524 0.20812719252 
0.069960 5.21061347968 0.19909004252 
0.070517 5.43346180981 0.19917070892 
0.071074 5.27847753549 0.19545298418 
0.071632 4.90387123170 0.19931643883 
0.072189 4.83628465180 0.19112506614 
0.072747 4.86339788536 0.19490751195 
0.073304 4.48252618449 0.18773350084 
0.073862 4.51656436896 0.19248649743 
0.074419 4.31330931457 0.18844697980 
0.074977 4.36771642156 0.18241315637 
0.075534 4.26279156857 0.18529227719 
0.076091 4.28628000859 0.18606361839 
0.076649 4.00623952662 0.18537036383 
0.077206 3.89415684835 0.18787659515 
0.077764 3.55669308863 0.18273165263 
0.078321 3.72037338985 0.18726515319 
0.078879 3.53779502253 0.18369142644 
0.079436 3.19077534169 0.18269332647 
0.079993 3.38988797651 0.18042792372 
0.080551 3.19249406392 0.17513631558 
0.081108 3.20107222771 0.17673120329 
0.081666 3.08117849562 0.17222239788 
0.082223 3.13843206750 0.18229215974 
0.082781 2.77424343944 0.17436839400 
0.083338 2.79452541853 0.17635262381 
0.083895 2.59534609832 0.17003155047 
0.084453 2.57943206669 0.17029819918 
0.085010 2.35319902085 0.17892374448 
0.085568 2.42583437649 0.16933855564 
0.086125 2.28735458613 0.17132526926 
0.086683 2.53908498020 0.16251103843 
0.087240 2.11820908626 0.16767783195 
0.087798 2.15680084467 0.16311669517 
0.088355 2.06821250347 0.16161282205 
0.088912 1.93372980578 0.16535464375 
0.089470 1.89050778047 0.16106467546 
0.090027 1.90506301365 0.16301258056 
0.090585 1.88516904264 0.16062020214 
0.091142 1.60764025315 0.15822175874 
0.091700 1.55123705250 0.15536052195 
0.092257 1.62081977559 0.15349474990 
0.092814 1.58603413232 0.15183363030 
0.093372 1.54427070697 0.16429123181 
0.093929 1.71702326324 0.15090440244 
0.094487 1.45292201315 0.15893151914 
0.095044 1.40073079954 0.15371646590 
0.095602 1.42954637389 0.15201392024 
0.096159 1.34480248225 0.15470020674 
0.096716 1.18024710911 0.14687410032 
0.097274 1.09149101904 0.15110124399 
0.097831 1.23572410970 0.15395396817 
0.098389 1.08115827230 0.14739068473 
0.098946 1.37128343091 0.15144035247 
0.099504 1.11468497955 0.14887549834 
0.100061 1.29254446654 0.14216134128 
0.100618 1.01240689241 0.14073578584 
0.101176 0.94273093282 0.14825568574 
0.101733 1.12218885661 0.14606358574 
0.102291 1.25449898227 0.14863463064 
0.102848 1.00492442990 0.14254187020 
0.103406 1.03581142527 0.14935635483 
0.103963 1.09276432815 0.14425000959 
0.104520 1.05017138244 0.14544796205 
0.105078 0.92786294815 0.14624406205 
0.105635 0.73712984053 0.13903880684 
0.106193 1.02740168381 0.14206740527 
0.106750 0.82364554431 0.14397421139 
0.107308 0.91218793537 0.14159044551 
0.107865 0.87200677678 0.13454415968 
0.108422 0.69160593517 0.13772081280 
0.108980 0.95778338610 0.13782739947 
0.109537 0.94037320319 0.14126979395 
0.110095 0.89288946445 0.13910341177 
0.110652 0.72633371601 0.13998028111 
0.111210 0.97210162107 0.13708492442 
0.111767 0.73533376145 0.13559916117 
0.112324 0.89867952430 0.13772037513 
0.112882 0.76326112267 0.13939327022 
0.113439 1.00116324544 0.14051079325 
0.113997 0.96512084393 0.13930963455 
0.114554 0.92200651233 0.13692615925 
0.115111 0.72530415096 0.13395729977 
0.115669 0.73445390463 0.13216013536 
0.116226 0.70904130885 0.13490574388 
0.116784 0.74085230689 0.13223308582 
0.117341 0.70381375585 0.13811671566 
0.117899 0.75239794542 0.13201282846 
0.118456 0.78076115516 0.13358750024 
0.119013 0.73214111068 0.13648603380 
0.119571 0.75155678685 0.13201834784 
0.120128 0.91911513379 0.13277256657 
0.120686 0.71483377375 0.13105319846 
0.121243 0.52559278179 0.12871807626 
0.121800 0.76505446794 0.12940028271 
0.122358 0.54264205292 0.13320659479 
0.122915 0.60358834773 0.12885074360 
0.123473 0.59201942253 0.12925901093 
0.124030 0.62683146783 0.12826824303 
0.124588 0.72467053757 0.12810500101 
0.125145 0.64488761354 0.13302139960 
0.125702 0.55356259315 0.12565303095 
0.126260 0.61719826542 0.12741404987 
0.126817 0.64189007257 0.12744053023 
0.127375 0.59657142256 0.12854996616 
0.127932 0.62707707632 0.12827462688 
0.128489 0.61793169593 0.13057686421 
0.129047 0.68140881525 0.12373282444 
0.129604 0.71271809687 0.13113845563 
0.130162 0.52168594646 0.12451792324 
0.130719 0.63569587792 0.12451071251 
0.131277 0.56748664286 0.12707319395 
0.131834 0.68600203574 0.12290519274 
0.132391 0.63440446532 0.12411272997 
0.132949 0.59970690368 0.13130099203 
0.133506 0.48601667442 0.12868604910 
0.134064 0.50963974394 0.13042813190 
0.134621 0.54338502394 0.13299689747 
0.135178 0.45606531288 0.13398134061 
0.135736 0.22983835687 0.14116207108 
0.136293 0.48255845114 0.13954047732 
0.136851 0.46444972418 0.13735586803 
0.137408 0.42436677128 0.13896023266 
0.137965 0.47401436168 0.14107290994 
0.138523 0.39375016692 0.13409764110 
0.139080 0.38756115747 0.14127479597 
0.139638 0.47913906932 0.13511686050 
0.140195 0.50567426872 0.14327538756 
0.140752 0.21198681211 0.14013970641 
0.141310 0.45168691863 0.14157417407 
0.141867 0.26802022581 0.14378567518 
0.142425 0.38366942035 0.13452275906 
0.142982 0.43729930969 0.13947705252 
0.143540 0.44551956517 0.14182147235 
0.144097 0.51840407157 0.13624060853 
0.144654 0.42843966517 0.13619233139 
0.145212 0.25816679635 0.13270891091 
0.145769 0.36650076051 0.13104179357 
0.146327 0.26542417660 0.13234073075 
0.146884 0.29250467905 0.12646871162 
0.147441 0.30130514760 0.13032351361 
0.147999 0.23033442978 0.12969620547 
0.148556 0.28391383329 0.11779225203 
0.149114 0.31785723943 0.12371640753 
0.149671 0.25146197656 0.12816556233 
0.150228 0.32644757968 0.12455736952 
0.150786 0.29206134452 0.12294522631 
0.151343 0.31612951890 0.12639931084 
0.151901 0.21043559665 0.12035035644 
0.152458 0.32047795050 0.12245059277 
0.153015 0.38245943324 0.12288441268 
0.153573 0.30396801005 0.11933912662 
0.154130 0.20122085853 0.11841506627 
0.154688 0.35281024260 0.12065043071 
0.155245 0.36554386021 0.11794911600 
0.155802 0.28815440260 0.12136363514 
0.156360 0.21695811257 0.12330574029 
0.156917 0.23944665030 0.11966480490 
0.157475 0.34856749831 0.11976159446 
0.158032 0.30845475466 0.11779636139 
0.158589 0.10344638672 0.11781544185 
0.159147 0.29611913646 0.11698907324 
0.159704 0.22215204187 0.11457676487 
0.160261 0.21694855284 0.11766199235 
0.160819 0.23336549510 0.11644073401 
0.161376 0.06447759233 0.11667854862 
0.161934 0.13903825883 0.11720099133 
0.162491 0.23074664985 0.11423602523 
0.163048 0.17520429127 0.11582181840 
0.163606 0.28152095086 0.11235211658 
0.164163 0.19131611298 0.11381412742 
0.164721 0.11440659050 0.11416304844 
0.165278 0.08521186321 0.11010035450 
0.165835 0.16729436686 0.11290348694 
0.166393 0.04233301551 0.11152951598 
0.166950 0.12060042918 0.11225643331 
0.167508 0.16789212823 0.11093494595 
0.168065 0.20582106629 0.11297958085 
0.168622 0.04191808909 0.11203232859 
0.169180 0.03599475062 0.11122022295 
0.169737 0.19549465600 0.10929279132 
0.170294 0.08455956079 0.11226466073 
0.170852 0.05086097717 0.11175136387 
0.171409 0.08502809095 0.11148512899 
0.171967 0.05158707543 0.10959140301 
0.172524 0.08412800126 0.10938010293 
0.173081 0.05011473174 0.11113241008 
0.173639 0.13806860945 0.10702364861 
0.174196 0.11108824266 0.11025789900 
0.174754 0.09047153636 0.11294622736 
0.175311 0.13747328384 0.10803645986 
0.175868 0.13641388317 0.10503104858 
0.176426 0.13940060779 0.10763981231 
0.176983 0.19451863734 0.10874130221 
0.177540 0.08081497649 0.11112472774 
0.178098 0.15898354174 0.10548047432 
0.178655 0.18637222124 0.10891703704 
0.179213 0.05775971653 0.11135477374 
0.179770 0.09160869565 0.10966262863 
0.180327 0.07426102182 0.10861119212 
0.180885 0.02330659629 0.10474160874 
0.181442 0.09490807503 0.10765771112 
0.181999 0.03479247839 0.10733374234 
0.182557 0.26242295013 0.10307721854 
0.183114 0.11849951503 0.10689471888 
0.183672 0.06729341866 0.10582297053 
0.184229 0.16343468336 0.10690465918 
0.184786 0.13546171009 0.10831706069 
0.185344 -0.04078162997 0.10651331091 
0.185901 0.02853294013 0.10447707757 
0.186458 0.16115492059 0.10183252079 
0.187016 0.16244449311 0.10845481983 
0.187573 0.21655157170 0.10678237390 
0.188131 0.08971317293 0.10311525715 
0.188688 0.02741131306 0.10654552172 
0.189245 0.13236369926 0.10469781691 
0.189803 0.12158383259 0.10666284494 
0.190360 0.17488825876 0.10677624138 
0.190917 0.09160911093 0.10390576281 
0.191475 0.00724042047 0.10597951544 
0.192032 0.18788575905 0.10176160763 
0.192590 0.18723159202 0.10508679188 
0.193147 0.16398193321 0.10243815860 
0.193704 0.03446465218 0.10247675245 
0.194262 0.17667818894 0.10404476894 
0.194819 0.05223459126 0.10208196916 
0.195376 0.04659736232 0.10026570710 
0.195934 0.14332835071 0.10726776376 
0.196491 0.15193736632 0.10091960148 
0.197048 0.20824235739 0.10152428729 
0.197606 0.13818784220 0.10355163471 
0.198163 -0.06012765359 0.10368545526 
0.198721 0.10289386829 0.10238663975 
0.199278 0.24342362002 0.10355983041 
0.199835 0.14765241821 0.10297700691 
0.200393 0.02800033085 0.10220913836 
0.200950 0.03889448199 0.10188668388 
0.201507 0.20096189049 0.10251924116 
0.202065 0.02100851757 0.10120820818 
0.202622 0.20169469032 0.10183615033 
0.203179 0.24169872598 0.09979531696 
0.203737 0.07497964234 0.10139982712 
0.204294 0.18880400840 0.09896733049 
0.204851 0.22955280501 0.10195000875 
0.205409 0.05557389512 0.10198607996 
0.205966 0.10404380489 0.09816451544 
0.206524 0.19762143629 0.09824372864 
0.207081 0.15803534404 0.09711374542 
0.207638 0.16790846892 0.09940581308 
0.208196 0.17831653550 0.09906522874 
0.208753 0.15133059238 0.09730754337 
0.209310 0.16515766319 0.09806533838 
0.209868 0.25312650451 0.09846271275 
0.210425 0.13766491109 0.09691995029 
0.210982 0.17782083950 0.10053251519 
0.211540 0.17041319326 0.09486778561 
0.212097 0.16735283408 0.09789122484 
0.212654 0.11971428305 0.09770353975 
0.213212 0.19393866788 0.09728624745 
0.213769 0.16696199954 0.09626479905 
0.214326 0.14338080555 0.09648470933 
0.214884 0.18821526786 0.09807319354 
0.215441 0.01907483710 0.09806453404 
0.215999 0.12548333718 0.09438407749 
0.216556 0.24897186759 0.09573911664 
0.217113 0.24637324013 0.09650733658 
0.217671 0.20433393593 0.09721569730 
0.218228 0.15549491995 0.09584127071 
0.218785 0.05371501358 0.09538348938 
0.219343 0.13422738202 0.09361109668 
0.219900 0.20905347621 0.09458500502 
0.220457 0.07740309923 0.09537255976 
0.221015 0.21762508213 0.09436752471 
0.221572 0.03733534552 0.09450828031 
0.222129 0.11190086140 0.09277266902 
0.222687 0.18081536783 0.09557884702 
0.223244 0.09177917950 0.09490762836 
0.223801 0.09673513115 0.09366734685 
0.224359 0.30205735530 0.09406759018 
0.224916 0.15225461958 0.09502102697 
0.225473 0.05655881822 0.09290098733 
0.226031 0.18465399567 0.09315283884 
0.226588 -0.01255940932 0.09516861083 
0.227145 0.25488789979 0.09316061893 
0.227703 0.04723375561 0.09093700656 
0.228260 0.19655215450 0.09176489809 
0.228817 0.10317385200 0.09432300329 
0.229375 0.19795243691 0.09401714551 
0.229932 0.07451402101 0.09320069545 
0.230489 0.13253190545 0.09203408687 
0.231047 0.13395400971 0.09125792695 
0.231604 0.11186562217 0.09256421825 
0.232161 0.24742703374 0.09148110753 
0.232719 0.08239281029 0.09084934238 
0.233276 0.12959230317 0.09209910755 
0.233833 0.12297043770 0.09058020815 
0.234391 0.07610116196 0.08795141647 
0.234948 0.06176403754 0.09160128576 
0.235505 0.23546899200 0.09059523767 
0.236063 0.08695180348 0.09011640313 
0.236620 0.21613273980 0.09169397690 
0.237177 0.19652509408 0.09158987358 
0.237735 0.12886207782 0.09053616941 
0.238292 0.27798162810 0.09321071348 
0.238849 0.01889578737 0.08789519546 
0.239407 0.15206689209 0.09006009731 
0.239964 0.31568316098 0.09129085209 
0.240521 0.07281021540 0.08995339125 
0.241079 0.20822785955 0.08800133052 
0.241636 0.11094089766 0.09272751994 
0.242193 0.01259104115 0.09165162315 
0.242750 0.09557489648 0.08927869961 
0.243308 0.23325179119 0.09066509853 
0.243865 0.20403663427 0.08921682817 
0.244422 0.27133569858 0.08997386313 
0.244980 0.09119569925 0.08933092775 
0.245537 0.25357252999 0.08820966196 
0.246094 0.13103490506 0.09069122136 
0.246652 0.13557702390 0.08942689006 
0.247209 0.10661631168 0.08855959561 
0.247766 0.10135588387 0.09077943930 
0.248324 0.08545018528 0.08814109755 
0.248881 0.11510743328 0.08857598554 
0.249438 0.14906943930 0.08969847910 
0.249996 0.13121807719 0.08841683491 
0.250553 0.19340478375 0.09013581931 
0.251110 0.07025272561 0.08625241906 
0.251667 0.07986137118 0.08733125631 
0.252225 0.02638207608 0.08851525608 
0.252782 0.08357812913 0.08834927732 
0.253339 0.26934488520 0.08791842112 
0.253897 0.03201363110 0.08712439786 
0.254454 0.15740453238 0.08756857332 
0.255011 0.27521635912 0.08921578656 
0.255569 0.09200971203 0.08608691361 
0.256126 0.06012748627 0.08638306915 
0.256683 0.08110982315 0.08757480385 
0.257241 0.15717752915 0.08741059834 
0.257798 0.17239370572 0.08713145892 
0.258355 0.19305661578 0.08857459050 
0.258912 0.06504315731 0.08858697561 
0.259470 0.12356968991 0.08617834856 
0.260027 0.13187418326 0.08663818733 
0.260584 0.03793365994 0.08707226840 
0.261142 0.04945080081 0.08816962654 
0.261699 0.17966120717 0.08652525651 
0.262256 0.10918443757 0.08576784199 
0.262814 0.12867077438 0.08574511074 
0.263371 0.05760751637 0.08589607956 
0.263928 0.13417764363 0.08567917323 
0.264485 0.03750181079 0.08568915726 
0.265043 0.26688388283 0.08513760891 
0.265600 -0.03042756092 0.08608405156 
0.266157 0.18626660979 0.08494428807 
0.266715 0.05320496685 0.08642593596 
0.267272 0.13482748133 0.08736302872 
0.267829 0.07318356473 0.08412080211 
0.268386 0.13167626328 0.08481442420 
0.268944 0.09545173769 0.08523155069 
0.269501 0.14661819074 0.08596177923 
0.270058 0.14583665265 0.08464225991 
0.270616 0.11222820436 0.08458267584 
0.271173 0.09994166290 0.08366092858 
0.271730 0.07751930267 0.08758854881 
0.272287 0.07368789998 0.08692599391 
0.272845 0.14289274874 0.08729840778 
0.273402 0.17109717845 0.08819286070 
0.273959 0.08353897255 0.08819923511 
0.274517 0.12196762460 0.08849039369 
0.275074 -0.01211885751 0.08905142790 
0.275631 0.12156752561 0.08707997202 
0.276188 0.13401724169 0.09037996606 
0.276746 0.08695069639 0.08831768036 
0.277303 0.14934038491 0.09060868348 
0.277860 -0.01012749909 0.08908240395 
0.278418 0.08046660641 0.08936524431 
0.278975 0.08330934326 0.08986564128 
0.279532 0.10551297889 0.08952744189 
0.280089 0.02571854122 0.09022755612 
0.280647 0.04225789044 0.08940249069 
0.281204 0.10947852972 0.08905353132 
0.281761 0.00171039858 0.08998373115 
0.282318 0.08744455561 0.08898668236 
0.282876 0.01027210747 0.08808031570 
0.283433 0.08450203487 0.08855653784 
0.283990 0.10507448531 0.08689455804 
0.284548 -0.03258529150 0.08521202590 
0.285105 0.08615277852 0.08909325615 
0.285662 0.03633930487 0.08651717387 
0.286219 0.01318650175 0.08288562188 
0.286777 0.04495544281 0.08694007155 
0.287334 0.18354715149 0.08806342169 
0.287891 0.01775422854 0.08606042743 
0.288448 0.06411341399 0.08738552932 
0.289006 0.07374044514 0.08672594942 
0.289563 0.10548153859 0.08536990190 
0.290120 0.04413452132 0.08333510605 
0.290677 0.23836668885 0.08408696018 
0.291235 0.08668130692 0.08399386753 
0.291792 0.04831184244 0.08311963402 
0.292349 0.03927207544 0.08428822123 
0.292906 0.07223447527 0.08633771814 
0.293464 -0.00955706709 0.08601033494 
0.294021 0.08062576322 0.08332415172 
0.294578 0.26359790422 0.08544763114 
0.295136 -0.04606818781 0.08654597867 
0.295693 0.19341285674 0.08537777675 
0.296250 0.12492193592 0.08365459075 
0.296807 0.07833653817 0.08654667787 
0.297365 0.16282776350 0.08589498879 
0.297922 0.14167198406 0.08648189309 
0.298479 0.17823879461 0.08597720924 
0.299036 0.07004491585 0.08559181077 
0.299594 0.13682941125 0.08466099832 
0.300151 0.01979408662 0.08688190636 
0.300708 0.03143252389 0.08652380771 
0.301265 0.09422643235 0.08597283072 
0.301823 0.03296236836 0.08643444989 
0.302380 0.14315719172 0.08621974058 
0.302937 0.05339552733 0.08546721320 
0.303494 0.16435143606 0.08514933641 
0.304052 0.08974524159 0.08678985468 
0.304609 0.07318069278 0.08518114909 
0.305166 0.08768842031 0.08695965058 
0.305723 0.12023220532 0.08432029919 
0.306280 0.13977141990 0.08708940822 
0.306838 0.11958653230 0.08597968906 
0.307395 -0.00200582447 0.08565849781 
0.307952 0.05069892871 0.08511976776 
0.308509 0.09786604143 0.08621941046 
0.309067 0.20030038018 0.08501818536 
0.309624 0.12677122236 0.08433505813 
0.310181 0.10646648110 0.08589851097 
0.310738 0.09273443427 0.08576443048 
0.311296 0.09083564136 0.08530304249 
0.311853 0.01515713969 0.08476244614 
0.312410 0.09071306842 0.08496855261 
0.312967 0.05842996423 0.08501457201 
0.313525 -0.01951976511 0.08522709944 
0.314082 0.02591154121 0.08505017645 
0.314639 -0.01824273145 0.08602858243 
0.315196 0.00945014699 0.08649702263 
0.315753 0.01252544464 0.08671147934 
0.316311 0.16629822738 0.08738283743 
0.316868 0.10830673030 0.08585206764 
0.317425 0.03936469595 0.08666618693 
0.317982 0.12908569682 0.08600236188 
0.318540 0.03542430745 0.08643952589 
0.319097 0.11725790160 0.08834087321 
0.319654 0.01785205096 0.08659995458 
0.320211 0.09531123505 0.08653610700 
0.320768 0.14515875196 0.08854910540 
0.321326 0.11121645585 0.08586286565 
0.321883 0.11107743608 0.08739936788 
0.322440 0.00032292672 0.08699645912 
0.322997 0.20425739186 0.08793231351 
0.323555 0.13555593149 0.08652875988 
0.324112 0.09103530585 0.08767593839 
0.324669 0.07619935657 0.08855238736 
0.325226 0.12517201258 0.08593190615 
0.325783 0.01927906394 0.08968009600 
0.326341 0.12573403366 0.08771804734 
0.326898 0.05733456124 0.08731953817 
0.327455 0.07962452302 0.08778073134 
0.328012 0.12501287102 0.08857800964 
0.328569 0.14735964106 0.08837057298 
0.329127 0.06916453769 0.08822810449 
0.329684 0.20396089058 0.08805770241 
0.330241 0.08387240325 0.08988021711 
0.330798 0.20488849995 0.08870312269 
0.331355 0.01910495247 0.08874295206 
0.331913 0.05247895756 0.08800832575 
0.332470 0.09042348907 0.08887940196 
0.333027 0.04630205850 0.09020359237 
0.333584 0.17078258395 0.08973760081 
0.334141 0.23957997582 0.08828127775 
0.334699 0.11072784442 0.09132187663 
0.335256 0.05424229087 0.09319196721 
0.335813 0.04920145155 0.09068692011 
0.336370 0.04036300145 0.09178413730 
0.336927 0.12467373566 0.09127204666 
0.337485 0.17247025515 0.09141739620 
0.338042 0.14597409092 0.09203908810 
0.338599 0.06958870617 0.09179350434 
0.339156 0.11081429252 0.09093336792 
0.339713 0.10237447051 0.09187121199 
0.340271 0.10942142815 0.09471070705 
0.340828 0.21887905949 0.09112696330 
0.341385 0.01274398105 0.09427825235 
0.341942 0.18643918466 0.09315879054 
0.342499 -0.01080898245 0.09400371949 
0.343057 0.17468246015 0.09396534984 
0.343614 0.14820331550 0.09431107262 
0.344171 0.17876246399 0.09387760929 
0.344728 0.19534777652 0.09346569397 
0.345285 0.12157476016 0.09442656356 
0.345842 0.15073767544 0.09561000626 
0.346400 0.19556895475 0.09467698005 
0.346957 0.12305862480 0.09480649927 
0.347514 0.14783652382 0.09578409491 
0.348071 0.01989395706 0.09614561624 
0.348628 0.15919111847 0.09504772914 
0.349186 0.15742899809 0.09638711469 
0.349743 0.19641462439 0.09824033815 
0.350300 0.09866785241 0.09829519661 
0.350857 0.04123166303 0.09844799064 
0.351414 0.10887962186 0.09711474478 
0.351971 0.16228919173 0.09869922771 
0.352529 0.11850881281 0.10005822062 
0.353086 0.14630737602 0.09911097082 
0.353643 0.14081961155 0.10275636784 
0.354200 0.21506422493 0.10078047384 
0.354757 0.19433412605 0.10125869423 
0.355314 0.11625561360 0.10180569660 
0.355872 0.07226962621 0.10252144239 
0.356429 0.20453713220 0.10039481957 
0.356986 0.10999708093 0.10231644332 
0.357543 0.24730063785 0.10318586788 
0.358100 0.14135913576 0.10287832919 
0.358657 0.07911885740 0.10421688919 
0.359215 0.12595449847 0.10493719972 
0.359772 0.14676460323 0.10521279260 
0.360329 0.04902074398 0.10477870888 
0.360886 0.16539840371 0.10295783338 
0.361443 0.07325466370 0.10494183056 
0.362000 0.12342883748 0.10464327098 
0.362558 0.11288869728 0.10269738055 
0.363115 0.13178270522 0.10364923176 
0.363672 0.08734667125 0.10408425841 
0.364229 0.18999721408 0.10309060982 
0.364786 0.18157809991 0.10269989932 
0.365343 0.17124154408 0.10295529254 
0.365900 0.11552923000 0.10211490432 
0.366458 0.04193842282 0.10293342319 
0.367015 0.24756324262 0.10142444358 
0.367572 0.13432365503 0.10325839153 
0.368129 0.20186505469 0.10030215245 
0.368686 0.23266624280 0.09960934476 
0.369243 0.04868848271 0.10292995771 
0.369801 0.16114842896 0.09998577262 
0.370358 0.22684231336 0.09712379400 
0.370915 0.12784248980 0.09927670770 
0.371472 0.13597618627 0.09800873633 
0.372029 0.14641187372 0.10103490454 
0.372586 -0.03756580466 0.09829238788 
0.373143 -0.03742333901 0.10010708285 
0.373700 0.05568313418 0.09748912800 
0.374258 0.05210670330 0.09665473543 
0.374815 0.19747101837 0.09654750412 
0.375372 0.01219366220 0.09692916922 
0.375929 0.14850790822 0.09665329830 
0.376486 0.13242550886 0.09652452613 
0.377043 0.08501447362 0.09523613334 
0.377600 0.09358576372 0.09543139035 
0.378158 0.05720454680 0.09702830462 
0.378715 0.13662658924 0.09673104198 
0.379272 -0.03710792635 0.09520394566 
0.379829 0.10986981176 0.09452798831 
0.380386 0.17672618504 0.09458556210 
0.380943 0.06115236696 0.09577987256 
0.381500 0.13391689090 0.09215712456 
0.382057 0.13306083349 0.09443854061 
0.382615 0.05408737749 0.09517001534 
0.383172 0.15112271626 0.09287374491 
0.383729 0.18527178932 0.09299427226 
0.384286 0.26093497616 0.09247246451 
0.384843 0.10602329278 0.09174414114 
0.385400 0.12963537395 0.09098506559 
0.385957 0.04676979153 0.09129437352 
0.386514 0.16601833768 0.09350645041 
0.387072 0.05202985685 0.09002906490 
0.387629 0.11811458241 0.09266573702 
0.388186 0.01003737279 0.09216635929 
0.388743 0.05746133045 0.09084207988 
0.389300 0.00813218260 0.09136810013 
0.389857 0.07923857014 0.09056334436 
0.390414 0.05058865886 0.08996369626 
0.390971 0.07957278013 0.09038728910 
0.391528 0.14057287663 0.08946211002 
0.392086 0.15960833028 0.09017218266 
0.392643 0.12218541144 0.09048493747 
0.393200 0.04982637535 0.08963517968 
0.393757 0.14713430884 0.08917486629 
0.394314 0.03249628558 0.09058164738 
0.394871 -0.01729313952 0.09129281813 
0.395428 0.06210749226 0.08934210031 
0.395985 0.09932642190 0.08931699630 
0.396542 0.06107382212 0.09099771410 
0.397099 0.22214492560 0.08930328879 
0.397657 0.16956790550 0.08684331641 
0.398214 0.07785928786 0.08898665234 
0.398771 0.16616519241 0.08906772957 
0.399328 0.04670926844 0.08865617864 
0.399885 0.11527191193 0.09018318833 
0.400442 0.00037502469 0.08964705491 
0.400999 0.09543041515 0.08983432087 
0.401556 0.16653612071 0.09077926759 
0.402113 0.18093822644 0.09518646921 
0.402670 -0.00275487027 0.09441399905 
0.403227 0.06408836117 0.09602739529 
0.403785 0.09772526381 0.09695878473 
0.404342 0.13307384216 0.09884683100 
0.404899 0.00784543274 0.09972721326 
0.405456 -0.02246025243 0.10015335279 
0.406013 -0.07012310304 0.09591627262 
0.406570 0.09798151211 0.10036440127 
0.407127 0.00250805234 0.09943877119 
0.407684 0.07536664635 0.10007702121 
0.408241 0.16215756742 0.10352075077 
0.408798 0.09817366131 0.10333363382 
0.409355 0.19309279712 0.10190783730 
0.409912 0.14417808923 0.10803694863 
0.410469 0.08587818059 0.10775865363 
0.411027 0.06385757463 0.11038995187 
0.411584 0.01040609334 0.11066838464 
0.412141 0.23757178746 0.11072359779 
0.412698 0.11327028755 0.10969596281 
0.413255 0.11861032386 0.11130095074 
0.413812 0.15307584332 0.11476138840 
0.414369 0.14947045728 0.11495583431 
0.414926 0.06795514329 0.11412386499 
0.415483 0.13881901924 0.11453822540 
0.416040 0.20398284793 0.11749921734 
0.416597 0.05297405832 0.11266103655 
0.417154 -0.03059978127 0.11788854088 
0.417711 0.10806963706 0.11683172504 
0.418268 0.16607283781 0.12080660105 
0.418825 0.14279315864 0.11287685613 
0.419382 0.18688050605 0.11450444267 
0.419940 0.03618496460 0.11034595980 
0.420497 0.22135506283 0.11340281440 
0.421054 0.16336730471 0.11596268753 
0.421611 0.10764216676 0.11141272763 
0.422168 0.09261456966 0.11083722325 
0.422725 0.02386289137 0.11436718128 
0.423282 0.09124463308 0.11398132201 
0.423839 0.19821377827 0.11408638635 
0.424396 0.27354835925 0.11499491005 
0.424953 0.16240560797 0.11592204893 
0.425510 0.04319959192 0.11311363722 
0.426067 -0.01514142954 0.11391496565 
0.426624 0.22205223035 0.11483318462 
0.427181 0.18642732615 0.11408254295 
0.427738 0.00499253618 0.11653279921 
0.428295 -0.01036921632 0.11574103146 
0.428852 -0.02347018613 0.12014817520 
0.429409 0.05090308362 0.11259448273 
0.429966 0.29529454869 0.11658347554 
0.430523 0.25690484910 0.11548395572 
0.431080 0.09565576383 0.11529739112 
0.431637 0.09889431809 0.11809162899 
0.432194 0.19975371166 0.11696807063 
0.432752 0.16434352061 0.12098108646 
0.433309 0.25879251771 0.11649791880 
0.433866 0.08802962705 0.12025926684 
0.434423 0.01872781277 0.11689865967 
0.434980 0.12974410730 0.12018729871 
0.435537 0.03388046254 0.12045613195 
0.436094 0.13051445893 0.12088593873 
0.436651 0.25839980102 0.11968468439 
0.437208 0.06681833298 0.12186414702 
0.437765 0.02028753645 0.12057496924 
0.438322 0.06648577753 0.12483814387 
0.438879 -0.02766731360 0.11863206810 
0.439436 0.24939194544 0.12350784929 
0.439993 0.09063468494 0.12124063991 
0.440550 0.15621155950 0.12570721899 
0.441107 0.13765514626 0.12210373331 
0.441664 0.21135871079 0.12235865948 
0.442221 0.31325668570 0.12131624277 
0.442778 0.16099841997 0.11922184348 
0.443335 0.16157415082 0.12481990908 
0.443892 0.01784145358 0.12156084369 
0.444449 -0.00844903019 0.12513429542 
0.445006 0.24914542822 0.12527240782 
0.445563 0.03619231036 0.12098239164 
0.446120 0.05635229347 0.12574573299 
0.446677 -0.01478632968 0.12784058365 
0.447234 0.17772488084 0.12849326142 
0.447791 0.19178269692 0.12708839257 
0.448348 0.17343543683 0.12344662748 
0.448905 0.02251826219 0.12493234590 
0.449462 0.19648090027 0.12181836486 
0.450019 0.18492801327 0.12162781842 
0.450576 0.22236956266 0.12688687185 
0.451133 0.21355845675 0.12471015438 
0.451690 0.10865189374 0.12101774145 
0.452247 0.12624165959 0.12421691377 
0.452804 0.20893797252 0.12406620171 
0.453361 0.04119690891 0.12112049796 
0.453918 -0.07882361099 0.11878167090 
0.454475 0.14223721894 0.12532175426 
0.455032 0.07759452612 0.12067899719 
0.455589 0.02590903195 0.12603548478 
0.456146 0.04623450516 0.12437957062 
0.456703 0.05795976632 0.12383289765 
0.457260 0.10547568354 0.11984294862 
0.457817 0.03224758365 0.12125328270 
0.458374 0.21937425732 0.12151121982 
0.458931 0.10954814267 0.12605279257 
0.459488 0.07428079106 0.12196907325 
0.460045 0.05348354651 0.11961542936 
0.460602 0.12907908285 0.11961181348 
0.461159 0.02328062380 0.12625143027 
0.461716 0.13503782919 0.12222014278 
0.462273 0.13793098288 0.12270814330 
0.462830 0.08415121689 0.12491265250 
0.463387 0.02351654970 0.12606074390 
0.463943 0.06988593223 0.12363192119 
0.464500 0.04800841535 0.12248971510 
0.465057 0.25957736636 0.11862611267 
0.465614 -0.15324592892 0.12173548499 
0.466171 -0.00011752309 0.12329681918 
0.466728 0.11792910634 0.12133891030 
0.467285 0.06545616632 0.12208182363 
0.467842 -0.12394095018 0.12522359504 
0.468399 0.21859683237 0.12229124554 
0.468956 0.19314389049 0.12034055861 
0.469513 0.13706264823 0.12103502407 
0.470070 0.20483675398 0.12213465578 
0.470627 0.14789719555 0.11825209692 
0.471184 0.15728085863 0.11981344117 
0.471741 0.25180723746 0.12243704990 
0.472298 0.09981886739 0.12560466138 
0.472855 0.03242936180 0.12477105688 
0.473412 0.09720653862 0.12255246200 
0.473969 -0.01619681030 0.12118659304 
0.474526 0.12362575090 0.12164267983 
0.475083 0.19898499941 0.12399686314 
0.475640 0.12275391759 0.12331708589 
0.476196 0.13639974530 0.12263383253 
0.476753 0.10443021508 0.12082271004 
0.477310 0.08736611838 0.11922257970 
0.477867 0.13654919992 0.12249184153 
0.478424 0.12865539255 0.12089235766 
0.478981 0.09549633021 0.12195346335 
0.479538 0.21856962379 0.12084036801 
0.480095 0.06193634592 0.12388488560 
0.480652 -0.04100223227 0.12454136500 
0.481209 0.17400728926 0.12231663598 
0.481766 0.10385740722 0.11944281232 
0.482323 0.12005344953 0.11903661868 
0.482880 0.23194990982 0.11895572555 
0.483437 0.05384036031 0.12225792618 
0.483994 0.09637170522 0.12119731028 
0.484550 0.10155626822 0.12256643147 
0.485107 0.12877133110 0.11948012499 
0.485664 0.02614538486 0.12054640479 
0.486221 -0.04802898254 0.11904430049 
0.486778 0.17069944575 0.11787384732 
0.487335 0.17822714282 0.12182991171 
0.487892 0.26890122786 0.12366547535 
0.488449 0.09864674318 0.12186852504 
0.489006 0.19035923689 0.12130323800 
0.489563 0.13356969384 0.12223771312 
0.490120 0.06196164281 0.12214785402 
0.490677 0.20568719529 0.12221707294 
0.491233 -0.02039164995 0.12504069105 
0.491790 -0.04890234316 0.12322304458 
0.492347 0.12874115003 0.12138661712 
0.492904 -0.00064856883 0.12095787769 
0.493461 0.19482408595 0.12305963402 
0.494018 0.21396575107 0.12150023748 
0.494575 0.13555579200 0.12041869850 
0.495132 0.15129256815 0.12115099278 
0.495689 -0.05352655116 0.11941698976 
0.496246 0.22989112452 0.12074897683 
0.496802 -0.01762178814 0.12204865879 
0.497359 0.17803121543 0.11586925508 
0.497916 0.15079122465 0.12186194903 
0.498473 0.06212378038 0.12345544962 
0.499030 0.03607720877 0.12476154646 
0.499587 0.19809383696 0.12347310089 
0.500144 0.08948681262 0.12455324574 
0.500701 0.08700505942 0.12449377451 
0.501258 0.10906283980 0.11910791020 
0.501815 0.18090529857 0.11999324913 
0.502371 0.28629161342 0.12355182355 
0.502928 0.17542132957 0.11755745579 
0.503485 0.12700959933 0.12019999021 
0.504042 0.05475352224 0.12636637806 
0.504599 0.17731995797 0.12470450120 
0.505156 0.26429847579 0.11982697834 
0.505713 0.13443338656 0.12285832707 
0.506270 0.11148608354 0.12251375840 
0.506826 0.08819613989 0.12110471185 
0.507383 0.14616165188 0.12461180595 
0.507940 0.18015224756 0.12359564309 
0.508497 0.19509313632 0.12091380401 
0.509054 0.03661707408 0.11861126892 
0.509611 0.07884544367 0.12199876313 
0.510168 0.24000722141 0.12392930110 
0.510725 0.20856937605 0.12235781232 
0.511281 -0.00784421700 0.12043231115 
0.511838 0.16790231025 0.12363715674 
0.512395 -0.03479593731 0.12680725916 
0.512952 -0.03809117661 0.12437981085 
0.513509 0.29125535518 0.12413304256 
0.514066 0.16934151177 0.12360117146 
0.514623 0.16796137799 0.12742089687 
0.515179 0.04864042363 0.12486022765 
0.515736 -0.02050040843 0.12839487426 
0.516293 0.17665942212 0.12813787129 
0.516850 0.07462325767 0.12745511259 
0.517407 0.10548844532 0.12259109950 
0.517964 -0.00312732568 0.12763223447 
0.518521 0.25509020577 0.12866037759 
0.519077 0.13880223570 0.12584765050 
0.519634 0.02586805974 0.12836823651 
0.520191 0.01569825745 0.13356718864 
0.520748 0.02595004940 0.13168547166 
0.521305 0.14815659256 0.13572772494 
0.521862 0.13689728306 0.13464701358 
0.522418 0.20191206965 0.13601088096 
0.522975 0.07816695473 0.13593990120 
0.523532 0.09055145027 0.13945907190 
0.524089 0.10798450541 0.13438001700 
0.524646 0.15307996623 0.13862631053 
0.525203 0.18360647715 0.14082288972 
0.525759 -0.07159569446 0.13354787687 
0.526316 0.05510796772 0.13572968461 
0.526873 0.23767427224 0.13801259656 
0.527430 0.15627514082 0.14150205782 
0.527987 0.23235552720 0.14019634945 
0.528544 0.06536821236 0.14329791318 
0.529100 0.11030640288 0.14484829923 
0.529657 0.15569644896 0.14517636102 
0.530214 0.12007180524 0.14401023360 
0.530771 0.04359609093 0.14309191623 
0.531328 0.19004631389 0.14927974278 
0.531884 0.09559695874 0.14418373045 
0.532441 0.19870008658 0.14716266787 
0.532998 -0.08003691112 0.15497995947 
0.533555 0.15012461142 0.14879597190 
0.534112 0.17371737959 0.15458774515 
0.534669 0.08124026653 0.15361678090 
0.535225 0.16243558198 0.15854735818 
0.535782 0.07548072437 0.15451025134 
0.536339 0.20710935287 0.16627025566 
0.536896 0.16697762465 0.16294883468 
0.537453 -0.02884989643 0.16349405772 
0.538009 0.08707636993 0.17031660031 
0.538566 0.15213902035 0.17476850461 
0.539123 0.13069091632 0.17600242000 
0.539680 0.12645692949 0.18212897452 
0.540237 0.18572612701 0.19124464516 
0.540793 0.24535351827 0.19998801220 
0.541350 0.20571016828 0.20859662217 
0.541907 0.21037869176 0.23086814713 
0.542464 0.20357301042 0.25758699064 
0.543021 0.13814357851 0.46276087519 
