0.011985 163.07526372251 0.00000000000 
0.012543 159.22323581462 9.44209248512 
0.013100 151.34429372107 12.71103336061 
0.013658 145.98313683933 10.76665258380 
0.014215 147.81473246312 9.07887855344 
0.014772 141.07822415090 6.49742389048 
0.015330 138.87220807509 5.62668908498 
0.015887 135.77032361502 5.29920481117 
0.016445 131.79934128995 4.47190208911 
0.017002 129.58240693755 3.85731557999 
0.017560 126.55816258625 3.55476321723 
0.018117 119.81500641276 2.83243245883 
0.018675 118.90854451162 2.43916820283 
0.019232 113.68017361832 2.43652374429 
0.019789 110.01882962276 2.20197877280 
0.020347 108.33280765326 1.92731317691 
0.020904 102.86365920211 1.69528395261 
0.021462 100.79831993950 1.67729917764 
0.022019 96.65826792249 1.45033945928 
0.022577 94.87207074014 1.34220005629 
0.023134 91.09554743060 1.39122204689 
0.023692 87.52543172392 1.24393871974 
0.024249 85.71133520306 1.11440732322 
0.024807 81.93721416864 1.09122414170 
0.025364 77.82638749486 0.98022243877 
0.025921 74.90907317416 1.02048265414 
0.026479 71.54097013259 0.87152303656 
0.027036 69.21588632798 0.82396379885 
0.027594 66.57531976398 0.79948205954 
0.028151 64.68884551435 0.74115327205 
0.028709 60.42385880954 0.68478993528 
0.029266 58.83695396707 0.74393170787 
0.029824 57.29867336301 0.66073587432 
0.030381 53.90549758230 0.65851977936 
0.030938 51.67237694216 0.60961888851 
0.031496 49.46988649015 0.59631773287 
0.032053 46.72401307273 0.57235898601 
0.032611 45.26489935992 0.52456903526 
0.033168 42.72841342780 0.52979051649 
0.033726 41.33724018236 0.50746758147 
0.034283 38.53372934154 0.52671788814 
0.034841 36.63250598199 0.50693576066 
0.035398 36.19236046895 0.50863284895 
0.035955 34.77094080124 0.46883765534 
0.036513 33.09006582358 0.46505495573 
0.037070 30.67993595201 0.44487782162 
0.037628 29.84866974790 0.47003925562 
0.038185 28.24684220930 0.39819984217 
0.038743 26.72389862132 0.39075342630 
0.039300 25.37125477518 0.39229334647 
0.039858 24.33070031526 0.38846320971 
0.040415 23.32137686392 0.36565176376 
0.040973 22.54529991503 0.38671445581 
0.041530 21.16419949103 0.38335452090 
0.042087 20.37987661670 0.32457116420 
0.042645 19.90731998247 0.35081972382 
0.043202 18.28385830352 0.34352733190 
0.043760 18.04035030697 0.35557280633 
0.044317 16.83095094899 0.32016926797 
0.044875 16.38718759849 0.32627505059 
0.045432 15.75442014308 0.32776374862 
0.045990 15.29955903392 0.28358139549 
0.046547 14.74338077255 0.32145759793 
0.047104 14.06282057989 0.30767120418 
0.047662 13.25792370433 0.30896280665 
0.048219 12.80757194094 0.29397903453 
0.048777 12.24742980610 0.29046626079 
0.049334 12.01729477679 0.28413218762 
0.049892 11.56365751708 0.27744023489 
0.050449 11.07197859355 0.28820079926 
0.051007 10.95470328325 0.29065210502 
0.051564 10.65161399634 0.27493879482 
0.052121 10.05016204689 0.26495730139 
0.052679 10.33404955584 0.26578487786 
0.053236 9.77927438405 0.26462628534 
0.053794 9.29811236690 0.26664464268 
0.054351 9.53189803824 0.27003652285 
0.054909 8.86840479475 0.25057797035 
0.055466 8.85135008149 0.26145836121 
0.056024 8.44675051617 0.25551866829 
0.056581 8.15066914180 0.24673833630 
0.057138 8.60703179217 0.24118548874 
0.057696 8.01152170733 0.25076051606 
0.058253 7.84962055498 0.24701173577 
0.058811 7.49052773532 0.24044029089 
0.059368 7.73266865240 0.24104205713 
0.059926 7.34627308771 0.23434061984 
0.060483 7.22890304528 0.23333928311 
0.061041 7.10484135756 0.22924106725 
0.061598 7.28838287377 0.22732993555 
0.062155 6.85165273513 0.23388552999 
0.062713 6.85128461490 0.22330449783 
0.063270 6.71815503078 0.22056050387 
0.063828 6.65998832358 0.23138468234 
0.064385 6.59975259930 0.22310909332 
0.064943 6.54375969204 0.21575659676 
0.065500 6.20189009166 0.22140472918 
0.066057 6.24681426673 0.22302031218 
0.066615 5.91997345749 0.21999257429 
0.067172 5.83867924871 0.20513041641 
0.067730 5.64160815015 0.21196321704 
0.068287 5.56025329983 0.20419736615 
0.068845 5.80620337570 0.20082294916 
0.069402 5.29475709098 0.20211486990 
0.069960 5.32196568184 0.19984122349 
0.070517 5.28928585473 0.19247748985 
0.071074 4.93221733511 0.19943034731 
0.071632 4.93772858530 0.19611432609 
0.072189 4.81729478607 0.19931601093 
0.072747 4.62020653790 0.20428204616 
0.073304 4.66123328087 0.19388159977 
0.073862 4.43108430349 0.19559551165 
0.074419 4.37586165758 0.19344184887 
0.074977 4.09436297558 0.18816380058 
0.075534 4.17553305125 0.18434542289 
0.076091 4.09916213473 0.18226496246 
0.076649 4.01846384724 0.18741047962 
0.077206 3.92174194881 0.19073852803 
0.077764 3.60588877766 0.18446346225 
0.078321 3.82375789924 0.19121085106 
0.078879 3.44027257622 0.18504124693 
0.079436 3.38458945096 0.18344098034 
0.079993 3.44940644579 0.17608158365 
0.080551 3.29592204772 0.17326691550 
0.081108 3.13867326753 0.18126280368 
0.081666 2.93122853559 0.16948992204 
0.082223 2.92106744147 0.17647105524 
0.082781 2.86244964695 0.17395820473 
0.083338 2.71340608356 0.17753026092 
0.083895 2.67501125788 0.16767235939 
0.084453 2.36326543261 0.16959289534 
0.085010 2.46770602906 0.16832924006 
0.085568 2.41983155663 0.16643433596 
0.086125 2.34509310129 0.16907424024 
0.086683 1.94223914047 0.16585566430 
0.087240 2.02941909795 0.16524558934 
0.087798 2.05515811572 0.16889577279 
0.088355 1.92580839504 0.16187944272 
0.088912 1.82353628749 0.16415443966 
0.089470 1.74834533049 0.16336790688 
0.090027 1.83807920658 0.16875010041 
0.090585 1.76276796065 0.15856433546 
0.091142 1.71568182192 0.15868937099 
0.091700 1.63676854230 0.15576868529 
0.092257 1.69146686791 0.15328228539 
0.092814 1.47067140268 0.15592300876 
0.093372 1.40464897259 0.15579029687 
0.093929 1.54715418331 0.15419730544 
0.094487 1.47862232645 0.15112846006 
0.095044 1.16489304200 0.15551503050 
0.095602 1.32294014607 0.15197250351 
0.096159 1.44334975523 0.15009975760 
0.096716 1.46993791144 0.14935621811 
0.097274 1.25700035937 0.15221923221 
0.097831 1.23790119714 0.15076666761 
0.098389 1.28822443287 0.14277439798 
0.098946 1.00297978342 0.14775759566 
0.099504 1.03847914559 0.14837744917 
0.100061 1.14778376354 0.14496506326 
0.100618 1.07175366315 0.14938135143 
0.101176 0.84174865104 0.14846298121 
0.101733 0.95706959123 0.14588316052 
0.102291 1.26423993338 0.14826468232 
0.102848 0.98726744839 0.14832497099 
0.103406 0.96348964971 0.14603422430 
0.103963 0.84427444156 0.15076403385 
0.104520 0.99538427499 0.15089100765 
0.105078 0.84476800666 0.14299829987 
0.105635 0.95685158743 0.14547232106 
0.106193 0.87403163884 0.14083968090 
0.106750 0.72580000758 0.14094878692 
0.107308 1.07258072479 0.14514046648 
0.107865 0.94269378003 0.13768967110 
0.108422 0.95953351573 0.13987226992 
0.108980 0.97643032586 0.14211915802 
0.109537 0.87137787085 0.14024599837 
0.110095 0.78051845324 0.14108994006 
0.110652 1.03516395170 0.13487852398 
0.111210 0.72089379430 0.13655978561 
0.111767 0.87551942925 0.13736830440 
0.112324 0.80235332578 0.13626382663 
0.112882 0.63253512169 0.13600127108 
0.113439 0.87850235409 0.13665654294 
0.113997 0.73837901946 0.14117088002 
0.114554 0.78220966614 0.13758650507 
0.115111 0.77239186895 0.13356711655 
0.115669 0.85376109712 0.13751676220 
0.116226 0.78670468535 0.13591958373 
0.116784 0.74127285240 0.13556536497 
0.117341 0.65706122404 0.13158166939 
0.117899 0.66201002829 0.13987996455 
0.118456 0.80964829389 0.12750177093 
0.119013 0.74856037522 0.13442473827 
0.119571 0.94869101394 0.13084559945 
0.120128 0.78875030378 0.13249623433 
0.120686 0.60209315305 0.13647731922 
0.121243 0.74276177258 0.13026520382 
0.121800 0.60771464764 0.12948250023 
0.122358 0.72189341319 0.13151892339 
0.122915 0.57044684452 0.12991515745 
0.123473 0.80389131076 0.13271650460 
0.124030 0.77315321816 0.13164641978 
0.124588 0.71612043506 0.12862760077 
0.125145 0.56764554401 0.13027501309 
0.125702 0.53712860577 0.12660917833 
0.126260 0.47609032270 0.12671858169 
0.126817 0.54428613277 0.12807363881 
0.127375 0.68196611911 0.12678871861 
0.127932 0.52443971093 0.12825647888 
0.128489 0.64359212745 0.12750918874 
0.129047 0.65201482677 0.12682539576 
0.129604 0.49478159634 0.12892291307 
0.130162 0.50703934973 0.12641537851 
0.130719 0.65197553756 0.12383998721 
0.131277 0.49102951335 0.12574966995 
0.131834 0.48450646333 0.12260206110 
0.132391 0.49444460136 0.12737884847 
0.132949 0.57718089472 0.12766653084 
0.133506 0.58519198531 0.13265029447 
0.134064 0.45408348010 0.13434464226 
0.134621 0.49027496674 0.13726894658 
0.135178 0.45056961716 0.14120713242 
0.135736 0.42076514390 0.13340621066 
0.136293 0.37199145493 0.13970143749 
0.136851 0.41494970570 0.13645624021 
0.137408 0.55779267546 0.14096264889 
0.137965 0.45656848350 0.13470085051 
0.138523 0.52709898012 0.13904293117 
0.139080 0.43151215122 0.13938639423 
0.139638 0.28275313336 0.13981133864 
0.140195 0.26883031470 0.13968090530 
0.140752 0.23649948699 0.14086510296 
0.141310 0.36877310430 0.14151611366 
0.141867 0.21840051972 0.13675460484 
0.142425 0.52481809259 0.14284741998 
0.142982 0.31474864426 0.13620477318 
0.143540 0.19790528230 0.14038338873 
0.144097 0.56282512879 0.13234014615 
0.144654 0.24200973944 0.13764959548 
0.145212 0.41028303529 0.13243300524 
0.145769 0.35713989153 0.13290309314 
0.146327 0.46092953333 0.12558042378 
0.146884 0.29034732034 0.12970939257 
0.147441 0.45316758897 0.12804994765 
0.147999 0.42174466408 0.12636026996 
0.148556 0.32904060466 0.12710390791 
0.149114 0.15093446902 0.12365484230 
0.149671 0.23551180048 0.12597814323 
0.150228 0.39604453331 0.12446359333 
0.150786 0.25711380666 0.12794576089 
0.151343 0.36728223902 0.12531629609 
0.151901 0.29484674222 0.11847168464 
0.152458 0.31142659349 0.12241794871 
0.153015 0.22347627039 0.12313387535 
0.153573 0.33155329680 0.11873737683 
0.154130 0.28010479563 0.12127763248 
0.154688 0.35917255153 0.12123689830 
0.155245 0.25436725734 0.12112535838 
0.155802 0.25590189216 0.11912019123 
0.156360 0.22277651723 0.12242841253 
0.156917 0.17297483649 0.11777852074 
0.157475 0.06964682570 0.11725304418 
0.158032 0.31189924251 0.11717870130 
0.158589 0.15376284201 0.11802227505 
0.159147 0.15418690316 0.12025391767 
0.159704 0.26677562450 0.11558012264 
0.160261 0.28776919899 0.11734753522 
0.160819 0.22543191641 0.11567064357 
0.161376 0.17514127380 0.12023861766 
0.161934 0.31203837388 0.11625375188 
0.162491 0.16484956178 0.11684174679 
0.163048 0.14940471125 0.11581112376 
0.163606 0.19026611541 0.11342880629 
0.164163 0.13563046677 0.11659326708 
0.164721 0.16155296467 0.11381681902 
0.165278 0.21753170965 0.11359849445 
0.165835 0.18005870957 0.11273311992 
0.166393 0.23489275104 0.11219966615 
0.166950 0.23291775186 0.11290821016 
0.167508 0.09279584256 0.11286210686 
0.168065 0.07275423229 0.11339084331 
0.168622 0.19831292356 0.11164884022 
0.169180 0.26683141771 0.10968095063 
0.169737 0.13729084618 0.11265814808 
0.170294 0.04163851969 0.11164949912 
0.170852 0.14193915603 0.11190938154 
0.171409 0.09095163068 0.10942200214 
0.171967 0.14489280265 0.11086829167 
0.172524 0.02560039054 0.11041685708 
0.173081 0.15602465291 0.11179477778 
0.173639 -0.05977345064 0.11207368780 
0.174196 0.12953252329 0.10962100190 
0.174754 -0.06624848621 0.11025587838 
0.175311 0.18806501812 0.10956459737 
0.175868 0.25562901035 0.10686127861 
0.176426 0.12813310450 0.10915418359 
0.176983 0.07162373876 0.10640178656 
0.177540 0.09904366349 0.10721643812 
0.178098 -0.05624031052 0.10676571943 
0.178655 0.07194426457 0.10813706710 
0.179213 -0.09106635750 0.10831174095 
0.179770 0.23360539804 0.10793857186 
0.180327 0.15119709811 0.10504841619 
0.180885 0.06811388202 0.10624304752 
0.181442 0.07750564024 0.10681262118 
0.181999 0.07748341690 0.10770232255 
0.182557 0.07560483896 0.10685625719 
0.183114 0.07158915373 0.10632713919 
0.183672 0.01882907386 0.10705672113 
0.184229 -0.01731951502 0.10623616755 
0.184786 0.14954394030 0.10554295244 
0.185344 0.05371201277 0.10416502107 
0.185901 0.18396165537 0.10526692006 
0.186458 0.13225176812 0.10406862883 
0.187016 0.19053263648 0.10673778678 
0.187573 0.05301826089 0.10917172902 
0.188131 0.13169314961 0.10426827878 
0.188688 0.11912793426 0.10730114838 
0.189245 0.10169117536 0.10848259071 
0.189803 0.02319042535 0.10714247602 
0.190360 0.09050405417 0.10454673451 
0.190917 0.05895553151 0.10148540403 
0.191475 0.02517136607 0.10586889342 
0.192032 0.21157263204 0.10523286612 
0.192590 -0.01634313579 0.10606607261 
0.193147 0.22742625582 0.10655213950 
0.193704 0.19295556325 0.10331403916 
0.194262 0.00719262821 0.10312839811 
0.194819 0.12554937552 0.10147047165 
0.195376 0.15868597923 0.10267606697 
0.195934 0.02093312280 0.10321396087 
0.196491 0.03307072063 0.10410355184 
0.197048 0.14330539589 0.10292763524 
0.197606 0.02034476669 0.10252751715 
0.198163 0.08072558674 0.10499659835 
0.198721 0.06331090540 0.10331906645 
0.199278 0.12315182513 0.10220343620 
0.199835 0.18763940687 0.10175290469 
0.200393 0.16595169565 0.10053342034 
0.200950 -0.03901719626 0.10236119606 
0.201507 0.13186034899 0.10389969575 
0.202065 0.12626405202 0.10116347282 
0.202622 0.29083240410 0.10304888440 
0.203179 0.19515399577 0.09977452548 
0.203737 0.02885432019 0.10054034801 
0.204294 0.20905551013 0.09885707420 
0.204851 0.11675263027 0.09938801190 
0.205409 0.07249081766 0.10115409152 
0.205966 0.10011554461 0.09814676677 
0.206524 0.01316120139 0.09914680876 
0.207081 0.06895056756 0.10027998332 
0.207638 0.24046482659 0.09826617447 
0.208196 0.07641459733 0.09846563461 
0.208753 -0.01472273185 0.09734877821 
0.209310 0.16216881143 0.09778381662 
0.209868 0.08821260835 0.10006198790 
0.210425 0.13106003879 0.09737767522 
0.210982 0.20116956707 0.09869545474 
0.211540 0.11668466704 0.09731287585 
0.212097 0.17548383466 0.09836895982 
0.212654 0.10835430149 0.09814808398 
0.213212 0.09725673155 0.09833554907 
0.213769 0.00667377022 0.09588622896 
0.214326 0.08921185787 0.09646110533 
0.214884 0.07569893473 0.09714721588 
0.215441 0.18783732834 0.09585686715 
0.215999 0.11874413629 0.09706845425 
0.216556 0.18734645664 0.09560852888 
0.217113 0.16541356452 0.09908646957 
0.217671 0.17202619522 0.09495861311 
0.218228 0.13467081336 0.09639700933 
0.218785 0.09577906383 0.09613616087 
0.219343 0.09320267623 0.09480640938 
0.219900 0.10413054302 0.09312338358 
0.220457 0.14369743034 0.09547203535 
0.221015 0.14730345935 0.09740783169 
0.221572 0.14537048404 0.09602855284 
0.222129 0.10419168100 0.09273941719 
0.222687 0.16558899913 0.09641371663 
0.223244 0.13131600484 0.09438388905 
0.223801 0.15088048434 0.09524086214 
0.224359 0.13389481721 0.09594380063 
0.224916 0.02302234861 0.09465454041 
0.225473 0.18242374863 0.09438021851 
0.226031 0.17676240715 0.09564476567 
0.226588 0.15371512540 0.09330694801 
0.227145 0.11514497632 0.09466452546 
0.227703 0.13688338979 0.09442491398 
0.228260 0.09492108585 0.09387904753 
0.228817 0.18020290604 0.09491199728 
0.229375 0.06685292854 0.09296407550 
0.229932 0.09833017178 0.09107524478 
0.230489 0.25935195323 0.09215117372 
0.231047 0.11491786931 0.09119978117 
0.231604 0.23884186387 0.08959080367 
0.232161 0.12687835168 0.09145380794 
0.232719 0.04695711776 0.09038282633 
0.233276 0.12434659816 0.08971549677 
0.233833 0.04168795786 0.09134088833 
0.234391 0.13820791725 0.09259773729 
0.234948 0.04627074053 0.09235886178 
0.235505 0.17736952350 0.09061170598 
0.236063 0.10357773812 0.09075574835 
0.236620 0.04674238526 0.09138963694 
0.237177 0.12743693009 0.09144841901 
0.237735 0.12553007092 0.09036221892 
0.238292 0.10497716579 0.09301076321 
0.238849 0.17064597363 0.09037844816 
0.239407 0.21018310589 0.08968955841 
0.239964 0.09332063498 0.09120103503 
0.240521 -0.00088493821 0.08970870803 
0.241079 0.11551308411 0.08935900054 
0.241636 0.15248421775 0.09200937168 
0.242193 -0.00375041032 0.09146437923 
0.242750 0.12611192147 0.08993303533 
0.243308 -0.00345692590 0.09063372869 
0.243865 0.22968734263 0.09042953607 
0.244422 0.12203222520 0.08892197587 
0.244980 0.03597815317 0.08815328886 
0.245537 0.10148833601 0.09106238800 
0.246094 0.13802647523 0.08898677000 
0.246652 0.11445496360 0.08971545973 
0.247209 0.09583257902 0.08819646559 
0.247766 0.16554972578 0.09143702151 
0.248324 0.04263391769 0.08751668572 
0.248881 0.08149539067 0.08932797042 
0.249438 0.15874596298 0.08847779251 
0.249996 0.10068983247 0.08868378285 
0.250553 0.19810650673 0.08974512019 
0.251110 -0.03970348051 0.08989933824 
0.251667 0.08523575068 0.08638715635 
0.252225 0.01145036139 0.08855757622 
0.252782 0.07065331463 0.08889857137 
0.253339 -0.00363088655 0.08871687161 
0.253897 0.11207239281 0.08825355399 
0.254454 0.13686596662 0.08874619832 
0.255011 0.09294337377 0.08779972005 
0.255569 0.04355894798 0.08692267349 
0.256126 0.17596678721 0.08604713692 
0.256683 0.01290908630 0.08827971907 
0.257241 0.06249462572 0.08619121312 
0.257798 0.02870614039 0.08769867162 
0.258355 0.09827728520 0.08676436117 
0.258912 0.11889704739 0.08728117824 
0.259470 0.12154388295 0.08580091683 
0.260027 0.07283201768 0.08574533471 
0.260584 0.10061927655 0.08790563914 
0.261142 0.05052445934 0.08657801655 
0.261699 0.14893076979 0.08451802452 
0.262256 0.04508384781 0.08497653040 
0.262814 -0.01796023717 0.08602851662 
0.263371 0.17460405225 0.08495604851 
0.263928 0.10919569649 0.08639795194 
0.264485 0.13545844427 0.08523135019 
0.265043 -0.00330995788 0.08592227530 
0.265600 -0.04278038486 0.08689868097 
0.266157 -0.02461394135 0.08605483031 
0.266715 0.00646154165 0.08505109908 
0.267272 0.03493890479 0.08549980614 
0.267829 0.00198588486 0.08519171333 
0.268386 0.04624887277 0.08533298601 
0.268944 0.05469089236 0.08564114696 
0.269501 0.06626477099 0.08441557647 
0.270058 0.00849525278 0.08318924665 
0.270616 0.02215159117 0.08408835484 
0.271173 -0.00404142324 0.08448983784 
0.271730 0.07598050506 0.08668260181 
0.272287 -0.01489716597 0.08817103792 
0.272845 0.04129834212 0.08651283589 
0.273402 0.07898152408 0.08817312181 
0.273959 0.01757509910 0.08794201548 
0.274517 0.05787884657 0.08649714500 
0.275074 0.09683197726 0.08963294816 
0.275631 0.02389210343 0.09142870319 
0.276188 0.12012931117 0.09066057293 
0.276746 0.16942323119 0.08969015672 
0.277303 0.02723493530 0.08956128013 
0.277860 0.05443382358 0.09076804768 
0.278418 0.05107129106 0.09035232540 
0.278975 0.13684134405 0.09100284341 
0.279532 0.08134718226 0.09149086588 
0.280089 0.15348050519 0.09060367801 
0.280647 0.07699205878 0.09089818740 
0.281204 0.09031006292 0.09041520447 
0.281761 0.03411679952 0.09030729415 
0.282318 0.11083851773 0.09025562987 
0.282876 0.05418722911 0.08945550876 
0.283433 -0.01190149233 0.08703723278 
0.283990 0.02077296054 0.08703612093 
0.284548 0.01262475941 0.08632506844 
0.285105 0.04149920305 0.08768532881 
0.285662 0.05196472691 0.08343383457 
0.286219 0.13936068163 0.08464767297 
0.286777 0.12688571080 0.08708097836 
0.287334 0.06788070314 0.08576211841 
0.287891 0.10164961387 0.08607532923 
0.288448 -0.04402947471 0.08659852785 
0.289006 0.05626468064 0.08376677583 
0.289563 0.16128542115 0.08514134748 
0.290120 0.04536744797 0.08519936663 
0.290677 0.04967375287 0.08428904829 
0.291235 0.03222525693 0.08574696310 
0.291792 0.13091379867 0.08337377078 
0.292349 -0.01395347908 0.08562647572 
0.292906 0.05841119226 0.08633393838 
0.293464 0.02189571526 0.08666053406 
0.294021 0.10594504308 0.08437977648 
0.294578 -0.00213869693 0.08632892925 
0.295136 0.00477427754 0.08734395753 
0.295693 0.15168094389 0.08525663974 
0.296250 0.00023252397 0.08557890337 
0.296807 0.01693547810 0.08639010254 
0.297365 0.12092229640 0.08653571570 
0.297922 -0.08317451337 0.08743012133 
0.298479 0.00805975298 0.08670718310 
0.299036 0.13679739804 0.08687048287 
0.299594 0.07885539737 0.08628338280 
0.300151 0.05383162552 0.08729344747 
0.300708 0.06525729901 0.08526495774 
0.301265 0.04219521303 0.08465258790 
0.301823 0.04561607489 0.08700657667 
0.302380 -0.09430247571 0.08624019996 
0.302937 -0.00284903686 0.08529712594 
0.303494 0.01125315919 0.08522202491 
0.304052 0.12611878063 0.08533831560 
0.304609 0.09363213362 0.08640460719 
0.305166 0.06025636886 0.08495554563 
0.305723 -0.00168440839 0.08540516883 
0.306280 0.09206484633 0.08571015173 
0.306838 0.07845822080 0.08649618465 
0.307395 0.09231266078 0.08543101419 
0.307952 0.20236011256 0.08710586106 
0.308509 0.02406443891 0.08646852533 
0.309067 0.01733955971 0.08554416024 
0.309624 0.05602423532 0.08493342101 
0.310181 0.15530028938 0.08644439285 
0.310738 0.11088802223 0.08563561936 
0.311296 0.14850735272 0.08504299937 
0.311853 0.16249860674 0.08471827460 
0.312410 -0.08152812127 0.08560090195 
0.312967 0.07173863224 0.08561872865 
0.313525 0.10364336380 0.08623147045 
0.314082 0.09963978365 0.08545209247 
0.314639 0.12531365325 0.08812309445 
0.315196 0.07261486657 0.08614664670 
0.315753 0.13940062167 0.08690855598 
0.316311 0.01353782533 0.08684284925 
0.316868 0.01650530607 0.08787588534 
0.317425 0.21157392809 0.08548919001 
0.317982 0.01621952339 0.08720821549 
0.318540 0.00060468540 0.08790655424 
0.319097 0.01937927723 0.08546776345 
0.319654 0.13398185458 0.08756692809 
0.320211 0.03549202183 0.08706226632 
0.320768 0.13023147499 0.08539188064 
0.321326 0.01851193407 0.08652378670 
0.321883 -0.05679772325 0.08587619122 
0.322440 0.12651325664 0.08664994237 
0.322997 -0.06384574589 0.08778587619 
0.323555 0.10146013561 0.08868467849 
0.324112 0.09787761010 0.08778405821 
0.324669 0.02675521581 0.08547779035 
0.325226 0.03827004458 0.08677170068 
0.325783 0.09525011037 0.08754406483 
0.326341 0.05504542731 0.08964392810 
0.326898 0.02598902070 0.08740514437 
0.327455 0.13905175610 0.08880381196 
0.328012 0.17122513147 0.08695654512 
0.328569 0.03807669293 0.08897826587 
0.329127 0.05768855995 0.08836869058 
0.329684 0.08532140653 0.08816109438 
0.330241 0.10335456657 0.08795530701 
0.330798 0.07305568846 0.08797263011 
0.331355 0.12029026184 0.08811636105 
0.331913 0.10286024873 0.08981700667 
0.332470 0.08861376696 0.09005950884 
0.333027 0.13694799584 0.08865332140 
0.333584 0.09287521378 0.09036785474 
0.334141 0.10634227012 0.09123720225 
0.334699 0.12504944890 0.08973697815 
0.335256 0.04542416822 0.09167554830 
0.335813 0.12123498631 0.09030482756 
0.336370 0.18552905467 0.09002979111 
0.336927 0.10088330492 0.09037806014 
0.337485 0.07257740434 0.09129524831 
0.338042 0.12069243610 0.09219265705 
0.338599 0.09600109159 0.09174452548 
0.339156 0.07125295193 0.09215218087 
0.339713 0.11041815397 0.09224504356 
0.340271 0.08785180386 0.09314195889 
0.340828 0.00069657778 0.09340866801 
0.341385 0.02248588949 0.09280295791 
0.341942 0.03617894242 0.09580104969 
0.342499 0.15989036881 0.09322807604 
0.343057 0.11215193155 0.09364153172 
0.343614 0.13946226331 0.09248514578 
0.344171 -0.00384861531 0.09409387623 
0.344728 0.10039017429 0.09450347888 
0.345285 -0.10190734311 0.09403939320 
0.345842 0.18982444687 0.09318048695 
0.346400 0.06039879809 0.09513808630 
0.346957 0.10999496381 0.09496348004 
0.347514 0.03431548618 0.09425624381 
0.348071 0.06506261206 0.09658767288 
0.348628 0.09095135643 0.09717859460 
0.349186 0.14921756620 0.09822484870 
0.349743 -0.00248010453 0.09759633596 
0.350300 0.03459829571 0.09620284959 
0.350857 0.11428036258 0.09737387974 
0.351414 0.13606632050 0.09936084004 
0.351971 0.08923746903 0.10107581505 
0.352529 0.10185439104 0.10091666922 
0.353086 0.05758510635 0.09850553017 
0.353643 0.14459774222 0.10096553311 
0.354200 0.07613171268 0.10197944675 
0.354757 0.05874622115 0.10313436391 
0.355314 -0.04270069320 0.10092788536 
0.355872 0.02923327351 0.10316631049 
0.356429 0.03890041211 0.10249838802 
0.356986 0.03088640874 0.10329175207 
0.357543 0.10083196086 0.10482652581 
0.358100 0.22698971546 0.10315005326 
0.358657 0.05921794393 0.10331827920 
0.359215 0.05206460930 0.10272445594 
0.359772 0.06044140602 0.10480915401 
0.360329 -0.01787787149 0.10156996508 
0.360886 0.04354123915 0.10465838006 
0.361443 -0.03294414453 0.10399337363 
0.362000 0.03612762919 0.10289788287 
0.362558 0.10958552416 0.10191615797 
0.363115 0.15656284367 0.10464483317 
0.363672 0.09933001645 0.10295620065 
0.364229 0.12270674620 0.10320738364 
0.364786 0.06291615416 0.10424452605 
0.365343 0.17665090241 0.10320978682 
0.365900 0.16393306887 0.10041967015 
0.366458 0.05773142632 0.10004478101 
0.367015 0.06958930857 0.10163988555 
0.367572 0.25219108549 0.10344759256 
0.368129 0.20936276743 0.10312510421 
0.368686 0.20185025500 0.09895673070 
0.369243 0.09119874451 0.10337140426 
0.369801 0.08722967920 0.10061237866 
0.370358 0.11672270172 0.10005399802 
0.370915 -0.06068360748 0.10076238276 
0.371472 0.03080348089 0.10012618107 
0.372029 0.11765042287 0.09633259981 
0.372586 0.08815583613 0.09715516171 
0.373143 0.06420407217 0.09853176544 
0.373700 0.10538475951 0.09657385680 
0.374258 0.09434666753 0.09785088328 
0.374815 0.14964352386 0.09699804526 
0.375372 0.03173929557 0.09760384314 
0.375929 0.05358436918 0.09505013638 
0.376486 0.10237862001 0.09802063167 
0.377043 0.07121085207 0.09779651804 
0.377600 0.02164929000 0.09434289465 
0.378158 -0.03266446713 0.09513788150 
0.378715 0.17109204715 0.09384876593 
0.379272 0.06178838527 0.09627419456 
0.379829 0.05144990827 0.09463581670 
0.380386 0.08710745831 0.09418443109 
0.380943 0.01867538146 0.09411220688 
0.381500 0.10081771437 0.09384949425 
0.382057 0.05100422404 0.09421509819 
0.382615 0.20102057297 0.08996321392 
0.383172 0.07586695751 0.09347298647 
0.383729 0.09634522227 0.09236408434 
0.384286 0.06331481860 0.09381038154 
0.384843 0.03481554220 0.09132667411 
0.385400 -0.04713036079 0.09208378464 
0.385957 0.02658599833 0.09168995599 
0.386514 0.11720754253 0.09262391510 
0.387072 0.13825514918 0.09184244544 
0.387629 0.07716121899 0.09221414979 
0.388186 0.17966164523 0.09150206699 
0.388743 0.10421994723 0.08887670349 
0.389300 -0.01000396500 0.09239988208 
0.389857 0.00846993162 0.08887016684 
0.390414 0.17493852328 0.09007694315 
0.390971 0.12336384563 0.09067857821 
0.391528 0.07581097411 0.09103183372 
0.392086 0.05682177489 0.08884876080 
0.392643 0.09805514771 0.09069226385 
0.393200 -0.04463189732 0.09020232275 
0.393757 -0.01441667002 0.09243846006 
0.394314 0.10020432920 0.09037172347 
0.394871 0.09197035715 0.09158247728 
0.395428 0.09234008946 0.08915282489 
0.395985 0.20530346089 0.08774511266 
0.396542 0.04159115245 0.09006202597 
0.397099 0.04143582186 0.08835279366 
0.397657 0.19643320720 0.08870045090 
0.398214 0.13900523258 0.08912214969 
0.398771 0.20342081766 0.08994711613 
0.399328 0.01889037385 0.09149540252 
0.399885 0.01077295395 0.09043918546 
0.400442 0.11858099945 0.09029427518 
0.400999 0.03891426518 0.09111356445 
0.401556 0.24601193802 0.09170011772 
0.402113 -0.00663023550 0.09326784969 
0.402670 0.11848497051 0.09399274894 
0.403227 0.03165812806 0.09652405605 
0.403785 0.10623749861 0.09616987711 
0.404342 0.08270411368 0.09816407312 
0.404899 0.06679605063 0.09922578709 
0.405456 -0.00398914984 0.09887434418 
0.406013 0.05207737532 0.09943139359 
0.406570 -0.00108915735 0.09805075719 
0.407127 0.09209186359 0.09897620549 
0.407684 0.02399965218 0.10022739751 
0.408241 0.16091205195 0.10281270602 
0.408798 0.03330218746 0.10257092057 
0.409355 0.16953096108 0.10598259487 
0.409912 0.03484228286 0.10380911572 
0.410469 0.06122004225 0.10532536070 
0.411027 0.11900156529 0.10751054504 
0.411584 0.14809333448 0.10535567174 
0.412141 0.06476937865 0.11034418043 
0.412698 0.11996263001 0.11314542397 
0.413255 0.01684345127 0.11243666512 
0.413812 0.15408637965 0.11072355307 
0.414369 -0.01358370398 0.11416783224 
0.414926 0.11332555000 0.11396269183 
0.415483 -0.00464565223 0.11419683338 
0.416040 0.12567778229 0.11612258969 
0.416597 0.01580034494 0.11406777028 
0.417154 0.07737362957 0.12010832959 
0.417711 0.16073661389 0.12075763702 
0.418268 0.05384563240 0.11848527642 
0.418825 0.08625556860 0.11674095164 
0.419382 0.02960227302 0.11457309585 
0.419940 -0.07921452471 0.11438297484 
0.420497 0.05471298933 0.11431751600 
0.421054 0.06444522926 0.11375854618 
0.421611 0.06555228690 0.11266693160 
0.422168 0.15151687136 0.11333975256 
0.422725 0.13239518543 0.11808345432 
0.423282 0.32361873984 0.11578742904 
0.423839 0.02181064984 0.11013778161 
0.424396 0.03518654514 0.11788296112 
0.424953 0.05829709823 0.11252725366 
0.425510 -0.03484884319 0.11484455645 
0.426067 0.03074217502 0.11857486495 
0.426624 -0.06684942298 0.11403689660 
0.427181 0.22196581326 0.11424378005 
0.427738 -0.04665285214 0.11811085326 
0.428295 0.11540260492 0.11371968235 
0.428852 0.16385447615 0.11822541994 
0.429409 0.12875561664 0.11382070454 
0.429966 0.02293999681 0.11823266405 
0.430523 0.14482692375 0.11568136098 
0.431080 0.13955931020 0.11877171484 
0.431637 -0.00151878133 0.11945421007 
0.432194 -0.00923246279 0.11525945952 
0.432752 0.16199423486 0.12199083164 
0.433309 0.09073895253 0.11877856246 
0.433866 0.06854217296 0.11833311688 
0.434423 0.13239745292 0.11832452629 
0.434980 0.07654027729 0.12031146231 
0.435537 0.03351019136 0.12005834091 
0.436094 0.03607441690 0.11957258650 
0.436651 0.04161673982 0.12010682920 
0.437208 0.17604249691 0.12087917489 
0.437765 0.03425101434 0.11703075551 
0.438322 0.11537006803 0.12080618916 
0.438879 0.20721236348 0.12103819629 
0.439436 0.00984319262 0.12150399053 
0.439993 -0.09958107586 0.12406725438 
0.440550 0.18534506943 0.12585871407 
0.441107 0.10764428642 0.11893392928 
0.441664 0.11182899035 0.12054574980 
0.442221 0.14196445124 0.12397108770 
0.442778 0.10722777084 0.12134295287 
0.443335 0.13386837015 0.12848742240 
0.443892 0.17287994751 0.12643018988 
0.444449 0.15795595629 0.12608874835 
0.445006 0.18327419731 0.12285836626 
0.445563 0.22307803155 0.12271062611 
0.446120 0.01996259455 0.12180349396 
0.446677 0.05345282344 0.12721926917 
0.447234 0.07160081287 0.12715029175 
0.447791 0.05762233871 0.12771126244 
0.448348 0.19458465168 0.12596811173 
0.448905 0.03796346815 0.12219158732 
0.449462 0.11031672500 0.12335502567 
0.450019 0.09086549940 0.12544546272 
0.450576 0.20376710199 0.12121221338 
0.451133 -0.03485852975 0.12324276648 
0.451690 -0.02582079910 0.12257635219 
0.452247 -0.08675258941 0.12780906926 
0.452804 0.04073762277 0.12401446190 
0.453361 0.12898687736 0.12350280910 
0.453918 0.05458134884 0.12405612494 
0.454475 0.02514822743 0.12328412720 
0.455032 0.00823522910 0.11977028992 
0.455589 0.07453694952 0.12265355910 
0.456146 0.25030303941 0.12368448874 
0.456703 0.02818488878 0.12541602751 
0.457260 0.14476108435 0.12170452318 
0.457817 -0.00565797421 0.12021210890 
0.458374 0.00021208576 0.12108536545 
0.458931 -0.03388792220 0.12301334326 
0.459488 0.05188158530 0.12140990990 
0.460045 0.11339870475 0.12417855480 
0.460602 0.04658189524 0.12146782013 
0.461159 0.00655308181 0.12399606518 
0.461716 0.04223967695 0.12162427945 
0.462273 0.05016538389 0.12286354578 
0.462830 0.13056729030 0.12343753654 
0.463387 0.16299291130 0.12056896908 
0.463943 0.10119591228 0.12374718193 
0.464500 0.12316230835 0.11903798651 
0.465057 0.05530469085 0.12144753339 
0.465614 0.12612260299 0.12470359898 
0.466171 0.08123976363 0.12265615234 
0.466728 0.07977347589 0.11971734722 
0.467285 -0.08337355202 0.12376864542 
0.467842 0.04274331462 0.12278814006 
0.468399 -0.06512759347 0.12558277300 
0.468956 0.12121804090 0.12217833556 
0.469513 0.21954801772 0.12103264510 
0.470070 0.13860047147 0.12404045578 
0.470627 0.38812758846 0.11885069204 
0.471184 0.04556771821 0.12331954710 
0.471741 0.21080046016 0.12310449944 
0.472298 0.21362657809 0.12219663621 
0.472855 0.12880993626 0.12371832742 
0.473412 0.29274166162 0.12083127015 
0.473969 0.11490078290 0.12059073439 
0.474526 0.21015630361 0.12065573788 
0.475083 0.22111900490 0.12499663756 
0.475640 -0.18759033259 0.12153682827 
0.476196 -0.04108670034 0.12258065854 
0.476753 -0.08907565499 0.12663036848 
0.477310 0.04857533058 0.11955847094 
0.477867 0.10526823640 0.12547163865 
0.478424 0.11397319488 0.12157989110 
0.478981 0.08619386999 0.12126821281 
0.479538 0.23211660112 0.12238441078 
0.480095 0.15294844459 0.11976006706 
0.480652 0.08749983658 0.12650793970 
0.481209 0.12102413052 0.11571179090 
0.481766 -0.00460619024 0.11882322828 
0.482323 0.08345008984 0.11884732599 
0.482880 0.32661689943 0.11868014924 
0.483437 0.08548155713 0.12310972459 
0.483994 0.18997525594 0.12387050976 
0.484550 -0.00300913878 0.11981789028 
0.485107 0.05087992191 0.12271493410 
0.485664 0.06454520922 0.12087472467 
0.486221 -0.00990728087 0.11896445282 
0.486778 0.06790421788 0.12281619428 
0.487335 0.15585138463 0.12098132498 
0.487892 -0.01490606535 0.12433711768 
0.488449 -0.00520148299 0.12563323339 
0.489006 0.09036022815 0.12317141907 
0.489563 0.12694443591 0.12735247525 
0.490120 0.01822160160 0.12141370574 
0.490677 0.10687845620 0.12375902815 
0.491233 0.15227702141 0.12031792107 
0.491790 0.19269343494 0.12383777786 
0.492347 0.11340001930 0.12222843659 
0.492904 -0.04669517782 0.12297719020 
0.493461 0.09476578953 0.12128358452 
0.494018 0.18374092987 0.12282232502 
0.494575 0.10009684647 0.12205098859 
0.495132 0.04840195930 0.12042139304 
0.495689 -0.08551168385 0.12411243080 
0.496246 0.03807481561 0.12650808923 
0.496802 0.15618026155 0.12219777556 
0.497359 0.00809773828 0.12039451468 
0.497916 0.02814988712 0.12226149915 
0.498473 -0.00567240447 0.11976890233 
0.499030 0.06292026163 0.12228632912 
0.499587 0.26827427798 0.12146140904 
0.500144 0.03134177942 0.12041956861 
0.500701 0.10698674168 0.12599813847 
0.501258 0.15285531356 0.11972426458 
0.501815 0.11141228208 0.12226624584 
0.502371 0.20615167306 0.12144456402 
0.502928 -0.06809825190 0.12201247243 
0.503485 0.12414925984 0.12198743046 
0.504042 0.38981808665 0.12098957255 
0.504599 0.12352432319 0.12441698264 
0.505156 -0.00035356879 0.11820567752 
0.505713 0.16959742941 0.11940123816 
0.506270 0.25777494279 0.12423264277 
0.506826 0.06786962075 0.12142870371 
0.507383 -0.05439011063 0.12070139153 
0.507940 0.05818507318 0.12225035575 
0.508497 0.01684762797 0.12253226557 
0.509054 -0.03272115446 0.12678222660 
0.509611 0.10175427299 0.12365247817 
0.510168 0.17046631989 0.12065235853 
0.510725 0.15545348131 0.12321441625 
0.511281 0.10353596111 0.12106673645 
0.511838 -0.02672707958 0.12185587364 
0.512395 0.13851535315 0.12729062798 
0.512952 0.08092465371 0.12506579549 
0.513509 0.06502454542 0.12145236587 
0.514066 0.10193933219 0.12371293348 
0.514623 0.03346501115 0.12758770443 
0.515179 0.18197914146 0.12577830793 
0.515736 0.09945061075 0.12943875001 
0.516293 0.13772027923 0.13037892019 
0.516850 0.17128881552 0.12928103364 
0.517407 0.24137630217 0.12747587721 
0.517964 0.14204207591 0.12858642954 
0.518521 -0.01649729543 0.13090578281 
0.519077 0.14623274846 0.12825213004 
0.519634 0.06552796727 0.13112864468 
0.520191 0.09552651190 0.13226500445 
0.520748 0.01893251982 0.13445795905 
0.521305 0.05298738373 0.13249541330 
0.521862 0.09735615939 0.13043734684 
0.522418 0.19172979884 0.13570534679 
0.522975 0.10952924778 0.13937574218 
0.523532 0.11178521209 0.12963248101 
0.524089 0.12241499791 0.13557367520 
0.524646 0.03288789732 0.14115152233 
0.525203 0.14100732828 0.13620685415 
0.525759 0.05926997135 0.13838695664 
0.526316 0.20585338109 0.14147430509 
0.526873 0.17856183722 0.13788365088 
0.527430 -0.02110602494 0.13868897819 
0.527987 -0.00048331401 0.14207361629 
0.528544 0.33595311350 0.14372375692 
0.529100 0.17838281685 0.14587592623 
0.529657 0.25019865605 0.14000708635 
0.530214 -0.01993408562 0.14381486317 
0.530771 -0.06787131957 0.14578002378 
0.531328 0.12407176290 0.15012637956 
0.531884 0.16519475337 0.15402072991 
0.532441 -0.01745964851 0.15164576324 
0.532998 0.07802819171 0.15350757535 
0.533555 0.07201580309 0.15079176633 
0.534112 0.15849357611 0.14817490031 
0.534669 0.15910455669 0.14879784388 
0.535225 0.21662915307 0.14959140181 
0.535782 0.18079107972 0.15830575839 
0.536339 0.15119058270 0.16278655873 
0.536896 -0.01746565308 0.16638251449 
0.537453 0.09484098010 0.16464010381 
0.538009 -0.18657124821 0.16632892546 
0.538566 0.14290456593 0.16343308329 
0.539123 -0.09439599635 0.17255977316 
0.539680 0.04261046759 0.18124787805 
0.540237 0.22111123881 0.18317883399 
0.540793 0.34263984752 0.19051051051 
0.541350 0.29046956267 0.21362426650 
0.541907 0.07532534403 0.23276656713 
0.542464 -0.27781704751 0.25987879072 
0.543021 -0.20935107474 0.40802362549 
