0.011985 192.25126704328 0.00000000000 
0.012543 150.71451125002 7.40704987566 
0.013100 150.46972571917 13.22008965365 
0.013658 152.89857139340 10.05006398730 
0.014215 143.17680179660 9.49407652257 
0.014772 141.82855825891 6.84419190508 
0.015330 140.14616750074 5.31642902724 
0.015887 135.57546669121 5.43146765962 
0.016445 133.66906164712 4.19299869270 
0.017002 127.68311553710 3.85124001030 
0.017560 122.71531291928 3.55516761470 
0.018117 122.59927136867 2.95435598547 
0.018675 116.67667790776 2.38071526505 
0.019232 114.70148500080 2.61237367424 
0.019789 111.09535847398 2.36695151554 
0.020347 108.95491928386 2.05183952722 
0.020904 105.16752866942 1.79157384381 
0.021462 100.61811511971 1.54181830348 
0.022019 98.91014722380 1.51858120966 
0.022577 94.65532976493 1.30458499028 
0.023134 93.04946802680 1.35271420120 
0.023692 88.39073694568 1.29605741320 
0.024249 84.35195348123 1.19033274521 
0.024807 81.69512166983 1.18538527815 
0.025364 77.65309032350 1.08719178946 
0.025921 75.11215148425 1.02995019035 
0.026479 72.29228735608 0.91694507729 
0.027036 69.13188478279 0.79457542946 
0.027594 66.45495744246 0.82426824596 
0.028151 64.37049452315 0.77115703459 
0.028709 61.02797589234 0.74677534189 
0.029266 58.93222082004 0.67741766142 
0.029824 56.36579841201 0.65036748296 
0.030381 54.13784339426 0.61460798441 
0.030938 51.26731162646 0.58188766549 
0.031496 49.85261676027 0.54855634689 
0.032053 47.22028651055 0.56803882216 
0.032611 44.99591814836 0.52381349108 
0.033168 43.19688838493 0.52642205173 
0.033726 40.62546664162 0.49509177869 
0.034283 38.95015814790 0.48736006515 
0.034841 37.71551555240 0.49913420899 
0.035398 36.05660271711 0.45634346981 
0.035955 33.97996216713 0.45345391324 
0.036513 32.32376249175 0.42928165994 
0.037070 30.55486581630 0.43645848652 
0.037628 28.86186044373 0.43265218780 
0.038185 27.94577157478 0.41541251937 
0.038743 26.69840642822 0.39650295138 
0.039300 25.68310647667 0.39935854236 
0.039858 24.27495521069 0.39446568103 
0.040415 23.21712746016 0.38228002108 
0.040973 22.09586802083 0.37594968064 
0.041530 21.18395629999 0.37102390299 
0.042087 19.59017151147 0.36328496541 
0.042645 19.37800610008 0.37675830296 
0.043202 17.79876319088 0.35391920205 
0.043760 17.19268265490 0.34306272481 
0.044317 16.68619777856 0.32668477551 
0.044875 15.97868588899 0.32543698776 
0.045432 15.68747316264 0.32809813717 
0.045990 14.62667849791 0.33065342078 
0.046547 14.24607549222 0.31158002854 
0.047104 13.53163803761 0.30957043358 
0.047662 12.86285907358 0.29829559499 
0.048219 12.47244830594 0.29596308477 
0.048777 12.03918465759 0.29539384563 
0.049334 11.78055736487 0.28642619284 
0.049892 10.91724653750 0.28255311363 
0.050449 11.00370778400 0.28687657310 
0.051007 10.59662105341 0.27011802978 
0.051564 10.29521347879 0.26688419926 
0.052121 9.79506351196 0.27580864648 
0.052679 9.62951157964 0.25804118574 
0.053236 9.46239004706 0.25671169142 
0.053794 9.12452768980 0.25876488562 
0.054351 8.42914311575 0.27014758502 
0.054909 8.98990653280 0.26047043163 
0.055466 8.44613103485 0.25203227357 
0.056024 8.25678193641 0.25371353931 
0.056581 8.05266319514 0.25401774763 
0.057138 8.12129616463 0.23784086512 
0.057696 7.93387851174 0.23139992281 
0.058253 7.83311160848 0.23833362407 
0.058811 7.35436323528 0.22595108419 
0.059368 7.42449256173 0.23608872472 
0.059926 7.04153034465 0.23762283132 
0.060483 7.21935727596 0.22964752675 
0.061041 6.99245462509 0.21857834115 
0.061598 7.01876289216 0.23604028938 
0.062155 6.76503975444 0.22852977150 
0.062713 6.79030287467 0.22932503637 
0.063270 6.45026612096 0.22147265640 
0.063828 6.22823184920 0.23396136115 
0.064385 6.69189091508 0.22110520793 
0.064943 6.19537659197 0.22066367128 
0.065500 6.16252572261 0.21641012653 
0.066057 5.99381263015 0.21284542074 
0.066615 5.82369043354 0.21145988124 
0.067172 5.82585967157 0.21834335573 
0.067730 5.57649128438 0.20566467842 
0.068287 5.39424798141 0.19711449171 
0.068845 5.59845606862 0.20084983837 
0.069402 5.39368285680 0.20237420253 
0.069960 4.90828286769 0.20410321736 
0.070517 5.36677037851 0.19102575635 
0.071074 5.28988865398 0.19598985291 
0.071632 4.91239965951 0.19416381992 
0.072189 4.76772621325 0.19350012715 
0.072747 4.60050833628 0.19201954317 
0.073304 4.77286253089 0.19347193240 
0.073862 4.37710982827 0.19827035385 
0.074419 4.40806390871 0.18966694151 
0.074977 4.04799434549 0.18849322680 
0.075534 4.40117664886 0.18766761470 
0.076091 4.03418985487 0.18040251159 
0.076649 4.16552413972 0.18501544502 
0.077206 3.82464718779 0.18011148312 
0.077764 3.69446344138 0.18577481724 
0.078321 3.68567103774 0.19305781358 
0.078879 3.54801870072 0.18078676000 
0.079436 3.53720052401 0.18321836432 
0.079993 3.36568376833 0.17730027326 
0.080551 3.24596910684 0.17184788651 
0.081108 3.10316513405 0.17698012271 
0.081666 3.06493540202 0.17588043587 
0.082223 2.73522115524 0.17684689274 
0.082781 2.94916805547 0.17604879286 
0.083338 2.66436730319 0.17658630788 
0.083895 2.61772149058 0.16897722724 
0.084453 2.42519535153 0.17120082835 
0.085010 2.31923819124 0.16713390576 
0.085568 2.63742677847 0.16300791840 
0.086125 2.25936479711 0.17129986557 
0.086683 2.28560879058 0.17113921692 
0.087240 1.91704109137 0.17222221570 
0.087798 2.30917156729 0.16246046220 
0.088355 1.98896380262 0.16696408310 
0.088912 2.07439723547 0.15502108351 
0.089470 1.91464995802 0.15821899738 
0.090027 1.79003010348 0.15763570123 
0.090585 1.69085595848 0.16200282475 
0.091142 1.62057607211 0.15347899909 
0.091700 1.77337009551 0.15671195276 
0.092257 1.71640721059 0.15516387138 
0.092814 1.61540920104 0.15334112255 
0.093372 1.46063290765 0.16038155934 
0.093929 1.39169160066 0.15494158220 
0.094487 1.40155185463 0.15669825348 
0.095044 1.18084639450 0.15237693239 
0.095602 1.26370747373 0.15004364075 
0.096159 1.33321845596 0.15157061594 
0.096716 1.16178775085 0.14855151991 
0.097274 1.12028436316 0.15322570214 
0.097831 1.20530567290 0.15018644940 
0.098389 1.11656984392 0.14516727827 
0.098946 1.02780616259 0.15028704222 
0.099504 1.02843049924 0.14670651277 
0.100061 1.13967026784 0.14466819765 
0.100618 1.07523609807 0.14288668870 
0.101176 1.28088978374 0.14426756657 
0.101733 0.95508479977 0.14477625314 
0.102291 0.89172773058 0.14820458733 
0.102848 1.02102483923 0.14663650201 
0.103406 0.89628141910 0.14491329379 
0.103963 0.95091806699 0.14435607243 
0.104520 0.85059066832 0.14893855026 
0.105078 0.90607734425 0.14366643819 
0.105635 0.77554675191 0.14230492522 
0.106193 0.91945561886 0.14268841270 
0.106750 0.89689669783 0.13954119624 
0.107308 1.01041781598 0.14262209757 
0.107865 0.86204484751 0.13537880280 
0.108422 0.86635383327 0.14286110331 
0.108980 0.81035389402 0.14120392616 
0.109537 0.82544213211 0.13871503846 
0.110095 0.86392570421 0.13689661318 
0.110652 0.74075453423 0.13854970387 
0.111210 0.90416805948 0.13798399475 
0.111767 0.81213907747 0.13780966515 
0.112324 0.82256971448 0.13909723512 
0.112882 0.99917031806 0.13617130197 
0.113439 0.75663967596 0.13713327478 
0.113997 0.87288726136 0.13479558773 
0.114554 0.89678439681 0.13479822305 
0.115111 0.71919780612 0.13256594535 
0.115669 0.86500449737 0.13468254887 
0.116226 0.82320701389 0.13813477649 
0.116784 0.86723204465 0.13007267134 
0.117341 0.70555827249 0.13542203889 
0.117899 0.78181204972 0.13477147426 
0.118456 0.66336229781 0.12961990725 
0.119013 0.58091835426 0.13192941539 
0.119571 0.73778893719 0.12889147145 
0.120128 0.74566566472 0.13157222088 
0.120686 0.67870146728 0.13547786571 
0.121243 0.79987138053 0.13065815566 
0.121800 0.75321379731 0.12697204816 
0.122358 0.59321524118 0.12971875086 
0.122915 0.58418347042 0.13203730178 
0.123473 0.73411022685 0.12747351176 
0.124030 0.66542436705 0.12954338459 
0.124588 0.77740273646 0.12785822305 
0.125145 0.56233748200 0.13093915493 
0.125702 0.53215961374 0.13108479390 
0.126260 0.75591105375 0.12786181613 
0.126817 0.66218981276 0.12788604643 
0.127375 0.75914225414 0.12585888751 
0.127932 0.47281315746 0.13415428290 
0.128489 0.59034913886 0.12575489935 
0.129047 0.58981064371 0.12251227203 
0.129604 0.84164883741 0.12532184892 
0.130162 0.47251516108 0.12715909634 
0.130719 0.58348930105 0.12469446773 
0.131277 0.42480041295 0.12460089526 
0.131834 0.46547833966 0.12495662976 
0.132391 0.36676593547 0.12746558454 
0.132949 0.28556992914 0.12876633440 
0.133506 0.48415919658 0.13151374971 
0.134064 0.71389881184 0.13496472674 
0.134621 0.50917860337 0.13968133939 
0.135178 0.42917507138 0.13720402391 
0.135736 0.38946215591 0.13883378032 
0.136293 0.43183324197 0.13592886119 
0.136851 0.22998494348 0.13917934513 
0.137408 0.43480044627 0.13543305072 
0.137965 0.52120702091 0.13683568365 
0.138523 0.30330353884 0.14348915985 
0.139080 0.38587587840 0.13939908930 
0.139638 0.42491227360 0.13476956368 
0.140195 0.61037653952 0.13825970146 
0.140752 0.44790941198 0.14093611829 
0.141310 0.31769293149 0.14365685501 
0.141867 0.24666806860 0.14122369753 
0.142425 0.67371761366 0.14108844166 
0.142982 0.35996877727 0.14301631858 
0.143540 0.26043491925 0.14041163677 
0.144097 0.30020830787 0.13215189188 
0.144654 0.37406944083 0.13350449488 
0.145212 0.26464633844 0.12718697994 
0.145769 0.38935812762 0.12707836108 
0.146327 0.30696466244 0.12802245977 
0.146884 0.51530630609 0.12446668342 
0.147441 0.22675883886 0.12799007773 
0.147999 0.28598693202 0.12661711766 
0.148556 0.28315754487 0.12862185615 
0.149114 0.38986862373 0.12466600673 
0.149671 0.43753630461 0.12818156962 
0.150228 0.36371134205 0.12381733444 
0.150786 0.23837647068 0.12312486983 
0.151343 0.04489296770 0.12756105931 
0.151901 0.20430141150 0.12034756763 
0.152458 0.29760009034 0.11806148595 
0.153015 0.32708350431 0.12214005583 
0.153573 0.14867685977 0.11829405930 
0.154130 0.35319171389 0.11955572840 
0.154688 0.17908031639 0.11883130720 
0.155245 0.19371975149 0.11855069834 
0.155802 0.13470127883 0.11905674098 
0.156360 0.23622464103 0.11793213125 
0.156917 0.01800924708 0.11840722591 
0.157475 0.32090673105 0.12293878335 
0.158032 0.21261741664 0.12127350485 
0.158589 0.28621223659 0.11782374790 
0.159147 0.20821446155 0.11985076445 
0.159704 0.19765012491 0.11814158771 
0.160261 0.16215338487 0.11395104126 
0.160819 0.10760423736 0.11441354218 
0.161376 0.16443288995 0.11676756521 
0.161934 0.19142496986 0.11573565397 
0.162491 0.10434547206 0.11336787392 
0.163048 0.26654628852 0.11434047549 
0.163606 0.24743500246 0.11197147433 
0.164163 0.25794409039 0.11822161331 
0.164721 -0.00375797443 0.11134784069 
0.165278 0.07602886214 0.11459004484 
0.165835 0.17810477999 0.11524353596 
0.166393 0.08244508185 0.11440921116 
0.166950 0.06776240413 0.11474198901 
0.167508 -0.04960302383 0.11515281155 
0.168065 0.09945249088 0.11347365190 
0.168622 -0.01997159782 0.11453395020 
0.169180 0.14786086551 0.11060992905 
0.169737 0.26369241131 0.11495550185 
0.170294 0.18582689376 0.11297474492 
0.170852 0.00487686200 0.10902443845 
0.171409 0.03922445118 0.11068564323 
0.171967 0.10179404418 0.11503718976 
0.172524 0.03640493187 0.11085729956 
0.173081 0.24439533016 0.11284782172 
0.173639 0.03316652698 0.11172577426 
0.174196 0.19959124819 0.10997491107 
0.174754 0.03510215312 0.11165304528 
0.175311 0.12863108211 0.10821610232 
0.175868 0.02299355867 0.11012152356 
0.176426 0.20115590528 0.10612245006 
0.176983 0.02359127502 0.10827995163 
0.177540 0.16112037029 0.10792857861 
0.178098 -0.07832923520 0.10851876964 
0.178655 0.10355151517 0.10612136743 
0.179213 0.11864345348 0.10920616117 
0.179770 0.09886173979 0.11019062072 
0.180327 -0.03242194992 0.10683056255 
0.180885 0.12959969719 0.10727672871 
0.181442 0.28009769007 0.10734287953 
0.181999 0.15273165703 0.10561150381 
0.182557 0.14434160848 0.10654557873 
0.183114 0.00487512344 0.10968154836 
0.183672 -0.01894300904 0.10853511800 
0.184229 -0.06205052982 0.10709520772 
0.184786 0.17688169762 0.10774765336 
0.185344 0.10456157117 0.10507317191 
0.185901 0.13055225125 0.10319538088 
0.186458 0.05880984710 0.10533305680 
0.187016 0.12686892620 0.10589250450 
0.187573 0.05027751721 0.10644604314 
0.188131 0.08290181061 0.10857947826 
0.188688 0.07041739927 0.10522786047 
0.189245 -0.10251226551 0.10657314457 
0.189803 0.09734079241 0.10514946895 
0.190360 -0.03736116906 0.10525499784 
0.190917 0.16693741847 0.10393087300 
0.191475 0.01121606169 0.10258523603 
0.192032 0.15719926437 0.10275662277 
0.192590 0.12380601279 0.10326442985 
0.193147 0.10815645559 0.10278921108 
0.193704 0.07324626897 0.10251943358 
0.194262 0.10523220861 0.10419770457 
0.194819 0.08375765688 0.10346886949 
0.195376 0.18128231526 0.10297118946 
0.195934 -0.02606828066 0.10004413116 
0.196491 0.09636715979 0.10424954208 
0.197048 0.15146909474 0.10473356193 
0.197606 -0.00659848900 0.10257356819 
0.198163 0.05905577252 0.10336949168 
0.198721 0.12948276412 0.10032949149 
0.199278 0.27722602380 0.10261914625 
0.199835 0.21509707967 0.10285023014 
0.200393 -0.01869865075 0.10240406076 
0.200950 0.15746078744 0.09899454651 
0.201507 0.12570410549 0.10440507709 
0.202065 0.18393313380 0.10228137216 
0.202622 0.13493792288 0.10015929570 
0.203179 0.10716533518 0.10128657973 
0.203737 -0.07218864105 0.09866028053 
0.204294 0.21567269250 0.10137098952 
0.204851 0.12499160787 0.10167071702 
0.205409 0.13776660719 0.10102212471 
0.205966 0.11509921368 0.09995408388 
0.206524 0.11886031089 0.10113011475 
0.207081 0.08709954926 0.09790234553 
0.207638 0.14501437632 0.09933260267 
0.208196 0.05170915039 0.09801429693 
0.208753 0.09507863437 0.09923659270 
0.209310 0.04342859902 0.09881584718 
0.209868 0.22078719330 0.09808441521 
0.210425 0.04009174412 0.09539667559 
0.210982 0.09885912830 0.09658085696 
0.211540 0.20710051392 0.09716022024 
0.212097 0.16730422823 0.09885148336 
0.212654 0.11758267734 0.09868564815 
0.213212 0.11321812260 0.09834018080 
0.213769 0.12012091536 0.09648757222 
0.214326 0.12101366066 0.09733346515 
0.214884 0.19981774332 0.09577070886 
0.215441 0.17301780143 0.09488854446 
0.215999 -0.00746382427 0.09544083925 
0.216556 0.17978017857 0.09358390736 
0.217113 0.00013824882 0.09650828616 
0.217671 0.08885905155 0.09621732905 
0.218228 0.19129240353 0.09550511885 
0.218785 0.08253371885 0.09446196490 
0.219343 0.10643647330 0.09526535696 
0.219900 0.08292246244 0.09574346168 
0.220457 0.00676542719 0.09448018414 
0.221015 0.18277223800 0.09740443151 
0.221572 -0.03673077192 0.09479937608 
0.222129 0.05704157180 0.09397402029 
0.222687 0.08921072562 0.09645942837 
0.223244 0.09826889558 0.09435745076 
0.223801 0.08715680801 0.09290945850 
0.224359 0.04395268617 0.09395602363 
0.224916 0.15424976856 0.09339020106 
0.225473 0.19258630343 0.09180954062 
0.226031 0.06473736427 0.09408272585 
0.226588 0.18627867227 0.09569323753 
0.227145 0.16019575302 0.09247602117 
0.227703 0.12261457151 0.09274849811 
0.228260 0.06676864781 0.09512599522 
0.228817 0.11184120829 0.09372181004 
0.229375 0.04758919869 0.09302815094 
0.229932 0.07675199486 0.09317347819 
0.230489 0.12305840813 0.09129891564 
0.231047 0.09221165389 0.09164438790 
0.231604 0.11274907622 0.09179360520 
0.232161 0.14170080020 0.09369183187 
0.232719 0.11986611669 0.09169377705 
0.233276 0.19960127871 0.09110327046 
0.233833 0.13263499329 0.09176477823 
0.234391 0.06812830485 0.09160534894 
0.234948 0.19170951758 0.09313673220 
0.235505 0.19449432642 0.08997950724 
0.236063 0.10677457421 0.09087158784 
0.236620 0.05152989737 0.08888793890 
0.237177 0.05037854141 0.09026176075 
0.237735 0.19620397150 0.09306121190 
0.238292 0.11241543112 0.09225541736 
0.238849 0.17669403571 0.09230304014 
0.239407 0.19609117969 0.09134750716 
0.239964 0.12948161631 0.08964455834 
0.240521 0.13386162531 0.08932939741 
0.241079 -0.00288282435 0.09079448881 
0.241636 0.06744439548 0.09199096760 
0.242193 0.16640279219 0.09048043478 
0.242750 0.18625906676 0.09023931407 
0.243308 0.17968219589 0.08783452626 
0.243865 0.10578148050 0.09047361064 
0.244422 0.14187068101 0.08828336702 
0.244980 -0.01170185636 0.08860113884 
0.245537 0.01368503250 0.08882726435 
0.246094 0.06826811669 0.08970316217 
0.246652 0.05353158893 0.08881928392 
0.247209 0.10299513779 0.08888568516 
0.247766 -0.03298284692 0.09072253294 
0.248324 0.02568501094 0.08816627487 
0.248881 0.15908505614 0.08985922377 
0.249438 0.06701286567 0.08790612826 
0.249996 0.14319596726 0.08872560576 
0.250553 0.14796032333 0.08945178001 
0.251110 0.12239669785 0.08841223195 
0.251667 0.10618223028 0.08782729301 
0.252225 -0.01137437734 0.08724925512 
0.252782 0.05870329557 0.08826284745 
0.253339 0.09984325946 0.08803919024 
0.253897 0.02647906505 0.08757288241 
0.254454 0.11300594434 0.08741464026 
0.255011 0.03043871676 0.08597665240 
0.255569 0.11307871567 0.08691800151 
0.256126 0.08691731474 0.08729002839 
0.256683 0.10025078437 0.08653140948 
0.257241 0.06180624543 0.08582937409 
0.257798 0.24836970800 0.08689968888 
0.258355 0.13154703422 0.08649002974 
0.258912 0.00052645232 0.08750177451 
0.259470 0.11050212568 0.08647008459 
0.260027 0.18643046161 0.08696368076 
0.260584 0.11615085390 0.08735189653 
0.261142 0.13211030846 0.08532573690 
0.261699 0.03634565813 0.08631055068 
0.262256 0.00947380864 0.08694255268 
0.262814 0.06281462719 0.08557086751 
0.263371 0.16125082785 0.08758363980 
0.263928 0.20210777005 0.08568927257 
0.264485 0.12918323588 0.08659586937 
0.265043 0.06641856276 0.08463382638 
0.265600 0.13932432020 0.08535557967 
0.266157 0.13576130977 0.08600277399 
0.266715 0.09229767092 0.08478141143 
0.267272 0.03532469492 0.08491977683 
0.267829 0.13240437160 0.08454288727 
0.268386 0.10653640235 0.08488644191 
0.268944 -0.01595723696 0.08480299743 
0.269501 0.04930001384 0.08443926910 
0.270058 0.06207361817 0.08577291183 
0.270616 0.15072834031 0.08503065829 
0.271173 0.16880086280 0.08440159691 
0.271730 0.06008622923 0.08781169159 
0.272287 0.19792179520 0.08762477443 
0.272845 0.04643784506 0.08788843333 
0.273402 0.09384194534 0.08646699654 
0.273959 0.18071835971 0.08770037625 
0.274517 0.07901541741 0.08870980634 
0.275074 0.09384283726 0.08935136871 
0.275631 0.07215847144 0.08981869226 
0.276188 0.03298761665 0.08986809002 
0.276746 0.00802658022 0.09069309567 
0.277303 0.02040643215 0.09122866216 
0.277860 -0.01636078778 0.08995805329 
0.278418 0.17956732493 0.08880877527 
0.278975 0.05839908936 0.08870151523 
0.279532 0.09783523635 0.09093657813 
0.280089 0.09213393914 0.09050514364 
0.280647 0.04124136998 0.09273941451 
0.281204 0.08022822709 0.08968575533 
0.281761 0.04934583510 0.08843959268 
0.282318 0.03001441988 0.08947801331 
0.282876 0.00378583629 0.08855161377 
0.283433 0.11566990717 0.08772106085 
0.283990 0.11506620824 0.08670228664 
0.284548 0.11188937125 0.08670184759 
0.285105 -0.00875202001 0.08684473833 
0.285662 0.11353799252 0.08616310275 
0.286219 0.11726112593 0.08550669779 
0.286777 0.15375204039 0.08665334728 
0.287334 0.05486352659 0.08611434957 
0.287891 0.09912039376 0.08489559616 
0.288448 0.02429438603 0.08543295059 
0.289006 0.09666911865 0.08624575289 
0.289563 0.00006677430 0.08636145198 
0.290120 0.05817653904 0.08440305122 
0.290677 0.16337755383 0.08471059315 
0.291235 0.03209056454 0.08623427851 
0.291792 0.13193908413 0.08538208557 
0.292349 -0.01986704035 0.08433770194 
0.292906 0.14405949947 0.08420075393 
0.293464 0.06274536269 0.08357452386 
0.294021 0.15378345814 0.08702448690 
0.294578 0.11190977982 0.08405849465 
0.295136 -0.00043335202 0.08476755837 
0.295693 -0.04016858519 0.08638221023 
0.296250 0.05214548466 0.08394609884 
0.296807 0.01363248879 0.08575501294 
0.297365 0.05610735571 0.08573985719 
0.297922 0.06553116619 0.08588523642 
0.298479 0.09492060354 0.08763894176 
0.299036 -0.00517262439 0.08544598246 
0.299594 0.03381912661 0.08538301271 
0.300151 0.12670477245 0.08655570885 
0.300708 0.13032787690 0.08714720806 
0.301265 0.15318959718 0.08580476228 
0.301823 0.15509987870 0.08484240066 
0.302380 0.05213551252 0.08773442806 
0.302937 0.05120665376 0.08734979634 
0.303494 0.01603654063 0.08608647780 
0.304052 0.08665687095 0.08736343657 
0.304609 0.07690639623 0.08776380575 
0.305166 -0.04302130597 0.08621489681 
0.305723 0.05143810554 0.08743228800 
0.306280 0.02538222037 0.08800766162 
0.306838 0.05370870842 0.08722632268 
0.307395 0.02420138290 0.08493582268 
0.307952 0.15371867714 0.08597975359 
0.308509 0.16156601278 0.08721099269 
0.309067 0.11049691019 0.08621556735 
0.309624 0.00638734204 0.08584793678 
0.310181 -0.00696737487 0.08487147412 
0.310738 0.11098928003 0.08552282341 
0.311296 0.22189085445 0.08734277530 
0.311853 0.04358553654 0.08827878197 
0.312410 0.06556263606 0.08762594351 
0.312967 0.05933485140 0.08580767333 
0.313525 -0.03145483679 0.08574145724 
0.314082 0.22413209010 0.08797166063 
0.314639 0.06710680173 0.08771826848 
0.315196 0.00452350901 0.08762009417 
0.315753 -0.00530783451 0.08495834498 
0.316311 0.20406228705 0.08745556784 
0.316868 0.06482035208 0.08697811751 
0.317425 0.13298208289 0.08712978432 
0.317982 0.05792898201 0.08571099860 
0.318540 0.12360484628 0.08662134027 
0.319097 0.09545127603 0.08668631242 
0.319654 0.10591084385 0.08840813193 
0.320211 0.06784198848 0.08575050055 
0.320768 0.03630512735 0.08702424733 
0.321326 0.02294084049 0.08776490787 
0.321883 -0.01491109987 0.08741556005 
0.322440 0.13807511756 0.08564234362 
0.322997 0.00652259793 0.08749146519 
0.323555 0.13950168479 0.08859932478 
0.324112 0.06122163528 0.08833050441 
0.324669 0.11624452437 0.08544137627 
0.325226 0.07742281444 0.08697530318 
0.325783 0.05314875320 0.08915273408 
0.326341 0.03167574379 0.08698784751 
0.326898 0.07144219316 0.08811989604 
0.327455 0.11946361504 0.08718861215 
0.328012 0.07808084592 0.08723549242 
0.328569 -0.00050679494 0.08936886908 
0.329127 -0.00073053593 0.08934926584 
0.329684 0.16158555583 0.08990354223 
0.330241 0.02661873650 0.09036817514 
0.330798 0.03758536535 0.08752109350 
0.331355 0.12533708840 0.08938352097 
0.331913 0.19136515113 0.08867123465 
0.332470 0.07357510159 0.09026722883 
0.333027 0.01943624295 0.08847776073 
0.333584 0.06803152201 0.08995376693 
0.334141 -0.08726979215 0.09026763334 
0.334699 0.11822149139 0.08925156675 
0.335256 0.23280495704 0.09022645749 
0.335813 0.13536035050 0.09041282821 
0.336370 0.11442712837 0.09104312051 
0.336927 0.01995464190 0.09177774169 
0.337485 0.06026856706 0.08980532520 
0.338042 -0.10789828776 0.09144982620 
0.338599 0.10789903491 0.09177513610 
0.339156 0.13588183628 0.09145052692 
0.339713 0.10016843606 0.09035143189 
0.340271 0.13324510378 0.09333946070 
0.340828 0.01901640653 0.09435143257 
0.341385 0.05017921865 0.09329545090 
0.341942 0.06172892616 0.09266363090 
0.342499 0.15868998405 0.09342507458 
0.343057 0.06902093327 0.09578142835 
0.343614 0.15914541637 0.09393542634 
0.344171 0.14092534886 0.09526887199 
0.344728 0.03832224850 0.09489910077 
0.345285 0.08643568768 0.09508710109 
0.345842 0.02115887831 0.09645529843 
0.346400 0.17167487547 0.09183567286 
0.346957 0.02012163396 0.09504655128 
0.347514 0.14468624935 0.09693127584 
0.348071 0.03066048294 0.09602537364 
0.348628 0.13422167561 0.09670737109 
0.349186 0.06377356386 0.09767283402 
0.349743 -0.01257046725 0.09901355956 
0.350300 0.12530327938 0.09748720645 
0.350857 0.13896001560 0.09816015687 
0.351414 0.07762230476 0.09884414025 
0.351971 0.06411431962 0.09976544269 
0.352529 0.03827875855 0.10083472184 
0.353086 -0.03725367993 0.10009278927 
0.353643 0.03557244877 0.10131183442 
0.354200 0.00911355787 0.10009427039 
0.354757 0.08959144421 0.10074349513 
0.355314 0.02685191465 0.10318694343 
0.355872 0.14679042781 0.10289935828 
0.356429 0.13374337788 0.10193494945 
0.356986 0.12229919583 0.10243471854 
0.357543 0.23978923291 0.10177797254 
0.358100 0.00559143319 0.10133227575 
0.358657 0.16119338598 0.10263906343 
0.359215 0.02197939353 0.10283480286 
0.359772 0.22611729714 0.10471293403 
0.360329 0.05839748242 0.10272252185 
0.360886 0.10184819042 0.09919112111 
0.361443 0.04829942157 0.10476533337 
0.362000 0.04410646617 0.10298372401 
0.362558 -0.02257816733 0.10188201824 
0.363115 0.16983117021 0.10435812769 
0.363672 -0.00552361805 0.10190090760 
0.364229 0.10539847472 0.10246550075 
0.364786 0.19323089021 0.10315474516 
0.365343 0.04560307823 0.10383604830 
0.365900 0.12498839266 0.10030476664 
0.366458 0.12000202308 0.09998835187 
0.367015 0.08848031176 0.10098650063 
0.367572 0.20565340043 0.10016477776 
0.368129 0.08853163572 0.10081562675 
0.368686 0.10245119340 0.10071927221 
0.369243 0.07508429821 0.10037498803 
0.369801 0.03970369916 0.10100824416 
0.370358 0.01595282078 0.09927625804 
0.370915 0.04971128875 0.10108981229 
0.371472 0.03110463835 0.10084398533 
0.372029 0.11033419861 0.10134339178 
0.372586 0.05784219142 0.09758256698 
0.373143 0.09969966958 0.09815351383 
0.373700 0.04683309901 0.09800165645 
0.374258 0.06204489265 0.09879883163 
0.374815 0.22104496008 0.10014987165 
0.375372 0.02121637490 0.09740910967 
0.375929 0.05515068106 0.09534706175 
0.376486 0.13969109240 0.09717062380 
0.377043 0.01881206871 0.09620510578 
0.377600 -0.01322543073 0.09287498533 
0.378158 0.09724565593 0.09477187660 
0.378715 0.06238195089 0.09473693567 
0.379272 0.09987041906 0.09558598373 
0.379829 0.14142901282 0.09292266447 
0.380386 0.09411057854 0.09408748821 
0.380943 0.03661508517 0.09394053695 
0.381500 0.09715834632 0.09149537046 
0.382057 0.13186175084 0.09423171105 
0.382615 0.12090267117 0.09227998902 
0.383172 -0.01444574396 0.09236806201 
0.383729 0.03024950762 0.09259445757 
0.384286 0.11879278455 0.09311273889 
0.384843 0.08182766045 0.09190502516 
0.385400 0.03260225194 0.09216300118 
0.385957 0.10130680078 0.09121888990 
0.386514 0.09117390241 0.09164571704 
0.387072 -0.06483473435 0.09121949089 
0.387629 0.04736219779 0.09094986015 
0.388186 0.08468412342 0.08879509036 
0.388743 0.07559515588 0.08980736305 
0.389300 0.09097471598 0.09117392461 
0.389857 -0.01388757444 0.09046471865 
0.390414 0.10847360065 0.08965199176 
0.390971 -0.06538578733 0.09125262626 
0.391528 0.15130121708 0.08978214480 
0.392086 0.04939554016 0.08761131897 
0.392643 0.02057078202 0.09104044096 
0.393200 0.03867363580 0.09003256931 
0.393757 0.13554503024 0.09029707030 
0.394314 0.05929590259 0.08826749152 
0.394871 0.04266055663 0.09048383429 
0.395428 0.10027567152 0.08815888186 
0.395985 0.14204064830 0.08999970578 
0.396542 0.02376584827 0.09061366994 
0.397099 0.06790308675 0.08788443282 
0.397657 0.05822472727 0.08884820627 
0.398214 0.08904426493 0.09043316957 
0.398771 0.01885881501 0.08859305333 
0.399328 0.03036546560 0.08987375980 
0.399885 0.08189182139 0.08899689650 
0.400442 0.12420689078 0.09011089897 
0.400999 0.13783212252 0.08988203095 
0.401556 0.12380719184 0.09129730793 
0.402113 0.24059796255 0.09393155801 
0.402670 -0.10994540134 0.09510949862 
0.403227 0.09864409387 0.09488816067 
0.403785 0.02461823625 0.09911404212 
0.404342 0.09346839222 0.09868163270 
0.404899 0.07334676693 0.09824860301 
0.405456 0.06861371251 0.09636341388 
0.406013 0.25307150765 0.09754665761 
0.406570 0.01583028701 0.09810984011 
0.407127 -0.04644178609 0.09724639087 
0.407684 0.05039810747 0.10378059975 
0.408241 0.14740732217 0.10501613226 
0.408798 -0.01176050822 0.10403063680 
0.409355 0.21323847483 0.10605820063 
0.409912 0.02734043555 0.10687331845 
0.410469 0.04907497451 0.10811720311 
0.411027 0.12240387494 0.10829090562 
0.411584 -0.07782008776 0.10848389091 
0.412141 0.06657974854 0.10811589787 
0.412698 0.02191576322 0.11338433619 
0.413255 -0.00972647032 0.11039709571 
0.413812 0.12143770203 0.11139434234 
0.414369 0.07234010782 0.11627229084 
0.414926 0.11499770481 0.11281398543 
0.415483 -0.01895365380 0.11576127351 
0.416040 0.07331005448 0.11684903895 
0.416597 -0.01422731242 0.11621147250 
0.417154 -0.03321952269 0.11976566374 
0.417711 0.01364791782 0.11857367369 
0.418268 0.11691151639 0.12131189057 
0.418825 0.05328445577 0.11411726580 
0.419382 0.13508921123 0.11291468620 
0.419940 0.13346158234 0.11713618375 
0.420497 0.03225499569 0.11676811802 
0.421054 -0.01028440669 0.11704415675 
0.421611 0.16567156025 0.11346249481 
0.422168 0.19083852551 0.11330035763 
0.422725 0.10185158771 0.11064649026 
0.423282 0.08020343233 0.11241980867 
0.423839 0.07048890234 0.11375578071 
0.424396 -0.01449156078 0.11435513720 
0.424953 0.07276343002 0.11794661612 
0.425510 0.16052767922 0.11520055673 
0.426067 0.14020257161 0.11466722557 
0.426624 0.03992905244 0.11402850307 
0.427181 0.09975902519 0.11757003208 
0.427738 0.11948111316 0.11320479708 
0.428295 0.03866009538 0.11466719999 
0.428852 0.16293334455 0.11722705107 
0.429409 0.05696357156 0.11444325584 
0.429966 0.02491253054 0.11563794538 
0.430523 0.01992882596 0.11698971786 
0.431080 0.17076904603 0.11686895414 
0.431637 0.19513572705 0.11723498522 
0.432194 0.03713390437 0.12059704589 
0.432752 0.08488437930 0.11642857161 
0.433309 0.10900062350 0.12107588187 
0.433866 0.09837931077 0.11954133273 
0.434423 0.11448818583 0.11842254516 
0.434980 0.04880849072 0.12047668791 
0.435537 0.04241783273 0.11743431848 
0.436094 0.07849441373 0.12083232127 
0.436651 0.22445689597 0.11852619422 
0.437208 0.10802137628 0.11795384384 
0.437765 -0.08427161769 0.12519468544 
0.438322 -0.00164652306 0.11896332367 
0.438879 -0.02510601417 0.12016695943 
0.439436 -0.08514893694 0.11848489072 
0.439993 0.02837095009 0.12208499426 
0.440550 0.07933819072 0.11780257146 
0.441107 0.00614086934 0.11948917257 
0.441664 0.05390717369 0.12205094175 
0.442221 0.05580751538 0.12390076333 
0.442778 0.11272268710 0.12252660446 
0.443335 -0.02602749879 0.12378232870 
0.443892 0.15884409818 0.12114151348 
0.444449 -0.14956972943 0.12621908954 
0.445006 0.09888676288 0.12384499194 
0.445563 0.15659578704 0.12076816040 
0.446120 0.11001643727 0.12269851668 
0.446677 -0.05286391813 0.12707736637 
0.447234 -0.12753172118 0.12486557293 
0.447791 0.22586897354 0.12497072547 
0.448348 0.07368581252 0.12333072586 
0.448905 -0.03789727321 0.12420744365 
0.449462 0.09329382844 0.12139663413 
0.450019 -0.01808382281 0.12023630653 
0.450576 0.15609235911 0.12317560352 
0.451133 0.18651000150 0.12166689960 
0.451690 0.12133939205 0.12484570456 
0.452247 0.13929587849 0.12616602334 
0.452804 0.04844352345 0.12254816374 
0.453361 0.02666020453 0.12171376981 
0.453918 0.07801502334 0.12140019337 
0.454475 -0.04902196474 0.12384842813 
0.455032 0.10166446217 0.12232512927 
0.455589 -0.02352164469 0.11924149551 
0.456146 0.14642349405 0.12442970268 
0.456703 0.05090809796 0.12596804766 
0.457260 0.25992571754 0.12082182929 
0.457817 -0.01554621831 0.12374784957 
0.458374 0.07478074059 0.12113204622 
0.458931 0.08553719744 0.12201235741 
0.459488 0.08163570651 0.12048268524 
0.460045 0.06099315572 0.12192668046 
0.460602 0.05051001961 0.12034726425 
0.461159 0.24815806434 0.12144743726 
0.461716 0.12026920990 0.12177681560 
0.462273 0.15076025358 0.12307370816 
0.462830 0.06873838124 0.12182338250 
0.463387 0.02990787620 0.12278652435 
0.463943 0.13221619504 0.12382285266 
0.464500 0.10891615909 0.12412569238 
0.465057 0.09682891038 0.12103095487 
0.465614 0.13909282626 0.12320762311 
0.466171 0.24717576267 0.12062785227 
0.466728 -0.02045968436 0.12277220505 
0.467285 0.00936735282 0.12168347454 
0.467842 0.00036565932 0.12176150852 
0.468399 0.13993289317 0.12375942600 
0.468956 0.02660641436 0.12350614373 
0.469513 0.19410019413 0.12220612193 
0.470070 0.09333485732 0.12025615112 
0.470627 0.15701354308 0.12438865709 
0.471184 0.01531227389 0.12293609609 
0.471741 0.16149906695 0.12185490121 
0.472298 0.12838057088 0.12616708281 
0.472855 0.10920216919 0.12162348586 
0.473412 0.23618310962 0.11968928602 
0.473969 0.11398041353 0.11775675297 
0.474526 -0.07101287356 0.12372507681 
0.475083 0.17071609380 0.12151661560 
0.475640 0.12858554338 0.12077704248 
0.476196 -0.10187814523 0.12371974066 
0.476753 0.02159332164 0.12270576603 
0.477310 0.21803671165 0.12169280736 
0.477867 0.14077815914 0.12414130174 
0.478424 0.14038566500 0.12013289799 
0.478981 0.02065775821 0.12290321907 
0.479538 0.03998821902 0.11868824385 
0.480095 -0.02878209529 0.12282412918 
0.480652 0.04777313579 0.12449516562 
0.481209 0.03519501351 0.11790510268 
0.481766 0.02502325579 0.11698286744 
0.482323 -0.05444085726 0.11886838989 
0.482880 0.07270410562 0.11590496059 
0.483437 0.04784018083 0.12365658950 
0.483994 0.08320640524 0.12073373884 
0.484550 0.18584354601 0.12010912090 
0.485107 0.12344396218 0.12079456417 
0.485664 0.32137656522 0.12088253229 
0.486221 0.13930709391 0.12451305110 
0.486778 0.20392835951 0.11482780931 
0.487335 0.01620237871 0.12099658281 
0.487892 0.12351974331 0.12590934637 
0.488449 0.09748983221 0.12422904554 
0.489006 0.03684188561 0.12096104048 
0.489563 -0.09962448269 0.12094847343 
0.490120 -0.01024711017 0.12113172046 
0.490677 0.10218850050 0.12289758203 
0.491233 0.15615402110 0.12123802304 
0.491790 0.06539938428 0.12065280682 
0.492347 0.11783529108 0.12361034074 
0.492904 -0.00178225307 0.11857759260 
0.493461 0.21069747268 0.11761229828 
0.494018 0.03898043756 0.11958429652 
0.494575 0.05858207715 0.12288343588 
0.495132 0.05013330179 0.11881696386 
0.495689 0.15160095683 0.11882176050 
0.496246 0.27470171659 0.12062425350 
0.496802 0.17702380449 0.12195460369 
0.497359 0.18694334965 0.12081453555 
0.497916 0.21563429155 0.12169610172 
0.498473 0.12268285363 0.12046715148 
0.499030 0.11108688286 0.12016069614 
0.499587 -0.03724490059 0.11850861410 
0.500144 -0.01680432098 0.12119019170 
0.500701 0.14028107593 0.12141723242 
0.501258 0.00777812356 0.12266542128 
0.501815 0.00734546261 0.12282863247 
0.502371 0.02681831395 0.11902191475 
0.502928 0.12467006277 0.12001943510 
0.503485 0.08421014424 0.12117021035 
0.504042 0.17309855491 0.12175805568 
0.504599 0.08413500219 0.12468778282 
0.505156 0.05587114406 0.12080179965 
0.505713 0.01303021113 0.12168073381 
0.506270 0.17793907468 0.11993454754 
0.506826 0.10559800939 0.12196613119 
0.507383 -0.01182672683 0.12328785969 
0.507940 -0.13203633002 0.12542524838 
0.508497 0.04059416248 0.12340110610 
0.509054 0.13701971201 0.12409733594 
0.509611 0.22809875401 0.11611565579 
0.510168 0.09304165347 0.12328140996 
0.510725 0.19907478396 0.12238777636 
0.511281 -0.01014016096 0.12266869449 
0.511838 0.39047696825 0.12219878612 
0.512395 0.13277935813 0.12658251075 
0.512952 0.15566943578 0.12453930686 
0.513509 0.10044176063 0.12314175281 
0.514066 0.03740948685 0.12669448299 
0.514623 -0.00605842055 0.12817111737 
0.515179 0.11896446747 0.12745991303 
0.515736 0.10280917623 0.12708347391 
0.516293 0.12793441220 0.12908974022 
0.516850 0.07686005209 0.13141039121 
0.517407 0.08572909698 0.12440738990 
0.517964 0.29477959019 0.13133238437 
0.518521 0.14550840359 0.12720712262 
0.519077 0.05990107352 0.12854051921 
0.519634 0.02810970880 0.13223657170 
0.520191 0.22988895725 0.13588811376 
0.520748 0.05759238182 0.14085828328 
0.521305 0.03937883262 0.13607969771 
0.521862 0.20192691024 0.13284558021 
0.522418 0.04220189193 0.13583543671 
0.522975 0.00819021247 0.13514215912 
0.523532 0.06658649878 0.13168244147 
0.524089 0.24208059562 0.13244757115 
0.524646 0.13944519614 0.13630465380 
0.525203 0.03695427915 0.13898907615 
0.525759 0.09779109673 0.13412518715 
0.526316 0.16102400374 0.13524442039 
0.526873 0.08510375911 0.14318314645 
0.527430 -0.00052893993 0.14080570004 
0.527987 0.16744591234 0.13964265513 
0.528544 -0.01248414491 0.14442469395 
0.529100 -0.03065323595 0.14271938303 
0.529657 -0.03880481232 0.13786547008 
0.530214 0.07450640896 0.14210784388 
0.530771 0.05226809237 0.14594505945 
0.531328 0.02942447307 0.14702580327 
0.531884 0.08717684532 0.14481304739 
0.532441 0.01971300731 0.15161419882 
0.532998 0.12539168002 0.14952107481 
0.533555 0.02058752938 0.14585268066 
0.534112 0.00257119629 0.15453642694 
0.534669 -0.01794329946 0.15282642346 
0.535225 -0.06128704612 0.15189447499 
0.535782 0.02968414750 0.15383682658 
0.536339 0.29118262892 0.15896385620 
0.536896 0.24665728168 0.16550109313 
0.537453 0.22884978448 0.16110258703 
0.538009 -0.00217543845 0.16766984840 
0.538566 -0.06191388814 0.17324811259 
0.539123 0.07306431113 0.17587400112 
0.539680 0.05832065259 0.18042029028 
0.540237 0.13716639231 0.18716593808 
0.540793 0.08735034456 0.18797666328 
0.541350 0.30636637260 0.21669419219 
0.541907 0.10323097147 0.21841511803 
0.542464 0.13496547757 0.26797909175 
0.543021 0.25664907469 0.46799890853 
