0.011985 132.58183724214 0.00000000000 
0.012543 166.80820589756 9.94612972416 
0.013100 153.88765168587 12.56925808789 
0.013658 148.21599936564 10.86709616707 
0.014215 143.36761353791 9.44662425705 
0.014772 144.57439377259 6.87602881619 
0.015330 138.27639316726 5.72576647582 
0.015887 134.51730091752 5.29986966692 
0.016445 131.54642666680 4.25411773243 
0.017002 127.09279644959 3.98608287300 
0.017560 124.50552136018 3.82108205077 
0.018117 120.88491667930 2.85996835417 
0.018675 117.93318884383 2.50783550934 
0.019232 114.53406877967 2.57714959603 
0.019789 109.84264773734 2.21771504030 
0.020347 108.01345701471 2.10690456610 
0.020904 103.76771843806 1.74826889523 
0.021462 100.95365883528 1.66411835357 
0.022019 97.19664455209 1.52375113176 
0.022577 94.64692627761 1.30723289111 
0.023134 91.23241113866 1.39480647595 
0.023692 86.84640864436 1.36211648859 
0.024249 84.38263726310 1.15066223916 
0.024807 81.29799580320 1.09756034156 
0.025364 77.85888427080 0.94894590206 
0.025921 74.82577411910 1.01077163430 
0.026479 72.47955466025 0.98977711725 
0.027036 68.50776688267 0.77819437790 
0.027594 68.16615059528 0.84350008841 
0.028151 64.17122211414 0.76385059542 
0.028709 61.28957845317 0.70552805654 
0.029266 59.65081167818 0.70965925350 
0.029824 56.19048707527 0.67500469862 
0.030381 53.44162961182 0.58849889757 
0.030938 51.96366910715 0.57358856400 
0.031496 49.10600977448 0.58107788706 
0.032053 47.04776069871 0.53462646038 
0.032611 44.64765416777 0.55471457064 
0.033168 43.71255289067 0.49485699253 
0.033726 41.43968336011 0.51669196748 
0.034283 39.46371007527 0.50789013202 
0.034841 38.23081728349 0.48464023454 
0.035398 35.26266622381 0.48186961735 
0.035955 34.23763265999 0.46197866084 
0.036513 32.05241884731 0.40307628661 
0.037070 30.54737281872 0.40735972975 
0.037628 29.53769107849 0.43426244021 
0.038185 28.35855859482 0.42504126515 
0.038743 27.28427415380 0.41222848487 
0.039300 25.83571701644 0.40363006826 
0.039858 24.83709795271 0.38468803845 
0.040415 22.53710828016 0.37575661368 
0.040973 21.75124556516 0.36056967999 
0.041530 21.30102503488 0.34839707905 
0.042087 20.53934159516 0.35553028642 
0.042645 19.45006624694 0.35893817936 
0.043202 18.75257258101 0.34990107617 
0.043760 17.80130886410 0.33150788777 
0.044317 17.19217248595 0.31572754713 
0.044875 15.91691962117 0.33291602915 
0.045432 15.39243085741 0.33103143650 
0.045990 14.91582059063 0.30909492610 
0.046547 14.21470316678 0.32602741595 
0.047104 14.31257435471 0.30785593094 
0.047662 13.04858367104 0.29847984193 
0.048219 13.11397830878 0.29523342706 
0.048777 11.90308992363 0.29436514598 
0.049334 12.01686729902 0.27764627482 
0.049892 11.54527043345 0.28416167800 
0.050449 11.36552885114 0.29498469679 
0.051007 10.68747881692 0.28467099219 
0.051564 10.33527834004 0.27323020103 
0.052121 10.14125608792 0.27208710513 
0.052679 9.62930400761 0.26328347289 
0.053236 9.83032685949 0.25841170236 
0.053794 9.58079767497 0.25486566579 
0.054351 9.25124988128 0.26085953125 
0.054909 9.21515802415 0.25798665162 
0.055466 8.70192386559 0.24042601863 
0.056024 8.47218330083 0.24818534696 
0.056581 8.30816701109 0.24307688435 
0.057138 8.19253082272 0.23721976955 
0.057696 8.07554267600 0.24360048376 
0.058253 7.90345526632 0.23534558852 
0.058811 7.35405431589 0.22956678898 
0.059368 7.55286547706 0.23627079816 
0.059926 7.41614965382 0.22820655427 
0.060483 7.07248757677 0.23223772760 
0.061041 7.12101704047 0.22427362240 
0.061598 7.12149547921 0.22487495814 
0.062155 6.89740846847 0.22655230354 
0.062713 6.74916495407 0.22387219154 
0.063270 6.57938718210 0.22826095344 
0.063828 6.54880547376 0.22312174176 
0.064385 6.53605279501 0.22037769065 
0.064943 6.25857446191 0.21430717672 
0.065500 5.98793353776 0.23416631479 
0.066057 6.12910444693 0.20827321983 
0.066615 6.14383026436 0.21774184882 
0.067172 5.83762567313 0.21090435474 
0.067730 5.99595199281 0.21046919215 
0.068287 5.60822101879 0.20604274083 
0.068845 5.40878248524 0.19385589325 
0.069402 5.41806248475 0.19422173877 
0.069960 5.36812923469 0.20108058573 
0.070517 5.12199248509 0.18644593862 
0.071074 5.06815704890 0.19194343321 
0.071632 5.17927704717 0.19689617355 
0.072189 4.78705668556 0.19233773991 
0.072747 4.42581702622 0.19311354694 
0.073304 4.74754864297 0.18855035606 
0.073862 4.56498925682 0.19787437759 
0.074419 4.46235430073 0.18815945919 
0.074977 4.51170251717 0.18288557528 
0.075534 4.24567955885 0.19502990792 
0.076091 4.01982780235 0.18860396788 
0.076649 3.81739141900 0.18375174660 
0.077206 3.85164181846 0.19110312708 
0.077764 3.76006982170 0.18231560467 
0.078321 3.92078672413 0.18740128314 
0.078879 3.18729577115 0.18051031305 
0.079436 3.46909219422 0.18481001122 
0.079993 3.34650418658 0.17419104411 
0.080551 3.49439535177 0.17866201259 
0.081108 3.25105617560 0.17519402039 
0.081666 2.93743709210 0.17652856556 
0.082223 2.84635659993 0.17503727989 
0.082781 2.79458826660 0.16610100001 
0.083338 2.64391311185 0.17415010621 
0.083895 2.49727217754 0.16812999019 
0.084453 2.62142052834 0.17100139657 
0.085010 2.31272903802 0.16788009444 
0.085568 2.46241996990 0.16776609783 
0.086125 2.02572094046 0.17004988383 
0.086683 2.38473332393 0.16623405277 
0.087240 2.15778433857 0.17054896380 
0.087798 2.15324607037 0.16575438481 
0.088355 2.04083020167 0.15917987763 
0.088912 1.98689898196 0.16229658624 
0.089470 1.84888715764 0.16158973356 
0.090027 1.69643465165 0.15879504634 
0.090585 1.84255186484 0.15779338210 
0.091142 1.57877761339 0.15680231240 
0.091700 1.67754288751 0.15709490499 
0.092257 1.51702314487 0.15703666644 
0.092814 1.67358392202 0.15840052109 
0.093372 1.55214450444 0.15917913844 
0.093929 1.56522430816 0.15553601521 
0.094487 1.49570974387 0.15231822470 
0.095044 1.45167421715 0.15281931633 
0.095602 1.24185538868 0.14926430245 
0.096159 1.24903713985 0.15342171149 
0.096716 1.06565061057 0.15448607096 
0.097274 1.23609767332 0.15142693892 
0.097831 1.37181669408 0.15133336692 
0.098389 1.26240145028 0.14637178518 
0.098946 1.20883143032 0.14399565292 
0.099504 1.25692307314 0.14727853523 
0.100061 0.93420309859 0.14798178818 
0.100618 1.28156478432 0.14813437328 
0.101176 0.93088382327 0.14859172812 
0.101733 1.02507061500 0.14655572501 
0.102291 0.92739405090 0.14841629953 
0.102848 1.03032736759 0.14459022160 
0.103406 1.08259154811 0.14528548065 
0.103963 0.77541983449 0.14420982359 
0.104520 0.91866281983 0.14165069750 
0.105078 0.84211376409 0.14420734538 
0.105635 0.82586959871 0.14366739887 
0.106193 0.95483843366 0.13947380404 
0.106750 0.93813328802 0.14439930344 
0.107308 0.73457192564 0.14170027788 
0.107865 0.82811220211 0.13930292224 
0.108422 0.88132033581 0.13752871424 
0.108980 0.90017647072 0.13621110452 
0.109537 0.88688893836 0.14063836126 
0.110095 0.88880290111 0.13653508425 
0.110652 0.91628432310 0.13576495960 
0.111210 0.83469743611 0.13927915364 
0.111767 0.72693688402 0.13821889111 
0.112324 0.74381639619 0.13779155806 
0.112882 0.75980350799 0.13503202549 
0.113439 0.73532223196 0.13796178321 
0.113997 0.79572981023 0.13308706038 
0.114554 0.79878957952 0.13715754172 
0.115111 0.82049876683 0.13736241282 
0.115669 0.75571636146 0.14142250772 
0.116226 0.55648734514 0.13419044387 
0.116784 0.88106443891 0.13606548993 
0.117341 0.85562265332 0.13298216642 
0.117899 0.93589821058 0.13242803962 
0.118456 0.72964671706 0.12916978371 
0.119013 0.70454387282 0.13226052872 
0.119571 0.74284133409 0.12562181223 
0.120128 0.69266543587 0.13372998779 
0.120686 0.66447969759 0.12825085687 
0.121243 0.77953321053 0.12975953727 
0.121800 0.64483208478 0.12910842949 
0.122358 0.47712861260 0.12691103114 
0.122915 0.56257727739 0.13278903630 
0.123473 0.82064823222 0.12987028126 
0.124030 0.66790750964 0.13348767133 
0.124588 0.67193146479 0.12694758471 
0.125145 0.59185999080 0.12940677612 
0.125702 0.54940011543 0.13028673296 
0.126260 0.65394769314 0.12869796066 
0.126817 0.43414102429 0.12635019185 
0.127375 0.50499034208 0.12739973319 
0.127932 0.74979931144 0.12359907895 
0.128489 0.57594389029 0.12442595945 
0.129047 0.63913628594 0.12495123352 
0.129604 0.55076827174 0.12671631295 
0.130162 0.52143731247 0.12412628777 
0.130719 0.45956676678 0.12135368448 
0.131277 0.63170437334 0.12713186256 
0.131834 0.46168748483 0.12774409287 
0.132391 0.49348943052 0.12597043924 
0.132949 0.37068734349 0.12610270511 
0.133506 0.60239676697 0.13091785794 
0.134064 0.47032146114 0.13406862407 
0.134621 0.50673230626 0.13289344553 
0.135178 0.59244428135 0.14009839682 
0.135736 0.54769592257 0.14036549970 
0.136293 0.58968577406 0.14478080245 
0.136851 0.38649357056 0.13324380691 
0.137408 0.45596555103 0.13707580616 
0.137965 0.44490777326 0.14040193306 
0.138523 0.42890206402 0.13770020536 
0.139080 0.56602405763 0.13568889045 
0.139638 0.46700964903 0.14002180500 
0.140195 0.44085703469 0.14402512955 
0.140752 0.54801023458 0.14139891246 
0.141310 0.32514742265 0.14344325764 
0.141867 0.38656913603 0.14033521131 
0.142425 0.47498804885 0.14065036851 
0.142982 0.42030623178 0.13890936293 
0.143540 0.30903281294 0.13637735133 
0.144097 0.35648471621 0.13349117973 
0.144654 0.34135340802 0.13495940880 
0.145212 0.36628559331 0.12993846777 
0.145769 0.18892112796 0.12846556929 
0.146327 0.36891051486 0.12681693901 
0.146884 0.17997581448 0.13199183290 
0.147441 0.50925946086 0.12936893971 
0.147999 0.31131573792 0.12333693909 
0.148556 0.24032543529 0.12827804813 
0.149114 0.22801729741 0.12517408399 
0.149671 0.28840367680 0.12230582944 
0.150228 0.20344935683 0.12805645049 
0.150786 0.21208833584 0.12294311289 
0.151343 0.35219818940 0.12470996700 
0.151901 0.25551186394 0.12626365181 
0.152458 0.31886219974 0.12303289775 
0.153015 0.30332770231 0.12232682385 
0.153573 0.08205948250 0.11731413605 
0.154130 0.22423003330 0.12050704671 
0.154688 0.24190175753 0.11900175297 
0.155245 0.24459684146 0.12013648427 
0.155802 0.21581703735 0.11729114940 
0.156360 0.30318397085 0.11993214559 
0.156917 0.06915677228 0.12199063376 
0.157475 0.09904345156 0.11856303383 
0.158032 0.19620672363 0.11825108149 
0.158589 0.15901227638 0.11730262868 
0.159147 0.20292046378 0.11740512413 
0.159704 0.05894222605 0.11761340262 
0.160261 0.09117205479 0.11501696293 
0.160819 0.43079906218 0.11761492177 
0.161376 0.22263474456 0.11707246016 
0.161934 0.25150312827 0.11629624531 
0.162491 0.07530063805 0.11347420724 
0.163048 0.11757632229 0.11439465860 
0.163606 0.11426480922 0.11668558372 
0.164163 0.20984108253 0.11866627098 
0.164721 0.20102273997 0.11378509661 
0.165278 -0.03394368060 0.11443693259 
0.165835 0.20113225475 0.11479461656 
0.166393 0.05538877058 0.11551345411 
0.166950 0.23747075008 0.11461913615 
0.167508 0.13971222188 0.11335786449 
0.168065 0.12060163562 0.11361202489 
0.168622 0.07120402704 0.11382502685 
0.169180 0.09064850298 0.11466562089 
0.169737 -0.01174062162 0.11150879802 
0.170294 0.14277417331 0.11034815282 
0.170852 0.20468631696 0.11406411916 
0.171409 0.12328585488 0.11338757547 
0.171967 0.10720388666 0.11394981197 
0.172524 0.07101836605 0.10939222382 
0.173081 0.00742196524 0.11076978844 
0.173639 0.09441672680 0.10970046280 
0.174196 0.12010686507 0.11119191477 
0.174754 0.09052616317 0.10741012566 
0.175311 0.01697165905 0.10917317943 
0.175868 0.20939962914 0.11050011117 
0.176426 0.04250380776 0.10618696358 
0.176983 -0.13509134236 0.10683447107 
0.177540 0.10444162234 0.10985103578 
0.178098 -0.01097110225 0.10614544821 
0.178655 0.06461651981 0.10809329683 
0.179213 0.10003083420 0.10895611829 
0.179770 0.07120399366 0.10560859618 
0.180327 0.05647750097 0.10625017540 
0.180885 0.03610719799 0.10768757150 
0.181442 0.04260569271 0.10440673881 
0.181999 0.25072703572 0.10762401499 
0.182557 0.09825490701 0.10597875452 
0.183114 0.05656287996 0.10495558780 
0.183672 0.16685525240 0.10779533645 
0.184229 0.10479799037 0.10551827867 
0.184786 0.06834271617 0.10518691509 
0.185344 0.12181814962 0.10595896947 
0.185901 0.15287486590 0.10481548778 
0.186458 -0.04932268810 0.10545007611 
0.187016 0.22484694190 0.10530696221 
0.187573 0.06425412247 0.10660526684 
0.188131 -0.05841233753 0.10659616422 
0.188688 -0.01616981644 0.10494780500 
0.189245 0.18467573847 0.10659471939 
0.189803 0.06585566325 0.10807358746 
0.190360 0.06074913872 0.10584765673 
0.190917 0.11904160677 0.10519689133 
0.191475 0.06381336042 0.10616449848 
0.192032 0.13266446880 0.10486303080 
0.192590 0.19226172025 0.10059746442 
0.193147 0.04353460461 0.10523283147 
0.193704 0.11069632349 0.10328312094 
0.194262 0.03850641524 0.10212694069 
0.194819 0.04753853177 0.10543057915 
0.195376 0.21280746721 0.10093437543 
0.195934 0.09536922572 0.10319478379 
0.196491 0.22184737119 0.10445950409 
0.197048 0.00642013723 0.10318934994 
0.197606 0.21313203570 0.10394135303 
0.198163 0.05261066970 0.10311607444 
0.198721 0.06634132329 0.10116281724 
0.199278 0.18789073117 0.10120839050 
0.199835 0.04348094019 0.10517434338 
0.200393 0.27697415769 0.09983694576 
0.200950 0.22792592987 0.10081665205 
0.201507 0.17469714039 0.10350692266 
0.202065 0.00558289822 0.10440876770 
0.202622 0.02595964863 0.10254507895 
0.203179 0.14059263113 0.10359541867 
0.203737 0.09965176984 0.10116676136 
0.204294 -0.02126482372 0.10076211554 
0.204851 0.02686368098 0.10151268981 
0.205409 0.20682100553 0.10262603469 
0.205966 0.02421310388 0.09745011966 
0.206524 0.13833172420 0.10074737498 
0.207081 0.16916539668 0.09645112706 
0.207638 0.14934885832 0.09874767177 
0.208196 0.22093783314 0.09609158964 
0.208753 0.10086981818 0.09887300909 
0.209310 0.14249693323 0.09788150187 
0.209868 0.10663431456 0.09864498472 
0.210425 0.14273304450 0.09755201934 
0.210982 0.09335637691 0.09874440360 
0.211540 0.16793578063 0.09764905183 
0.212097 0.05491119807 0.09869481832 
0.212654 0.04172512732 0.09920940060 
0.213212 0.20993850933 0.09745534473 
0.213769 0.06495427325 0.09768466700 
0.214326 0.14925020062 0.09696039538 
0.214884 0.20036998251 0.09772407131 
0.215441 0.02961702082 0.09356251408 
0.215999 0.01440241490 0.09489533511 
0.216556 0.12911387734 0.09546574718 
0.217113 0.10330283522 0.09681872596 
0.217671 0.16816510624 0.09639746514 
0.218228 0.08176560953 0.09507154072 
0.218785 0.06362652094 0.09615465479 
0.219343 0.13068204450 0.09385429602 
0.219900 0.24285565618 0.09703815945 
0.220457 0.09222753795 0.09721090821 
0.221015 0.11871635770 0.09394223923 
0.221572 0.23696036182 0.09522000964 
0.222129 0.19269405625 0.09694194214 
0.222687 0.08966424405 0.09544578226 
0.223244 0.12342217244 0.09549711906 
0.223801 0.07035444384 0.09441744693 
0.224359 0.11731065054 0.09420267887 
0.224916 0.21021198705 0.09304727676 
0.225473 0.15222502793 0.09383854764 
0.226031 0.18174276031 0.09579654280 
0.226588 0.09492480150 0.09465339586 
0.227145 0.18700956314 0.09449170209 
0.227703 0.09419435251 0.09557832244 
0.228260 0.17469107169 0.09502416266 
0.228817 0.18825924079 0.09407373367 
0.229375 0.16823352503 0.09222499097 
0.229932 0.20049942415 0.09392733234 
0.230489 0.05666073200 0.09231581955 
0.231047 0.13894333971 0.09312975324 
0.231604 0.07952888159 0.09002871876 
0.232161 0.21401752388 0.09262530594 
0.232719 0.15061436073 0.09100333993 
0.233276 0.20819523814 0.09333142103 
0.233833 0.18929939461 0.08884086666 
0.234391 0.08750064918 0.09339749300 
0.234948 0.20015287935 0.09078605720 
0.235505 0.20400217399 0.08877556865 
0.236063 0.23808805679 0.09038269095 
0.236620 0.06101759190 0.09043505205 
0.237177 0.07653172275 0.09142478160 
0.237735 0.06250777403 0.09065214928 
0.238292 0.03268711780 0.09242454519 
0.238849 0.05966262732 0.09007425649 
0.239407 0.17204433430 0.09254025537 
0.239964 0.14101263045 0.09191799586 
0.240521 0.16983076088 0.09128421446 
0.241079 0.07401615084 0.09055741042 
0.241636 0.15049418387 0.08882703869 
0.242193 0.07345241210 0.09164096286 
0.242750 0.06796285302 0.08911694765 
0.243308 0.11422650825 0.08953621149 
0.243865 0.21976300212 0.08683398344 
0.244422 0.12621074457 0.08896962259 
0.244980 0.04752842174 0.08954847013 
0.245537 0.17914866179 0.09063395969 
0.246094 0.12160073367 0.09202111202 
0.246652 0.10851660158 0.08860766073 
0.247209 -0.01655631709 0.08866980830 
0.247766 0.00223674302 0.09012670243 
0.248324 0.00196200548 0.08953165911 
0.248881 0.12345595307 0.08858549735 
0.249438 0.05050068827 0.08829825798 
0.249996 0.03272356307 0.08809338666 
0.250553 0.02161437121 0.08686093536 
0.251110 0.16080630729 0.08724105501 
0.251667 0.12066792814 0.08891930858 
0.252225 0.10227754690 0.08800541487 
0.252782 0.20227748717 0.08995395185 
0.253339 0.07099372196 0.08707006648 
0.253897 0.14162915985 0.08846183719 
0.254454 0.14748884585 0.08544527081 
0.255011 0.05246197269 0.08816427428 
0.255569 0.08890886601 0.08888770080 
0.256126 0.04566399901 0.08667580332 
0.256683 0.03252044777 0.08717268017 
0.257241 0.12707432424 0.08791732873 
0.257798 0.10028187848 0.08727400123 
0.258355 0.10056704589 0.08782722616 
0.258912 0.07559404088 0.08553169015 
0.259470 0.08463948249 0.08699511036 
0.260027 0.03033506901 0.08572133592 
0.260584 0.14265215268 0.08593603402 
0.261142 0.08382208698 0.08583027009 
0.261699 0.10664561711 0.08664672028 
0.262256 0.13531955345 0.08731633005 
0.262814 0.14593311079 0.08465571281 
0.263371 0.15167754154 0.08543076399 
0.263928 0.03763862146 0.08516473576 
0.264485 0.01848172619 0.08621741309 
0.265043 0.17682284539 0.08441357606 
0.265600 0.01657286078 0.08583657857 
0.266157 0.06982259806 0.08713620148 
0.266715 0.09376309157 0.08475803996 
0.267272 0.08569567029 0.08609636504 
0.267829 0.19147710795 0.08550547866 
0.268386 0.14161145664 0.08365344163 
0.268944 -0.01982564665 0.08420193876 
0.269501 0.10458603599 0.08475967310 
0.270058 0.13245092951 0.08429783987 
0.270616 0.10221207290 0.08543533280 
0.271173 0.13019252053 0.08529760425 
0.271730 0.09036099634 0.08450739700 
0.272287 0.13776438200 0.08722568155 
0.272845 -0.04226655540 0.08838840052 
0.273402 0.10453035727 0.08651513676 
0.273959 0.02624803031 0.08833886077 
0.274517 0.05442387840 0.08916153597 
0.275074 0.04970395081 0.08915994703 
0.275631 0.09536815149 0.08930737980 
0.276188 0.15759924285 0.08834407771 
0.276746 0.10630346211 0.08881353480 
0.277303 0.20296210202 0.09120361628 
0.277860 0.06392134919 0.09161726991 
0.278418 0.10007682562 0.09146595697 
0.278975 0.27078782462 0.09205267196 
0.279532 0.06509645415 0.09137717250 
0.280089 0.04529624066 0.09021289918 
0.280647 0.04239262054 0.09143893333 
0.281204 0.00369786596 0.08989201436 
0.281761 0.12010166259 0.08840822160 
0.282318 0.11398253313 0.08797066330 
0.282876 0.01848367142 0.08829030612 
0.283433 0.08934409434 0.08754934512 
0.283990 0.18128309526 0.08819092281 
0.284548 0.01469514452 0.08658388564 
0.285105 0.08085628169 0.08804381968 
0.285662 0.04413139043 0.08633904470 
0.286219 0.04486059212 0.08705474088 
0.286777 -0.01782215883 0.08733576604 
0.287334 0.08488230316 0.08766940873 
0.287891 0.08651296505 0.08612049413 
0.288448 0.07544833507 0.08787511345 
0.289006 0.12865619471 0.08542006291 
0.289563 0.08509261688 0.08465459890 
0.290120 0.05361286849 0.08498570683 
0.290677 -0.05099212514 0.08594277314 
0.291235 0.06628479922 0.08595545359 
0.291792 0.13804072926 0.08500636520 
0.292349 -0.04785124157 0.08469040297 
0.292906 -0.07670588797 0.08362246620 
0.293464 0.05435442027 0.08474999174 
0.294021 0.01167908665 0.08513571099 
0.294578 0.11297775571 0.08832876329 
0.295136 -0.02268825337 0.08392641844 
0.295693 0.06191247828 0.08549579595 
0.296250 0.05722895066 0.08451482952 
0.296807 0.15089555315 0.08515620040 
0.297365 0.03578743472 0.08566011450 
0.297922 0.10402856713 0.08662599582 
0.298479 0.04213895105 0.08497536439 
0.299036 -0.01975482968 0.08471774441 
0.299594 -0.04212610441 0.08483587771 
0.300151 0.03264671577 0.08684666045 
0.300708 0.05497626305 0.08639804852 
0.301265 0.09166803203 0.08718670693 
0.301823 0.00345764122 0.08634818524 
0.302380 0.08098236440 0.08594351273 
0.302937 0.14367921384 0.08618848060 
0.303494 0.08756034882 0.08567724715 
0.304052 0.10780399752 0.08656418910 
0.304609 0.06187720562 0.08411578064 
0.305166 -0.02857890766 0.08695378783 
0.305723 0.10384507434 0.08591556496 
0.306280 0.06430264950 0.08581594105 
0.306838 0.00881031189 0.08437592421 
0.307395 0.15460573476 0.08708133176 
0.307952 0.06038333118 0.08594438725 
0.308509 0.08539190821 0.08558924807 
0.309067 0.12890730084 0.08349633298 
0.309624 0.02723985006 0.08453116498 
0.310181 0.16764910201 0.08617656042 
0.310738 0.05829358001 0.08539097000 
0.311296 0.05004087603 0.08563427793 
0.311853 0.07869723799 0.08615844184 
0.312410 0.13158800012 0.08548862349 
0.312967 0.14016769023 0.08757720458 
0.313525 0.20265262390 0.08636841624 
0.314082 0.04142206685 0.08577679495 
0.314639 0.05823223923 0.08657361215 
0.315196 0.03120933851 0.08544989109 
0.315753 0.12131605702 0.08743814049 
0.316311 -0.00339719938 0.08563773755 
0.316868 0.09524356357 0.08597309316 
0.317425 0.05332316312 0.08634008504 
0.317982 0.06355952493 0.08542277503 
0.318540 0.10585327087 0.08735347485 
0.319097 0.16877167193 0.08668885131 
0.319654 -0.09216146031 0.08573288858 
0.320211 0.00522715216 0.08674588324 
0.320768 0.02790606789 0.08714894916 
0.321326 0.04597004324 0.08618582902 
0.321883 0.09397153434 0.08716509824 
0.322440 0.06388532112 0.08585561804 
0.322997 0.08083125852 0.08664418035 
0.323555 0.05182805200 0.08770809160 
0.324112 0.04485563247 0.08700904201 
0.324669 0.08029422983 0.08860556682 
0.325226 0.10723763328 0.08760769220 
0.325783 0.10857877414 0.08804658974 
0.326341 0.04666623547 0.08823958390 
0.326898 0.09145783406 0.08793689540 
0.327455 0.10140430557 0.08814168549 
0.328012 0.13837626905 0.08809884738 
0.328569 0.04202291855 0.08700218376 
0.329127 -0.03190251706 0.08811343021 
0.329684 -0.09393873923 0.08871925183 
0.330241 0.12876127859 0.08778956015 
0.330798 0.17595031995 0.08845032249 
0.331355 0.05462202881 0.08880389473 
0.331913 0.04521632205 0.08886591324 
0.332470 0.02862273815 0.08789473004 
0.333027 0.07391270707 0.08932188874 
0.333584 0.04540579954 0.09138534392 
0.334141 0.11481929776 0.08891198659 
0.334699 0.05851991861 0.08971255829 
0.335256 0.05839516012 0.08959062776 
0.335813 0.10224843867 0.09088798174 
0.336370 0.01630874987 0.09012938163 
0.336927 -0.05639343849 0.09086839017 
0.337485 0.08126467979 0.09109786192 
0.338042 0.15213675201 0.09336986633 
0.338599 0.13127926992 0.09106397408 
0.339156 0.10621212956 0.09226633360 
0.339713 0.16531699821 0.09257450395 
0.340271 0.03792814510 0.09271730028 
0.340828 0.16825499007 0.09323679906 
0.341385 0.08490034609 0.09206835545 
0.341942 0.15592297837 0.09231895805 
0.342499 0.05621809336 0.09196708358 
0.343057 0.09497293928 0.09322449930 
0.343614 0.06675075302 0.09478441855 
0.344171 0.08420934304 0.09519720691 
0.344728 0.01748709186 0.09522723090 
0.345285 0.06860254483 0.09437750700 
0.345842 0.09095681679 0.09407226176 
0.346400 0.10218190452 0.09387578299 
0.346957 -0.02694273034 0.09762081399 
0.347514 0.10956149865 0.09410653286 
0.348071 0.10016066901 0.09718018189 
0.348628 0.13047948096 0.09709873644 
0.349186 0.09387634986 0.09604964783 
0.349743 0.25124408350 0.09781109014 
0.350300 0.10343305935 0.09593966111 
0.350857 -0.00088035124 0.09628896755 
0.351414 0.25645326638 0.10023151547 
0.351971 0.09265087236 0.09857932015 
0.352529 0.07957655803 0.10132509761 
0.353086 0.13814459905 0.09966396249 
0.353643 0.02666864549 0.09935286256 
0.354200 0.09573378590 0.10141813330 
0.354757 0.17134574900 0.10188608675 
0.355314 0.06328105539 0.10121468540 
0.355872 0.06040880466 0.10246732594 
0.356429 0.11298273075 0.10293033534 
0.356986 0.16646524492 0.10142809843 
0.357543 0.04509109636 0.10230696499 
0.358100 0.18581545070 0.10197730919 
0.358657 0.16307824076 0.10270209544 
0.359215 0.03179588542 0.10519606868 
0.359772 0.18243758040 0.10378636956 
0.360329 -0.00255195262 0.10231385124 
0.360886 0.05719794298 0.10332542944 
0.361443 0.16656568785 0.10623441297 
0.362000 0.05195437365 0.10283906169 
0.362558 0.06586596527 0.10368001902 
0.363115 0.24745969555 0.10314910727 
0.363672 0.11241858839 0.10386684246 
0.364229 0.00007928309 0.10184556819 
0.364786 0.05298720156 0.10276809116 
0.365343 0.04409684531 0.10342097846 
0.365900 0.04956142588 0.10140273333 
0.366458 0.00084147624 0.10236052107 
0.367015 -0.02196375752 0.10160661957 
0.367572 0.14053404837 0.10039804797 
0.368129 0.20267543594 0.10307887935 
0.368686 0.05119779185 0.09952904511 
0.369243 0.09050055075 0.09995608013 
0.369801 0.07169756804 0.10079189594 
0.370358 0.09670989954 0.10107880055 
0.370915 0.15960090927 0.10029081884 
0.371472 0.06236395077 0.09883985505 
0.372029 0.16419711921 0.10007121128 
0.372586 0.07914959968 0.09818190286 
0.373143 0.24281197007 0.09983847204 
0.373700 0.18971537543 0.09860076603 
0.374258 0.12870888275 0.09863208249 
0.374815 0.00659363720 0.09697526695 
0.375372 0.09018465988 0.09844307426 
0.375929 0.15991234108 0.09716601208 
0.376486 0.04867296364 0.09685756012 
0.377043 0.10483433009 0.09752680866 
0.377600 0.04788760784 0.09553172782 
0.378158 0.06525437543 0.09334536692 
0.378715 0.19757629164 0.09653730531 
0.379272 0.12905777443 0.09673098721 
0.379829 0.25162037247 0.09419525078 
0.380386 0.10610925652 0.09472659311 
0.380943 0.08397921780 0.09221000721 
0.381500 0.16502337126 0.09344802132 
0.382057 -0.10152754029 0.09397534136 
0.382615 0.11078965934 0.09282508493 
0.383172 0.10301093298 0.09368764649 
0.383729 0.00734933765 0.09080278484 
0.384286 0.13756326989 0.09361346588 
0.384843 0.05720406210 0.09153079182 
0.385400 -0.04420201927 0.09179033835 
0.385957 0.05593020065 0.09366681168 
0.386514 0.08383594715 0.09184388362 
0.387072 0.10773278461 0.09207753684 
0.387629 0.11143435150 0.09208273166 
0.388186 0.08925151922 0.09082759898 
0.388743 0.10613032787 0.08968779071 
0.389300 0.11415630056 0.09178507015 
0.389857 0.06784610399 0.08994007842 
0.390414 0.13484590540 0.09186546345 
0.390971 -0.01636387521 0.08861849999 
0.391528 0.14617724751 0.09025868535 
0.392086 0.03489851911 0.08731012744 
0.392643 0.08365288034 0.09047196072 
0.393200 0.07198734711 0.09006662283 
0.393757 0.05185761575 0.09003536847 
0.394314 0.03830154818 0.08831629667 
0.394871 0.09056009500 0.08934711840 
0.395428 0.05816348173 0.08837164590 
0.395985 -0.00230629625 0.08967091243 
0.396542 0.09909624851 0.08993879640 
0.397099 0.13555378224 0.08895536685 
0.397657 0.03005977236 0.08866266506 
0.398214 0.19921405423 0.08685345272 
0.398771 0.08675317688 0.08926333916 
0.399328 0.09997724885 0.08803460516 
0.399885 0.06522357015 0.08857013805 
0.400442 -0.02019052783 0.08922368093 
0.400999 0.11012669712 0.08944168766 
0.401556 0.09391346819 0.09131440791 
0.402113 -0.06048355280 0.09385199326 
0.402670 0.03016277049 0.09475976192 
0.403227 -0.07157292563 0.09724693381 
0.403785 0.22934854523 0.09542280436 
0.404342 0.13827998347 0.09775730825 
0.404899 0.10285539065 0.09631119790 
0.405456 0.11154109378 0.09951904353 
0.406013 0.08980588281 0.09733414589 
0.406570 0.06364504320 0.09981726844 
0.407127 -0.05476351321 0.09990438639 
0.407684 0.13769013097 0.10054258456 
0.408241 0.10589916886 0.10052723605 
0.408798 0.05192250077 0.10328073602 
0.409355 0.06265639288 0.10655500986 
0.409912 0.09869911775 0.10719148889 
0.410469 0.03712047083 0.10640897948 
0.411027 0.03332884658 0.10775316715 
0.411584 0.15563687645 0.10944980959 
0.412141 0.04285318849 0.11171263170 
0.412698 0.03333441655 0.11359570888 
0.413255 0.05675482090 0.11195386086 
0.413812 0.07500783320 0.11420476682 
0.414369 0.04754023228 0.11403643313 
0.414926 0.19003957687 0.11275838118 
0.415483 -0.01330958220 0.11255007653 
0.416040 0.00057284060 0.11392415113 
0.416597 0.07286514266 0.11762799309 
0.417154 0.01863546629 0.11590924547 
0.417711 0.08767276510 0.11796508033 
0.418268 -0.09231207489 0.11971371061 
0.418825 0.17220776136 0.11283534985 
0.419382 -0.07890290382 0.11762961527 
0.419940 -0.05430388988 0.11374238239 
0.420497 0.05643790556 0.11624665611 
0.421054 -0.02051482469 0.11091881789 
0.421611 0.12512190005 0.11550419799 
0.422168 0.12438040104 0.11372839432 
0.422725 0.06170191207 0.11418617246 
0.423282 0.14929009805 0.11484593417 
0.423839 0.13476616675 0.11259776213 
0.424396 -0.08788511518 0.11657898572 
0.424953 0.13001216562 0.11817659177 
0.425510 0.21131021722 0.11531868382 
0.426067 0.14718206064 0.11160105978 
0.426624 0.06091704256 0.11429652220 
0.427181 0.16918635407 0.11249323459 
0.427738 0.04295685861 0.12025928017 
0.428295 -0.00399555376 0.11690484576 
0.428852 -0.01171428227 0.11311816642 
0.429409 -0.02033721669 0.11276963700 
0.429966 0.06323913318 0.11756315205 
0.430523 0.08002424389 0.11384053422 
0.431080 0.15260332295 0.11533922859 
0.431637 0.19681722071 0.11741418089 
0.432194 -0.03404765597 0.11840574287 
0.432752 0.10062687533 0.11916509795 
0.433309 0.10157944058 0.11901124257 
0.433866 0.08740895144 0.11996020183 
0.434423 0.05531642097 0.11745226043 
0.434980 0.18098256322 0.11892990027 
0.435537 0.26276636002 0.11780651427 
0.436094 -0.02325681860 0.11894385393 
0.436651 0.06719648203 0.12132015226 
0.437208 0.04587879251 0.11801697272 
0.437765 0.11660906495 0.12151163142 
0.438322 0.07100329984 0.12313981761 
0.438879 0.09772510641 0.12047259397 
0.439436 0.15861246371 0.12400096436 
0.439993 0.03461628214 0.12193244385 
0.440550 0.08517280630 0.12477764613 
0.441107 0.06816043433 0.12172914130 
0.441664 -0.02670618457 0.12336443525 
0.442221 0.13784486947 0.12316831744 
0.442778 0.00615678963 0.12422439393 
0.443335 0.31243197379 0.12072011493 
0.443892 0.10544090708 0.12404960289 
0.444449 0.02093329683 0.12178553537 
0.445006 0.03103699999 0.12568447732 
0.445563 0.03668752516 0.12382302970 
0.446120 0.13141440794 0.12385939976 
0.446677 0.14541736016 0.12471551640 
0.447234 0.23915346219 0.12255538609 
0.447791 0.04890160847 0.12026972562 
0.448348 0.15771479257 0.12659914736 
0.448905 -0.04546030032 0.12099417792 
0.449462 0.03042871486 0.12463421168 
0.450019 0.13656321998 0.12618878673 
0.450576 0.20656581718 0.12405895568 
0.451133 0.15630579693 0.11869090742 
0.451690 -0.04635337713 0.12100336404 
0.452247 -0.00783177093 0.12743241102 
0.452804 0.08624636365 0.12386891909 
0.453361 0.02556219431 0.12380119219 
0.453918 0.12551900043 0.12601114873 
0.454475 0.11188861556 0.11823151526 
0.455032 0.04858446734 0.12257481642 
0.455589 -0.14733860807 0.12233657871 
0.456146 0.14857384969 0.12408004095 
0.456703 0.04445014458 0.11916995234 
0.457260 0.12828763009 0.12061897194 
0.457817 0.23486147832 0.12427182169 
0.458374 0.02978673916 0.12046522007 
0.458931 0.08871771335 0.12403925079 
0.459488 0.12907857816 0.12175188118 
0.460045 0.14871460972 0.12360860625 
0.460602 0.13611202328 0.12049849966 
0.461159 0.18274137555 0.12492242138 
0.461716 0.24329830779 0.12105858565 
0.462273 0.09865325060 0.12107549094 
0.462830 0.10793021314 0.12245217413 
0.463387 0.16150452519 0.12128751931 
0.463943 0.03183752987 0.12153331474 
0.464500 0.19286246730 0.11991229153 
0.465057 0.34060401310 0.12227982424 
0.465614 0.13960470208 0.11675931750 
0.466171 0.15380813809 0.12412507985 
0.466728 -0.01140588344 0.12018900050 
0.467285 -0.11918094952 0.12150369235 
0.467842 0.18286933186 0.12197761659 
0.468399 -0.01336757640 0.12346586858 
0.468956 0.00462725745 0.12204617980 
0.469513 0.11237830668 0.12331602825 
0.470070 0.09119511599 0.12100248881 
0.470627 0.04790127948 0.11997148273 
0.471184 0.06811441312 0.12141394377 
0.471741 -0.05765885143 0.12413845369 
0.472298 0.07706311818 0.11822636401 
0.472855 0.14440702539 0.12261536177 
0.473412 0.17521559370 0.12369052045 
0.473969 0.07324230214 0.12194917943 
0.474526 0.17273864296 0.11957218888 
0.475083 0.25854763009 0.12245404165 
0.475640 0.21498743807 0.12134517535 
0.476196 0.14504583771 0.12532026943 
0.476753 0.09838639741 0.12367073448 
0.477310 0.00812665895 0.12013053379 
0.477867 -0.02000285733 0.12466879111 
0.478424 -0.05437260847 0.12405830229 
0.478981 0.08902207826 0.12333369705 
0.479538 0.15669962681 0.11870784392 
0.480095 0.12824727311 0.12089818416 
0.480652 0.01890634450 0.12250572108 
0.481209 0.21879252058 0.11725201943 
0.481766 0.23296490460 0.12138233611 
0.482323 0.07097222676 0.11092448404 
0.482880 0.08718394526 0.11728019731 
0.483437 0.07158475359 0.11926196637 
0.483994 0.16500941145 0.12373131775 
0.484550 0.15449872522 0.12011197986 
0.485107 0.09331424833 0.12106444725 
0.485664 0.25118570377 0.11920680286 
0.486221 0.03548509175 0.11936526819 
0.486778 0.05352968679 0.12267002391 
0.487335 0.10059205489 0.12471784151 
0.487892 0.01278814692 0.12319341894 
0.488449 0.17891520199 0.12097967362 
0.489006 0.12216252204 0.12008077291 
0.489563 -0.04403499228 0.12148963877 
0.490120 0.08948657781 0.11957559916 
0.490677 0.16489271494 0.12082443370 
0.491233 0.11667139825 0.11365391524 
0.491790 0.16190560191 0.12310607348 
0.492347 0.02202105351 0.12136782194 
0.492904 0.03979185568 0.12074121745 
0.493461 0.21281748700 0.11874592497 
0.494018 0.19351340440 0.12024533539 
0.494575 0.01744675111 0.12330168370 
0.495132 0.10887712029 0.11970252507 
0.495689 0.16322575789 0.11598521355 
0.496246 -0.00728324995 0.12507571764 
0.496802 0.19567043125 0.12179666387 
0.497359 -0.01546742182 0.12089027510 
0.497916 0.13700952236 0.12059469616 
0.498473 0.20908319805 0.11905887784 
0.499030 0.15702700719 0.12356528497 
0.499587 0.07879048940 0.11932380290 
0.500144 0.05831010643 0.12126299521 
0.500701 0.08314107708 0.11984549781 
0.501258 0.03903804487 0.12283565109 
0.501815 0.21522695528 0.12107469015 
0.502371 0.10569837409 0.12023556914 
0.502928 0.02222763274 0.12155049310 
0.503485 0.09330207210 0.11876121511 
0.504042 -0.01646737190 0.12537375086 
0.504599 0.04036994814 0.12466270002 
0.505156 0.19930573696 0.11646033017 
0.505713 0.11800621253 0.12115805266 
0.506270 0.13074375199 0.12520785407 
0.506826 0.00721750881 0.12108812601 
0.507383 0.19061767484 0.12115206390 
0.507940 0.06310620994 0.12334818437 
0.508497 0.13715118048 0.12302611753 
0.509054 -0.04663399405 0.12043238031 
0.509611 0.26089633514 0.12175301675 
0.510168 -0.00341903715 0.11907440116 
0.510725 0.13841637286 0.12622434236 
0.511281 0.15442671540 0.12317073176 
0.511838 -0.02439512298 0.12545764768 
0.512395 0.19372928196 0.12402070496 
0.512952 -0.01796923052 0.12544288886 
0.513509 0.24566302619 0.12598779067 
0.514066 -0.00984749740 0.12633227133 
0.514623 0.08332849373 0.12846209403 
0.515179 -0.06944362088 0.12992263944 
0.515736 0.06859566633 0.12487825701 
0.516293 -0.15052807849 0.12752559381 
0.516850 0.02967370607 0.13127382402 
0.517407 0.17668390380 0.12616865376 
0.517964 0.11070109532 0.12617781302 
0.518521 0.11899456687 0.12972823015 
0.519077 0.33307161993 0.13000573838 
0.519634 0.06981252372 0.12889895441 
0.520191 0.13339519057 0.13489305128 
0.520748 0.04164213290 0.13341479143 
0.521305 0.16207715079 0.13396650531 
0.521862 0.00313008758 0.13943076589 
0.522418 -0.10333993752 0.13346810992 
0.522975 0.10013766238 0.13562067966 
0.523532 0.08601202501 0.13585392557 
0.524089 0.08172271367 0.13489173672 
0.524646 0.06822118541 0.14042042338 
0.525203 0.05645212680 0.13917722662 
0.525759 0.16836460975 0.13864911155 
0.526316 0.12769051637 0.14192883575 
0.526873 0.19390957391 0.13946292254 
0.527430 0.18127622546 0.13463239590 
0.527987 0.08150846205 0.14297072770 
0.528544 0.07219823599 0.14509394990 
0.529100 0.14952723574 0.14858392415 
0.529657 0.22272151368 0.13834302823 
0.530214 0.03534855112 0.14116864101 
0.530771 -0.00224056703 0.14235910793 
0.531328 0.29088120184 0.14971776675 
0.531884 0.11226366083 0.14671745111 
0.532441 0.07210204893 0.15195555305 
0.532998 0.11875511689 0.15183876288 
0.533555 0.00502676243 0.14977073211 
0.534112 0.16723343351 0.15900059532 
0.534669 0.23222487117 0.15409569578 
0.535225 0.20004249398 0.14842355271 
0.535782 0.33319722838 0.15680385075 
0.536339 -0.01284353301 0.16641601031 
0.536896 0.11100576599 0.16612405765 
0.537453 -0.07159376544 0.16295957016 
0.538009 0.08238801065 0.15969868036 
0.538566 0.22821228443 0.16398991043 
0.539123 0.06018553807 0.17274282831 
0.539680 -0.08743372959 0.17561698731 
0.540237 0.29664644862 0.18702699644 
0.540793 0.01603086270 0.19506067785 
0.541350 0.05156290869 0.20460474686 
0.541907 -0.07409528090 0.22898246928 
0.542464 0.03539733281 0.26826346535 
0.543021 0.15828716454 0.43191737353 
