0.011985 172.26139677494 0.00000000000 
0.012543 150.43701128102 11.13146488085 
0.013100 154.07043952376 13.30391201993 
0.013658 151.23220832545 9.69822399955 
0.014215 149.80102161791 9.89148437474 
0.014772 143.17623523421 7.26288606696 
0.015330 141.91296402041 5.57218061766 
0.015887 136.33968045583 5.17060833819 
0.016445 130.80166971861 4.09789653548 
0.017002 129.52504943683 4.03444031862 
0.017560 123.39430403422 3.59308711089 
0.018117 123.12466646586 2.85872584000 
0.018675 118.77781238436 2.33032102687 
0.019232 115.69372791454 2.50129326010 
0.019789 110.30837296429 2.22653235322 
0.020347 107.85541880073 2.08370835151 
0.020904 104.11999460663 1.79210279067 
0.021462 101.45990823043 1.59730706878 
0.022019 97.34213803612 1.60684101979 
0.022577 95.26057501705 1.30003118572 
0.023134 89.25102880704 1.28920522175 
0.023692 87.18116490033 1.32250153207 
0.024249 84.51397711097 1.06677839338 
0.024807 82.22347627862 1.14041388213 
0.025364 77.82624414696 1.05225920180 
0.025921 74.63796217208 0.99787258632 
0.026479 72.21972572682 0.88657254066 
0.027036 68.83367053622 0.87930211914 
0.027594 65.81155928498 0.80938922547 
0.028151 63.44805404007 0.73908785854 
0.028709 61.33755750019 0.71560317880 
0.029266 58.86840512775 0.66963467277 
0.029824 56.19795871574 0.62774586845 
0.030381 53.51879349445 0.64692653377 
0.030938 51.10396604995 0.59884453515 
0.031496 48.50682778540 0.58694408807 
0.032053 46.23730960284 0.57687475504 
0.032611 45.48736459557 0.52163713424 
0.033168 42.30850574017 0.52945896406 
0.033726 41.33677047970 0.52655761549 
0.034283 38.91495143535 0.51967306074 
0.034841 36.70918467496 0.47246623843 
0.035398 35.42481593207 0.44820597958 
0.035955 33.85159783582 0.44250408457 
0.036513 32.07058647304 0.43944349192 
0.037070 30.25294229781 0.42802110661 
0.037628 28.85432743169 0.42487535930 
0.038185 27.07974278158 0.42618155798 
0.038743 26.35724278690 0.40461819566 
0.039300 24.90708667482 0.39648908725 
0.039858 23.68719389897 0.39354583710 
0.040415 22.63606990274 0.37653456975 
0.040973 21.87356544407 0.35463378472 
0.041530 20.61882906101 0.35871101471 
0.042087 19.52355509601 0.34335191691 
0.042645 19.48120559412 0.35457913072 
0.043202 17.64408891610 0.34104174025 
0.043760 17.00288258316 0.34131994948 
0.044317 16.06900242652 0.33108311149 
0.044875 15.73330103723 0.33449859669 
0.045432 14.93266544060 0.32700932725 
0.045990 14.21346866821 0.30978522674 
0.046547 13.58007386066 0.31650385157 
0.047104 13.31569499275 0.30357864870 
0.047662 12.94353763813 0.29471851337 
0.048219 12.54139248520 0.28478464396 
0.048777 12.05525248912 0.31341271626 
0.049334 11.78685644399 0.28056574318 
0.049892 10.93763463082 0.26975450423 
0.050449 10.70685112648 0.29039895629 
0.051007 10.25789477443 0.27160918622 
0.051564 9.96409971612 0.28069674077 
0.052121 9.43512788780 0.27752519129 
0.052679 9.10891245020 0.27690278394 
0.053236 9.02598161483 0.25801619661 
0.053794 8.45354308800 0.25757832619 
0.054351 8.41453329588 0.26379042120 
0.054909 9.09608726154 0.25641394596 
0.055466 8.55084049855 0.24996724528 
0.056024 8.18286178923 0.24382442291 
0.056581 8.06067061239 0.25076600709 
0.057138 7.74674660678 0.23912606933 
0.057696 7.78749197476 0.23828616876 
0.058253 7.36825399648 0.24642833662 
0.058811 7.25698253393 0.24031969238 
0.059368 7.38021044266 0.24571088947 
0.059926 7.27314278569 0.23071062003 
0.060483 6.90065913215 0.22820760580 
0.061041 6.95981787164 0.22786854319 
0.061598 6.76056877454 0.21972657554 
0.062155 6.47304554990 0.22497860375 
0.062713 6.62834041491 0.21992201111 
0.063270 6.39915464977 0.21827974675 
0.063828 6.43834102501 0.21691915925 
0.064385 6.25126030007 0.22127694605 
0.064943 6.40801543755 0.21573500132 
0.065500 6.10848913594 0.22397003577 
0.066057 6.23291835866 0.20246610238 
0.066615 5.85276597643 0.21974908694 
0.067172 5.68587602230 0.20983385343 
0.067730 5.74497993223 0.19985853980 
0.068287 5.47762088954 0.20622079098 
0.068845 5.53892427293 0.20171503415 
0.069402 5.14983678602 0.20359859665 
0.069960 5.50393377512 0.19551737241 
0.070517 5.16079690227 0.19438945496 
0.071074 5.19124310120 0.19719839566 
0.071632 5.04051076487 0.19983111964 
0.072189 4.81811774580 0.20235372312 
0.072747 4.63046631504 0.19271151553 
0.073304 4.72868142064 0.19643074514 
0.073862 4.24082348915 0.19823924992 
0.074419 4.42543776723 0.19901766227 
0.074977 4.03634838235 0.19263247552 
0.075534 4.16764775854 0.18642457383 
0.076091 4.11383638569 0.18688465781 
0.076649 3.93467097152 0.18494740176 
0.077206 3.90242867110 0.18683329791 
0.077764 3.64957844171 0.19341088828 
0.078321 3.56811485643 0.18652541513 
0.078879 3.38876653003 0.17735720203 
0.079436 3.32917756356 0.18484172935 
0.079993 3.10510773705 0.17736061630 
0.080551 3.28055102325 0.17550003929 
0.081108 3.34733163252 0.17207032007 
0.081666 2.91696962408 0.16966300909 
0.082223 2.88267765032 0.16742215017 
0.082781 2.97441413088 0.17342636302 
0.083338 2.67769522583 0.17406036615 
0.083895 2.47510454801 0.16881427133 
0.084453 2.49997739632 0.17521560092 
0.085010 2.53198009731 0.16684048235 
0.085568 2.53371235534 0.16793409592 
0.086125 2.32345459707 0.16784675297 
0.086683 2.17772303123 0.16514501973 
0.087240 2.18184412257 0.17003982712 
0.087798 2.14310712553 0.15696849835 
0.088355 1.85767393233 0.16671939192 
0.088912 1.84436554276 0.16623260955 
0.089470 1.56407871471 0.15975074200 
0.090027 1.68654929717 0.16198185649 
0.090585 1.68441271919 0.15670120906 
0.091142 1.61209955401 0.16073041846 
0.091700 1.64809874458 0.15368029761 
0.092257 1.72017605942 0.14881686159 
0.092814 1.38505836484 0.15700256632 
0.093372 1.55328516647 0.15485563529 
0.093929 1.46103255169 0.15491490362 
0.094487 1.28247131906 0.15239154135 
0.095044 1.37104411147 0.15974929572 
0.095602 1.26098571953 0.15025288842 
0.096159 1.22903850522 0.15138437968 
0.096716 1.46244377716 0.15096315087 
0.097274 1.18860073562 0.14874648494 
0.097831 1.17345137590 0.14881739174 
0.098389 1.12701031205 0.14602070718 
0.098946 0.84276270136 0.14472293315 
0.099504 1.00554730228 0.14772557693 
0.100061 0.75951418565 0.14723707045 
0.100618 0.96588671256 0.14502719226 
0.101176 0.94450605863 0.14890349853 
0.101733 0.98673008997 0.14608068041 
0.102291 0.91435927443 0.14640878827 
0.102848 0.86593679965 0.14312380457 
0.103406 1.04295177771 0.14253555569 
0.103963 0.82802593312 0.14160831888 
0.104520 0.85755583372 0.14425006753 
0.105078 0.90662198233 0.14453994245 
0.105635 0.85572133969 0.13864117645 
0.106193 0.92809417249 0.14488756419 
0.106750 0.90440925043 0.14178031568 
0.107308 0.97504381616 0.14417069334 
0.107865 0.84694064382 0.13651245794 
0.108422 0.81041319664 0.13886077025 
0.108980 0.91907344231 0.14279986706 
0.109537 0.83335319457 0.13924817942 
0.110095 0.84214680720 0.13890071960 
0.110652 0.97874228832 0.13566508246 
0.111210 0.96337641375 0.13937114616 
0.111767 0.93049038593 0.13986902326 
0.112324 0.68316106128 0.13452527582 
0.112882 0.78308931199 0.13197990744 
0.113439 0.82609617955 0.13915937019 
0.113997 0.63071566294 0.13406005770 
0.114554 0.68645311724 0.13779352526 
0.115111 0.75919124497 0.13256418257 
0.115669 0.81960963179 0.13562915926 
0.116226 0.77030379250 0.13571627513 
0.116784 0.80477695805 0.13349955655 
0.117341 0.93158174096 0.13550382098 
0.117899 0.77932507607 0.13604444403 
0.118456 0.73175503697 0.12836555747 
0.119013 0.62499217760 0.13240634424 
0.119571 0.59019029335 0.13123998768 
0.120128 0.56508111923 0.12995162246 
0.120686 0.80013725175 0.13513526761 
0.121243 0.69163568168 0.13037004685 
0.121800 0.75343340755 0.13415562060 
0.122358 0.41004657243 0.13165749535 
0.122915 0.75973656808 0.12746158880 
0.123473 0.53516480588 0.13197488742 
0.124030 0.44881167745 0.12705084194 
0.124588 0.72315498194 0.12938317550 
0.125145 0.62022093472 0.12812528848 
0.125702 0.69072168005 0.13035424506 
0.126260 0.55705038024 0.12739156390 
0.126817 0.70678352971 0.12713656043 
0.127375 0.56728935925 0.12117999493 
0.127932 0.57258151650 0.13179830452 
0.128489 0.62563169845 0.12695379013 
0.129047 0.36063793350 0.12429672555 
0.129604 0.33768990001 0.13116637501 
0.130162 0.60636872834 0.12617993160 
0.130719 0.44797106063 0.12801886719 
0.131277 0.56429438995 0.12521030672 
0.131834 0.44896524805 0.12686273549 
0.132391 0.48503184030 0.12547892404 
0.132949 0.49464043534 0.12836090508 
0.133506 0.59984389965 0.12762941421 
0.134064 0.55218106062 0.13464541077 
0.134621 0.22594691012 0.13558927351 
0.135178 0.52915629763 0.13555584254 
0.135736 0.42750160901 0.13888291235 
0.136293 0.56529652971 0.14639559118 
0.136851 0.50842279240 0.13585072568 
0.137408 0.37648331878 0.13633488462 
0.137965 0.40134878191 0.13327033051 
0.138523 0.24008327182 0.13756366543 
0.139080 0.53386920822 0.13943246214 
0.139638 0.62820328997 0.13609294740 
0.140195 0.38387245100 0.14084057376 
0.140752 0.37247902098 0.13747729935 
0.141310 0.39132573099 0.13547200444 
0.141867 0.49926654323 0.14041446423 
0.142425 0.36379662444 0.14062194317 
0.142982 0.11325432265 0.13594365574 
0.143540 0.42456984759 0.13773336585 
0.144097 0.23265962485 0.13713685735 
0.144654 0.20080920846 0.13168322406 
0.145212 0.38991204420 0.13098148233 
0.145769 0.21620609342 0.12893234859 
0.146327 0.13500480717 0.13100663443 
0.146884 0.40566033907 0.12833379471 
0.147441 0.32420452566 0.12900332419 
0.147999 0.38001549304 0.12500055850 
0.148556 0.31258119668 0.12438890114 
0.149114 0.22532604889 0.12437592063 
0.149671 0.32337962778 0.12349565204 
0.150228 0.09317597858 0.12302516280 
0.150786 0.14483642250 0.12586194300 
0.151343 0.17005225574 0.12614066480 
0.151901 0.29017790732 0.12291528094 
0.152458 0.04852351154 0.12240872448 
0.153015 0.41993761424 0.12118474116 
0.153573 0.38612973739 0.11848607741 
0.154130 0.30743765120 0.12387303370 
0.154688 0.19680570706 0.12342916553 
0.155245 0.31201808528 0.11991745083 
0.155802 0.15031723644 0.11879257270 
0.156360 0.17216539126 0.12072344130 
0.156917 0.11923549733 0.12259461525 
0.157475 0.18048100970 0.11670263574 
0.158032 0.06895914717 0.11381796635 
0.158589 0.25505452909 0.11972341938 
0.159147 0.17833305552 0.11852378452 
0.159704 0.13698103777 0.11737052386 
0.160261 0.22401688542 0.12089334773 
0.160819 0.21370236214 0.11626077468 
0.161376 0.15578299900 0.11749445727 
0.161934 0.13318533561 0.11665102108 
0.162491 0.24016066368 0.11571269584 
0.163048 0.32882997109 0.11632607100 
0.163606 0.15909497612 0.11536568590 
0.164163 0.08737089313 0.11329731597 
0.164721 0.11763389120 0.11111542681 
0.165278 0.11356966524 0.11536584565 
0.165835 0.25961942828 0.11208454128 
0.166393 0.03414526550 0.11075482273 
0.166950 0.04238914095 0.11100356721 
0.167508 -0.02598633858 0.11100522509 
0.168065 0.13957919214 0.11306030619 
0.168622 0.11051206684 0.11313351632 
0.169180 0.01844376576 0.11118659412 
0.169737 0.15777166725 0.11201970316 
0.170294 0.12123012575 0.11223113191 
0.170852 0.13572112755 0.11210227564 
0.171409 0.06490469767 0.11243018265 
0.171967 0.27237076054 0.11051315987 
0.172524 0.09860252719 0.11097054559 
0.173081 0.06454259184 0.11036883214 
0.173639 0.10353287052 0.11020034926 
0.174196 0.03624538233 0.11096929451 
0.174754 0.13896350292 0.11201016615 
0.175311 0.05538024454 0.10854357732 
0.175868 0.13214641452 0.10971180804 
0.176426 0.19066816345 0.10795842701 
0.176983 0.19732080355 0.10634980933 
0.177540 0.05747196375 0.10867411739 
0.178098 -0.16622136673 0.10801138386 
0.178655 0.02520647909 0.10984328281 
0.179213 0.13300269251 0.10919440231 
0.179770 0.06502941879 0.10735609253 
0.180327 0.00941865948 0.10590068914 
0.180885 0.08755634083 0.10586845542 
0.181442 0.09520314606 0.10946925377 
0.181999 0.20479852990 0.10588393413 
0.182557 -0.01892271228 0.10724723126 
0.183114 0.10939034322 0.10460482755 
0.183672 0.12253031817 0.10818693994 
0.184229 0.09523878448 0.10447180947 
0.184786 0.17987382965 0.10424918681 
0.185344 0.08987468734 0.10793320716 
0.185901 0.06138164728 0.10641963345 
0.186458 0.04116876201 0.10477579885 
0.187016 0.06122541277 0.10676099982 
0.187573 0.04629345870 0.10729575580 
0.188131 0.12683203019 0.10496778010 
0.188688 -0.08031441370 0.10625323682 
0.189245 0.11873013383 0.10459288771 
0.189803 0.15505365575 0.10737964997 
0.190360 0.00059699186 0.10589352311 
0.190917 0.08911824020 0.10545763067 
0.191475 0.02969712260 0.10713422412 
0.192032 0.05414030525 0.10490797534 
0.192590 0.09144511225 0.10663621802 
0.193147 0.10944469222 0.10307058562 
0.193704 0.06481073490 0.10301976664 
0.194262 0.10451638923 0.10231944750 
0.194819 -0.00134737896 0.10437787822 
0.195376 0.12614692549 0.10394643999 
0.195934 0.14510242917 0.10294488397 
0.196491 0.20353570882 0.10232057069 
0.197048 0.07375737190 0.10071119288 
0.197606 -0.00662385290 0.10337003748 
0.198163 0.12099300104 0.10181451768 
0.198721 0.14479976521 0.10263526900 
0.199278 0.09047233050 0.10256955784 
0.199835 -0.03160699877 0.10028787150 
0.200393 0.06182775449 0.09958572523 
0.200950 0.04617520110 0.10118624704 
0.201507 0.07777841737 0.10285639907 
0.202065 -0.00760810714 0.10399213131 
0.202622 0.20316778940 0.10040001327 
0.203179 -0.06630319418 0.10251946516 
0.203737 0.14083516934 0.10248931633 
0.204294 0.08255651909 0.09986162147 
0.204851 0.06683773621 0.10199033090 
0.205409 0.00073577714 0.10123810743 
0.205966 0.06756474914 0.09938301458 
0.206524 0.05246998755 0.09853310344 
0.207081 0.09864939241 0.09760617026 
0.207638 0.09607773241 0.10025703005 
0.208196 0.09200127582 0.09826859189 
0.208753 0.14921459153 0.09841105024 
0.209310 0.05279302616 0.09712924981 
0.209868 0.15330754148 0.09988811427 
0.210425 0.04807788825 0.10028653071 
0.210982 0.02649376416 0.09767754900 
0.211540 0.14659305072 0.09784132063 
0.212097 0.27796754485 0.09879470529 
0.212654 0.11350638908 0.09717230621 
0.213212 0.04993295064 0.09727054308 
0.213769 0.15225570392 0.09417912110 
0.214326 0.18872251609 0.09733699069 
0.214884 0.04709048261 0.09561157815 
0.215441 0.18318215905 0.09625833699 
0.215999 0.05211394843 0.09529161034 
0.216556 0.10991060994 0.09500113979 
0.217113 0.07382358166 0.09576617286 
0.217671 0.06836593333 0.09467156530 
0.218228 0.09501865861 0.09494855895 
0.218785 0.15357973653 0.09613766245 
0.219343 0.19828366955 0.09684575511 
0.219900 0.00351288823 0.09620759534 
0.220457 0.17606461408 0.09535363490 
0.221015 0.16161779007 0.09438080437 
0.221572 0.16661391861 0.09576357144 
0.222129 0.23601709225 0.09530113634 
0.222687 0.06933807055 0.09764481321 
0.223244 0.16198744201 0.09441829597 
0.223801 0.13170558912 0.09434219560 
0.224359 0.23017316479 0.09403349905 
0.224916 -0.00046084813 0.09414598432 
0.225473 0.21428300202 0.09458277562 
0.226031 0.13094312762 0.09456246120 
0.226588 0.07576120836 0.09375812997 
0.227145 0.10973476757 0.09321066817 
0.227703 0.17130500979 0.09183607917 
0.228260 0.00676550000 0.09383332305 
0.228817 0.10119434033 0.09387464410 
0.229375 0.18233377578 0.09128031409 
0.229932 0.12819344759 0.09377794788 
0.230489 -0.01126687789 0.09297872860 
0.231047 0.10377539358 0.09254532550 
0.231604 0.13376248472 0.09190466664 
0.232161 0.11058265714 0.09412929772 
0.232719 0.06271535786 0.09092269119 
0.233276 -0.00751699580 0.08971187329 
0.233833 0.20626215773 0.09087251673 
0.234391 0.16553990476 0.09105621147 
0.234948 0.02420378798 0.09210200269 
0.235505 0.16317240318 0.09103860260 
0.236063 0.04339264722 0.08888074238 
0.236620 0.03470868374 0.09231877146 
0.237177 0.36501684466 0.09232494578 
0.237735 0.17188256765 0.09083672748 
0.238292 0.19244176835 0.09242863454 
0.238849 0.16733475066 0.09111875698 
0.239407 0.00366009109 0.09014382805 
0.239964 0.04107668513 0.09160613423 
0.240521 0.05210288603 0.09115067508 
0.241079 0.19849434664 0.08941784212 
0.241636 0.07526110098 0.09085775168 
0.242193 0.00080919319 0.09123992905 
0.242750 0.10008895365 0.09035183810 
0.243308 0.20326981514 0.08905617714 
0.243865 0.08661864752 0.08915235891 
0.244422 0.13115107865 0.09053527920 
0.244980 0.16105970939 0.09047063476 
0.245537 0.01274863963 0.08719459308 
0.246094 0.03429282691 0.09161985203 
0.246652 0.09080252938 0.08946504695 
0.247209 -0.02914480610 0.08809163243 
0.247766 -0.02679856543 0.08903466757 
0.248324 0.07533947507 0.08888199670 
0.248881 0.09452752407 0.08786457107 
0.249438 0.02127167241 0.08718631185 
0.249996 0.11729303513 0.08843121339 
0.250553 0.07134709519 0.08907853824 
0.251110 -0.01603523284 0.09070984777 
0.251667 0.06184690716 0.08866450904 
0.252225 0.08879938975 0.08786231259 
0.252782 0.01326741934 0.08723349664 
0.253339 0.06012259880 0.08833386693 
0.253897 0.00334298951 0.09005598534 
0.254454 0.03620242041 0.08778753400 
0.255011 0.18547717442 0.08629280656 
0.255569 0.06942485824 0.08876161137 
0.256126 -0.03128342724 0.08751255552 
0.256683 0.02859339527 0.08505085833 
0.257241 0.25806969818 0.08686892220 
0.257798 0.13158352287 0.08624125637 
0.258355 0.07144081568 0.08675068205 
0.258912 -0.00694057901 0.08785834990 
0.259470 0.11257429267 0.08713740136 
0.260027 0.18391839888 0.08518783312 
0.260584 0.06966701781 0.08598008440 
0.261142 -0.02053207805 0.08494333834 
0.261699 -0.02089150557 0.08728183539 
0.262256 0.07216133369 0.08469349941 
0.262814 0.08372340331 0.08541831649 
0.263371 0.02780881940 0.08671733396 
0.263928 0.02226806455 0.08571794803 
0.264485 0.05455484514 0.08493022764 
0.265043 0.07288428286 0.08465872036 
0.265600 0.05165379595 0.08434590806 
0.266157 0.03175836423 0.08548131592 
0.266715 -0.00184649124 0.08495470759 
0.267272 0.12476333248 0.08569919047 
0.267829 -0.05181273033 0.08516931786 
0.268386 -0.01723756888 0.08449898640 
0.268944 0.10823635912 0.08469839775 
0.269501 0.06242683311 0.08323417638 
0.270058 0.08677702199 0.08476675240 
0.270616 0.04088078450 0.08485346719 
0.271173 -0.02714774842 0.08530983504 
0.271730 -0.10255239061 0.08521395552 
0.272287 0.06806337029 0.08659198310 
0.272845 0.08501314680 0.08531701435 
0.273402 0.05725288931 0.08857255454 
0.273959 0.03570275812 0.08710205621 
0.274517 -0.04174145518 0.08956528196 
0.275074 0.14564669828 0.08702789839 
0.275631 0.04537069610 0.08788972363 
0.276188 0.10651750625 0.08791294045 
0.276746 0.10939636715 0.08943477652 
0.277303 0.06969969173 0.09084534825 
0.277860 0.15015645832 0.08998703085 
0.278418 0.12504093370 0.09023599952 
0.278975 0.12372494907 0.08862021613 
0.279532 -0.02438951135 0.08988183194 
0.280089 0.13126836116 0.09178995501 
0.280647 0.03827103259 0.09073632631 
0.281204 0.15071438354 0.09149869103 
0.281761 0.16494731172 0.08910665473 
0.282318 0.11448980189 0.08955213774 
0.282876 0.06243855677 0.08721231622 
0.283433 0.06317199485 0.08691730694 
0.283990 0.14175648327 0.08802036471 
0.284548 0.02369783718 0.08606371588 
0.285105 0.08715011849 0.08808289749 
0.285662 0.07187620844 0.08574140541 
0.286219 0.01161274863 0.08667369072 
0.286777 -0.00318350579 0.08753923630 
0.287334 0.04883820018 0.08577095539 
0.287891 0.08210253574 0.08485745194 
0.288448 -0.01131090593 0.08531897595 
0.289006 0.09144120301 0.08587575901 
0.289563 0.12139447757 0.08469109793 
0.290120 0.00903021472 0.08457792679 
0.290677 0.03287213181 0.08394421689 
0.291235 -0.01647338227 0.08500130942 
0.291792 0.04518932289 0.08516059022 
0.292349 0.03455178668 0.08486891092 
0.292906 0.14159271212 0.08509083403 
0.293464 0.02588414323 0.08435026428 
0.294021 -0.01721401987 0.08630819398 
0.294578 0.11419029636 0.08553802376 
0.295136 0.06015971134 0.08674948253 
0.295693 0.06265400665 0.08655768772 
0.296250 0.04235113880 0.08505535345 
0.296807 0.00470956282 0.08535414805 
0.297365 -0.05349399696 0.08579402305 
0.297922 0.08829907302 0.08503058005 
0.298479 0.12495259162 0.08823981985 
0.299036 0.14171477719 0.08613807033 
0.299594 0.08142055395 0.08579553287 
0.300151 0.14961910781 0.08682259928 
0.300708 0.04908119878 0.08463400556 
0.301265 0.14691242862 0.08628426845 
0.301823 0.08199402937 0.08653819321 
0.302380 -0.03444148164 0.08603345296 
0.302937 0.18964413610 0.08591553352 
0.303494 -0.11868546756 0.08506677758 
0.304052 0.14508417830 0.08588589993 
0.304609 0.07349620525 0.08632062471 
0.305166 0.13370046276 0.08604990414 
0.305723 0.12574196348 0.08496826681 
0.306280 0.04139198906 0.08486924313 
0.306838 0.02691023519 0.08631796485 
0.307395 0.16312082464 0.08673290611 
0.307952 0.04235380217 0.08792370771 
0.308509 0.14353896903 0.08498314177 
0.309067 0.15647263303 0.08617593327 
0.309624 0.06615089094 0.08519963816 
0.310181 0.05411755298 0.08601561583 
0.310738 0.11561337785 0.08556353806 
0.311296 -0.05219900214 0.08555040368 
0.311853 0.05833631185 0.08557204235 
0.312410 0.15494698868 0.08566483931 
0.312967 0.19077668840 0.08642022340 
0.313525 0.05538756675 0.08478788066 
0.314082 0.02231439317 0.08623185139 
0.314639 0.11621307409 0.08667787393 
0.315196 0.08441861109 0.08707061267 
0.315753 0.21659487225 0.08738862854 
0.316311 0.07844691222 0.08502345424 
0.316868 0.12087374440 0.08595299259 
0.317425 0.05978288621 0.08573405816 
0.317982 0.04391901811 0.08522516182 
0.318540 0.01761729061 0.08558212291 
0.319097 0.12095345528 0.08484261694 
0.319654 0.04307314276 0.08740576672 
0.320211 0.05898967014 0.08803281470 
0.320768 0.07460189507 0.08743549382 
0.321326 0.09857778455 0.08620768109 
0.321883 -0.01765342069 0.08892103814 
0.322440 0.01858146364 0.08754157724 
0.322997 0.09941070457 0.08736237363 
0.323555 0.04248506341 0.08727070364 
0.324112 0.07803511693 0.08682998942 
0.324669 0.11082010001 0.08641284613 
0.325226 0.09744100142 0.08700254978 
0.325783 -0.02764047260 0.08685233868 
0.326341 0.00709206100 0.08719937964 
0.326898 0.13262906582 0.08810640916 
0.327455 0.17090807184 0.08772609956 
0.328012 -0.02718775172 0.08720843513 
0.328569 0.06769194462 0.08905546271 
0.329127 0.06102749317 0.08748944440 
0.329684 0.10756044281 0.08820377478 
0.330241 0.03059796682 0.08988836761 
0.330798 0.00977628155 0.08996954594 
0.331355 0.02815904695 0.08939369027 
0.331913 0.07346939408 0.08739555095 
0.332470 -0.12433368234 0.08845440688 
0.333027 0.06542083992 0.08766264906 
0.333584 0.13737726667 0.08994982307 
0.334141 0.05621344867 0.08907375875 
0.334699 0.08279702525 0.08936009614 
0.335256 -0.03395357359 0.08941493770 
0.335813 0.11798652767 0.09082941141 
0.336370 0.03589297993 0.09047023962 
0.336927 0.03481493326 0.09282830021 
0.337485 0.07033501751 0.09143924375 
0.338042 0.11032952438 0.09213960823 
0.338599 0.12560234531 0.09135593335 
0.339156 0.08810338608 0.09308718059 
0.339713 0.09493458720 0.09386130577 
0.340271 -0.03241134224 0.09379267054 
0.340828 0.06363762068 0.09142822210 
0.341385 -0.02263263225 0.09387571977 
0.341942 0.00211906480 0.09452583275 
0.342499 0.07638650497 0.09220467165 
0.343057 0.12941803940 0.09375906820 
0.343614 -0.01268748678 0.09567573135 
0.344171 0.21832736483 0.09549378893 
0.344728 -0.01103345498 0.09260080047 
0.345285 0.09734383019 0.09514774339 
0.345842 0.09445663976 0.09397347949 
0.346400 0.12560840630 0.09661335728 
0.346957 -0.04527652688 0.09493246868 
0.347514 0.12907311231 0.09578456931 
0.348071 0.11942330329 0.09455137865 
0.348628 0.10759387444 0.09654850177 
0.349186 0.06480157019 0.09505584549 
0.349743 0.08265147346 0.09706292481 
0.350300 0.14971333138 0.09938574373 
0.350857 -0.04949474622 0.09679612643 
0.351414 0.15862892785 0.09844069593 
0.351971 0.22078256243 0.10099432226 
0.352529 0.15377094479 0.09985820074 
0.353086 0.16477421293 0.10001286178 
0.353643 0.02205646858 0.09955637855 
0.354200 0.08844640089 0.10086209704 
0.354757 0.04567179637 0.10100211885 
0.355314 0.00364282403 0.10087645283 
0.355872 0.05009274984 0.10265139950 
0.356429 0.06616318228 0.10297998009 
0.356986 0.07431411274 0.10348956109 
0.357543 -0.01827084490 0.10362393038 
0.358100 0.23277551017 0.10322279958 
0.358657 -0.02315596246 0.10241665396 
0.359215 0.10456742041 0.10285470332 
0.359772 0.14275339856 0.10427154156 
0.360329 0.06347646540 0.10461876273 
0.360886 -0.04597424392 0.10545655050 
0.361443 0.08544172453 0.10487988322 
0.362000 0.06898000350 0.10258397704 
0.362558 0.05659678115 0.10320216952 
0.363115 0.00336961295 0.10353964603 
0.363672 0.12781180354 0.10154307465 
0.364229 0.09068213472 0.10330384138 
0.364786 0.25020525098 0.10387148290 
0.365343 0.21124121286 0.10280819807 
0.365900 0.08298556810 0.10241667940 
0.366458 0.21574341497 0.10319130892 
0.367015 0.10716897344 0.10108594601 
0.367572 0.11857350645 0.10108485363 
0.368129 0.13979655782 0.10341026350 
0.368686 0.20132073062 0.10065701654 
0.369243 0.13689519548 0.10006676283 
0.369801 0.00142093142 0.09899358825 
0.370358 -0.01643550672 0.10090091772 
0.370915 0.09869201183 0.10012706504 
0.371472 0.04200839308 0.09970681790 
0.372029 0.08436299838 0.09893244456 
0.372586 0.06007423215 0.09986907758 
0.373143 0.15395489931 0.09813569644 
0.373700 0.03000707335 0.09799719829 
0.374258 0.04762451771 0.09636716137 
0.374815 0.07631476828 0.09613217035 
0.375372 0.02534091665 0.09872956410 
0.375929 0.19419830400 0.09797319581 
0.376486 0.11908500344 0.09816539283 
0.377043 -0.01335467728 0.09707030250 
0.377600 -0.03749925036 0.09527795012 
0.378158 0.12333973085 0.09477273474 
0.378715 0.12097770554 0.09401121971 
0.379272 0.13068839975 0.09332419297 
0.379829 0.19489378717 0.09486702978 
0.380386 0.14065309862 0.09402007712 
0.380943 0.04409673925 0.09426067805 
0.381500 -0.00849070001 0.09141027852 
0.382057 0.05283583812 0.09202038259 
0.382615 0.07605448981 0.09174017697 
0.383172 0.00629134287 0.09118730235 
0.383729 0.19270460177 0.09516896063 
0.384286 0.12272260754 0.09153672464 
0.384843 0.18792477413 0.09300779497 
0.385400 0.07615496237 0.09236748930 
0.385957 -0.00463211025 0.09158330890 
0.386514 0.04620232928 0.09247449006 
0.387072 0.05689227640 0.09126006564 
0.387629 0.14435590891 0.09084134534 
0.388186 0.11140461926 0.09072610195 
0.388743 -0.03471498139 0.09157861829 
0.389300 0.18580162500 0.09126873093 
0.389857 0.09372758270 0.08963325159 
0.390414 -0.05903112844 0.09264232522 
0.390971 0.06732390693 0.09046800530 
0.391528 0.11365709349 0.09065342876 
0.392086 0.00711960450 0.09079714126 
0.392643 0.03096165349 0.09076988518 
0.393200 0.00162798098 0.08981788257 
0.393757 0.06351484255 0.09027563733 
0.394314 0.14681313840 0.08869938811 
0.394871 0.11767631607 0.08905459050 
0.395428 0.03432573623 0.08930134874 
0.395985 0.05067798240 0.08912182982 
0.396542 0.07391339403 0.08841204823 
0.397099 0.01702776607 0.08843107601 
0.397657 0.02644026974 0.08892051559 
0.398214 0.12381861944 0.08841945094 
0.398771 0.10871330661 0.08992560792 
0.399328 0.18763908210 0.08991878128 
0.399885 0.07425873338 0.08810267196 
0.400442 0.11366501278 0.08865742613 
0.400999 0.04039743309 0.09157465777 
0.401556 0.08882860218 0.09285709316 
0.402113 -0.04275771641 0.09351494339 
0.402670 0.09739264179 0.09469954516 
0.403227 -0.02856299150 0.09582087183 
0.403785 0.11022716512 0.09461113995 
0.404342 -0.01414174140 0.09656486221 
0.404899 0.32227040643 0.09902417137 
0.405456 0.00504804105 0.09805360339 
0.406013 0.01516285723 0.09736407555 
0.406570 0.02627065019 0.09882723893 
0.407127 0.04330255652 0.10063018566 
0.407684 -0.05539574987 0.10033842718 
0.408241 0.04999900975 0.10597565899 
0.408798 -0.00069458849 0.10415063617 
0.409355 0.04574944307 0.10675489508 
0.409912 0.06124982665 0.10805979326 
0.410469 0.10362548417 0.10953750154 
0.411027 -0.06610220706 0.10976703926 
0.411584 0.15575922006 0.10798397070 
0.412141 0.04967561803 0.10820515100 
0.412698 -0.03738000986 0.10855635769 
0.413255 0.02384227190 0.10969945626 
0.413812 0.13037597542 0.11244947581 
0.414369 0.05417974830 0.11175817692 
0.414926 0.14986844554 0.11049147454 
0.415483 0.02582148580 0.11464650093 
0.416040 0.18823215655 0.11599511911 
0.416597 0.07515856033 0.11570111656 
0.417154 -0.04513906946 0.11370109447 
0.417711 -0.03519917421 0.11703791073 
0.418268 0.06535386700 0.12072801103 
0.418825 0.14125193337 0.11850712092 
0.419382 -0.05583845926 0.11520156771 
0.419940 0.06912707672 0.11308968066 
0.420497 0.14901927315 0.11574705127 
0.421054 0.06260817857 0.11656377803 
0.421611 0.12652270912 0.11458631908 
0.422168 0.04857581876 0.11237630729 
0.422725 0.06937631490 0.11330104889 
0.423282 -0.07820935969 0.11257360655 
0.423839 0.07464714443 0.11584918048 
0.424396 0.04917676769 0.11882287526 
0.424953 0.18885268388 0.11688669193 
0.425510 0.15287051333 0.11730484538 
0.426067 0.08385475654 0.11136546132 
0.426624 0.11801143371 0.11250154979 
0.427181 0.05363729282 0.11742368503 
0.427738 0.10700391819 0.11938032529 
0.428295 0.07270875976 0.11474754278 
0.428852 -0.05812502447 0.12119599987 
0.429409 0.04387810933 0.11627573845 
0.429966 0.02636644805 0.11714390475 
0.430523 -0.01472311755 0.11381486213 
0.431080 0.18260518550 0.11542457109 
0.431637 -0.01142959225 0.11491178075 
0.432194 0.13804463950 0.11605665455 
0.432752 0.06994007635 0.11826688308 
0.433309 0.07584093238 0.11539824013 
0.433866 0.01070244233 0.11774055329 
0.434423 0.08791382146 0.12071982716 
0.434980 0.03151705505 0.11715189811 
0.435537 0.06836468709 0.12164391641 
0.436094 0.08744004685 0.11851252018 
0.436651 0.11640816486 0.11895389579 
0.437208 -0.09283156878 0.12033731898 
0.437765 0.08039164098 0.11852534319 
0.438322 0.18782976083 0.11874308687 
0.438879 0.11204744694 0.11856223504 
0.439436 0.08739885024 0.12260972695 
0.439993 0.06459969170 0.12518326965 
0.440550 -0.04565910697 0.11908123006 
0.441107 0.01226340832 0.12223067749 
0.441664 -0.11091055119 0.12014169963 
0.442221 -0.00885832655 0.12087270658 
0.442778 -0.09461528131 0.12506031707 
0.443335 0.15108480627 0.12175604759 
0.443892 -0.10223232736 0.12322411119 
0.444449 0.05341942236 0.12309249851 
0.445006 -0.00681770648 0.12190841572 
0.445563 0.13159764013 0.12427281150 
0.446120 -0.04644020289 0.12424934497 
0.446677 0.02948312832 0.12166071768 
0.447234 -0.03002195208 0.12435844899 
0.447791 0.04368842263 0.12238879927 
0.448348 0.18369016418 0.12702815150 
0.448905 -0.11785306462 0.12390121496 
0.449462 0.10493360155 0.12581831043 
0.450019 0.12765947920 0.12281606832 
0.450576 -0.07579341197 0.12574985195 
0.451133 0.21277775407 0.12612894958 
0.451690 0.11746313704 0.12052378592 
0.452247 -0.09995859666 0.12290686445 
0.452804 0.05310607446 0.12332056049 
0.453361 0.14288686140 0.12454857183 
0.453918 0.07944776834 0.12186837028 
0.454475 0.09954089444 0.12163741338 
0.455032 0.11325657573 0.12219000458 
0.455589 0.10325001707 0.12225844681 
0.456146 0.15433275766 0.12108127860 
0.456703 0.06631108549 0.12083384049 
0.457260 0.12666338200 0.11828203579 
0.457817 0.07713998767 0.12118663118 
0.458374 0.11260620532 0.12694265668 
0.458931 -0.01737159011 0.12421338824 
0.459488 0.20809450212 0.12616415093 
0.460045 0.22754376500 0.12131040703 
0.460602 0.25907864681 0.12329891169 
0.461159 0.13735920791 0.12138374259 
0.461716 -0.02710475545 0.12102943246 
0.462273 0.14358772950 0.12315183843 
0.462830 0.18727300472 0.11997168535 
0.463387 -0.00464841717 0.12402349458 
0.463943 0.15101056605 0.12422053940 
0.464500 0.08199725013 0.12224783420 
0.465057 -0.01674551849 0.12410698278 
0.465614 0.03699101368 0.11963995399 
0.466171 0.06294643158 0.12575635559 
0.466728 -0.08740650447 0.11925382700 
0.467285 0.18634447763 0.12322289944 
0.467842 -0.06818381279 0.12330257749 
0.468399 0.14464467551 0.12513300867 
0.468956 0.19826200409 0.12575181619 
0.469513 -0.02541725697 0.12050164226 
0.470070 0.02715859810 0.12423189042 
0.470627 0.14440062242 0.12597040411 
0.471184 0.13462783010 0.12289916649 
0.471741 0.07485700924 0.12587424895 
0.472298 0.19297407021 0.12170446817 
0.472855 0.05619060799 0.11942445453 
0.473412 0.18677650150 0.12034122929 
0.473969 0.04732102245 0.12421854701 
0.474526 0.10016399641 0.12498551196 
0.475083 0.03264007186 0.12146604741 
0.475640 0.11659302862 0.12597025537 
0.476196 0.06102782784 0.12188625167 
0.476753 0.17871969156 0.12591236956 
0.477310 0.04500584890 0.11963329486 
0.477867 0.16843054769 0.12512715806 
0.478424 0.07100011610 0.12128342751 
0.478981 0.06373265100 0.12459013168 
0.479538 0.00757429231 0.12008295674 
0.480095 -0.00633049752 0.12409733364 
0.480652 0.21053101523 0.12428416197 
0.481209 0.09726599026 0.11982982688 
0.481766 0.00013988420 0.11708567067 
0.482323 0.12617422039 0.12034911560 
0.482880 0.07356833310 0.11874626111 
0.483437 -0.04192517364 0.11907286419 
0.483994 0.09335074574 0.12363007834 
0.484550 0.15102569752 0.12027599007 
0.485107 0.05619946652 0.12157938151 
0.485664 0.28099532616 0.12196860858 
0.486221 0.09972987061 0.12212085955 
0.486778 0.14193798498 0.11934817943 
0.487335 0.07193441688 0.11756379314 
0.487892 0.11194864918 0.12315837179 
0.488449 -0.01884484592 0.12048668032 
0.489006 0.08920349406 0.11858820728 
0.489563 -0.06398643813 0.12284692619 
0.490120 0.09516111972 0.12152036067 
0.490677 0.08644123976 0.12462642207 
0.491233 0.18051812443 0.11866970245 
0.491790 0.00395502548 0.12239414787 
0.492347 0.00014778894 0.12360314418 
0.492904 0.08702239232 0.12189125911 
0.493461 0.26147888412 0.11897594198 
0.494018 0.15357451936 0.12104067080 
0.494575 0.04609422026 0.12049056171 
0.495132 0.12512571561 0.12298082190 
0.495689 0.17733225540 0.12124609588 
0.496246 0.09483052615 0.12278211919 
0.496802 0.18116930308 0.12260005520 
0.497359 0.20413199438 0.11912819433 
0.497916 0.00020236269 0.11771988530 
0.498473 0.21742978107 0.11955349083 
0.499030 0.16055335455 0.12374345001 
0.499587 0.24133179257 0.12282383426 
0.500144 0.10046449930 0.12372356750 
0.500701 0.10139696546 0.12282267121 
0.501258 0.06856181151 0.12177279478 
0.501815 0.09787662216 0.11941759658 
0.502371 0.10183179796 0.12110303239 
0.502928 0.03058775690 0.12042603835 
0.503485 0.16200382525 0.12234352443 
0.504042 0.20003964653 0.12095971701 
0.504599 -0.11052556898 0.12525307203 
0.505156 0.08658931465 0.11918704754 
0.505713 0.17273371908 0.12060484752 
0.506270 0.12891140433 0.12134549932 
0.506826 0.06468224277 0.12186121751 
0.507383 0.02084744038 0.12241153838 
0.507940 0.01983140653 0.12364309476 
0.508497 0.04973617340 0.12655681207 
0.509054 -0.05119486258 0.12573384215 
0.509611 0.02646173216 0.11867555799 
0.510168 0.23862908819 0.12278884739 
0.510725 0.01995483843 0.12557095711 
0.511281 0.09891216045 0.12548773054 
0.511838 0.02484373141 0.12531826406 
0.512395 0.08076858073 0.12797230531 
0.512952 0.13403193477 0.12723464512 
0.513509 0.04503749295 0.12446767121 
0.514066 0.10783282962 0.12455700682 
0.514623 0.06141973155 0.12670450856 
0.515179 0.11565416825 0.12984360722 
0.515736 -0.00408790969 0.12652426176 
0.516293 0.04003361482 0.13046411346 
0.516850 0.06973736744 0.12790042178 
0.517407 -0.05761452602 0.12566670481 
0.517964 0.17272279125 0.13079446010 
0.518521 0.12016824905 0.13224881960 
0.519077 0.23400208923 0.12724343184 
0.519634 0.14951365151 0.13388822553 
0.520191 0.27113224020 0.13460700829 
0.520748 0.16842046403 0.13434044279 
0.521305 0.06349235294 0.12945829991 
0.521862 -0.04570481278 0.13143671607 
0.522418 0.09459830872 0.13725349224 
0.522975 0.05271111401 0.13504210323 
0.523532 0.17771457412 0.14125870294 
0.524089 0.04758307225 0.13441481237 
0.524646 0.03919713049 0.14037307625 
0.525203 0.09820566702 0.13581717299 
0.525759 0.18784540761 0.14014535591 
0.526316 -0.05636078856 0.14036112600 
0.526873 0.27190656022 0.14520181464 
0.527430 -0.01122279390 0.14195545215 
0.527987 0.00370137302 0.14108371395 
0.528544 0.10425732545 0.13647692564 
0.529100 0.15252772902 0.14636506513 
0.529657 0.09710712526 0.13922493618 
0.530214 0.21710051551 0.14340045039 
0.530771 -0.01842437555 0.14383566216 
0.531328 0.05934502305 0.14697965928 
0.531884 0.09720901302 0.14573259917 
0.532441 0.08982997518 0.15173218412 
0.532998 0.21003232952 0.15568225099 
0.533555 0.18372730311 0.14523791532 
0.534112 0.17948799487 0.15077119024 
0.534669 0.11363929364 0.15371564661 
0.535225 -0.04919758403 0.15627986268 
0.535782 -0.01120621214 0.16140674523 
0.536339 0.22350096533 0.16032245478 
0.536896 -0.06662649521 0.16551024938 
0.537453 0.09904799542 0.16627736271 
0.538009 0.27515227016 0.17138388954 
0.538566 0.05234743642 0.16570562164 
0.539123 0.21201470821 0.17857224270 
0.539680 0.04916119729 0.17859895541 
0.540237 -0.10176553727 0.18153376572 
0.540793 0.00787985881 0.19649298440 
0.541350 -0.11204207150 0.21045430904 
0.541907 -0.02664826189 0.23076487436 
0.542464 0.41740820009 0.27045906669 
0.543021 0.49308265085 0.41858093745 
