0.011985 171.79202449644 0.00000000000 
0.012543 155.73252832519 10.48127189226 
0.013100 151.69447923708 12.84783045014 
0.013658 148.72406452244 10.23125994650 
0.014215 146.73963981828 9.25165134766 
0.014772 142.98597032446 7.33537295427 
0.015330 139.38252037627 5.59207874541 
0.015887 135.55338240488 5.24251460080 
0.016445 132.81605208301 4.25842826692 
0.017002 130.32409181945 4.03235283050 
0.017560 125.62199425728 3.66671233276 
0.018117 120.18630755201 2.74283755579 
0.018675 118.81127326504 2.56017201460 
0.019232 115.99448126467 2.60862989568 
0.019789 111.00847413018 2.31947373157 
0.020347 108.76210191502 2.01804836831 
0.020904 104.00831326640 1.71629485149 
0.021462 100.90099008893 1.78105417693 
0.022019 98.65406261705 1.43073155012 
0.022577 95.76098365343 1.43132564890 
0.023134 90.57103390616 1.32830765079 
0.023692 86.97495821056 1.25126743247 
0.024249 84.53327425256 1.14070269300 
0.024807 81.44852762633 1.10058024913 
0.025364 77.37222836103 1.02722879799 
0.025921 75.72612938487 1.00985964827 
0.026479 72.17220096312 0.92871342360 
0.027036 69.26610715598 0.82608067327 
0.027594 67.19756542805 0.83809033111 
0.028151 64.74789688856 0.81118459500 
0.028709 61.64363656125 0.72868470480 
0.029266 58.46369455786 0.66424262431 
0.029824 56.26780508914 0.63430296217 
0.030381 54.25068052676 0.66914113935 
0.030938 51.00282660895 0.58274767802 
0.031496 48.62382818530 0.56256164313 
0.032053 47.09307714073 0.55978416837 
0.032611 44.96980849114 0.53410591892 
0.033168 42.24796392620 0.53801233667 
0.033726 41.25695696910 0.51892573099 
0.034283 39.26649531598 0.50475381226 
0.034841 37.01532494460 0.46309472858 
0.035398 35.58026384407 0.48743595841 
0.035955 33.00821309136 0.44973731931 
0.036513 31.90713014082 0.44766956164 
0.037070 30.41100433667 0.43569511648 
0.037628 28.54330291915 0.40860605509 
0.038185 27.28972011255 0.42121574142 
0.038743 26.49580016903 0.39925269877 
0.039300 24.33591788066 0.41060813697 
0.039858 23.96917911972 0.37897477861 
0.040415 22.21832985308 0.34916513917 
0.040973 21.14733761404 0.37051258875 
0.041530 21.26644101879 0.37136260581 
0.042087 19.98030034570 0.35473715212 
0.042645 19.14154882206 0.35379773703 
0.043202 17.57304583217 0.35883399549 
0.043760 17.24501236113 0.33568601864 
0.044317 16.52476297251 0.31831819759 
0.044875 15.68417079670 0.33369867233 
0.045432 15.00004686615 0.32043071345 
0.045990 14.28084151360 0.31444939533 
0.046547 13.48851446753 0.32467485558 
0.047104 13.39242589486 0.30936154679 
0.047662 12.67074017709 0.31484141838 
0.048219 12.15152095661 0.27372882270 
0.048777 11.70392030121 0.30066638019 
0.049334 11.83097090618 0.28349787460 
0.049892 11.13698241085 0.27860771010 
0.050449 10.70628202608 0.27914639055 
0.051007 10.24702070492 0.26636694720 
0.051564 10.31839793710 0.28098435653 
0.052121 9.31381467848 0.26478701159 
0.052679 9.56670401676 0.25500932784 
0.053236 9.43785719995 0.24676016562 
0.053794 8.74081788056 0.25890538305 
0.054351 8.69652169664 0.24777988226 
0.054909 8.45094879131 0.25449007299 
0.055466 8.22138630906 0.25075827393 
0.056024 8.40496258772 0.24438877589 
0.056581 8.22715913220 0.24996172410 
0.057138 7.99308888191 0.24189335904 
0.057696 7.76479094530 0.23302754962 
0.058253 7.61184412123 0.24925606773 
0.058811 7.24098505400 0.22913557101 
0.059368 7.15256803702 0.22844873792 
0.059926 7.39697955403 0.22605266646 
0.060483 7.10554418242 0.23423978399 
0.061041 6.92768586055 0.23054961511 
0.061598 6.81007754998 0.21701529511 
0.062155 6.95163118513 0.22526575811 
0.062713 6.44141231356 0.22572905285 
0.063270 6.18388298773 0.21908508599 
0.063828 6.35494273718 0.21173937975 
0.064385 6.33876738409 0.22476500853 
0.064943 6.23723903147 0.22147578395 
0.065500 6.11001523991 0.21515469480 
0.066057 5.73456439639 0.21390386984 
0.066615 5.84465086608 0.22017025024 
0.067172 6.07497053390 0.21670129926 
0.067730 5.86337231951 0.19897948280 
0.068287 5.73332950338 0.20493637058 
0.068845 5.67165188331 0.21062968558 
0.069402 5.67157660726 0.20583092819 
0.069960 5.15354684245 0.20615601697 
0.070517 5.19147802605 0.20231311827 
0.071074 4.82820090125 0.19768965932 
0.071632 5.08102200425 0.19869962353 
0.072189 4.82727182878 0.19240895641 
0.072747 4.93553577753 0.19280745511 
0.073304 4.73091823429 0.19147419404 
0.073862 4.43756690390 0.20105664829 
0.074419 4.06293967875 0.19791170306 
0.074977 4.24129727332 0.18715210284 
0.075534 4.17077864934 0.18827678659 
0.076091 4.21399004644 0.18084876748 
0.076649 4.15008066387 0.18061436650 
0.077206 3.73620940727 0.18811711038 
0.077764 3.65981525267 0.18071282941 
0.078321 3.65445996022 0.18124793190 
0.078879 3.49246744247 0.18472674316 
0.079436 3.30076685512 0.18269094144 
0.079993 3.57793857116 0.17201083143 
0.080551 2.98151080945 0.17584215143 
0.081108 2.98167251361 0.18010729832 
0.081666 2.96645262887 0.17807811591 
0.082223 3.05504031173 0.17392384197 
0.082781 2.70929720719 0.17166136236 
0.083338 2.75688823990 0.17070927598 
0.083895 2.52205655035 0.17142528571 
0.084453 2.53886820215 0.17263002091 
0.085010 2.54572827584 0.17093924438 
0.085568 2.47049523955 0.16375762583 
0.086125 2.31517187651 0.16249455407 
0.086683 2.34874441022 0.16090875639 
0.087240 2.06635199729 0.16601914847 
0.087798 2.13384016909 0.16791706690 
0.088355 1.88199668377 0.16039822076 
0.088912 2.09561539094 0.16081342176 
0.089470 1.73281566582 0.16234486093 
0.090027 1.73932936316 0.16297621412 
0.090585 1.81739290285 0.15964406498 
0.091142 1.82636465158 0.16117406365 
0.091700 1.62664279095 0.15773801190 
0.092257 1.65713255188 0.15942252136 
0.092814 1.33671973346 0.15539140503 
0.093372 1.61282797328 0.15697994689 
0.093929 1.34891784045 0.15473692538 
0.094487 1.43108966058 0.14901200296 
0.095044 1.10852960730 0.15680521015 
0.095602 1.44329188902 0.15002793218 
0.096159 1.05173208647 0.14956211317 
0.096716 1.26706522076 0.14765441135 
0.097274 1.24675174740 0.15308121374 
0.097831 1.13596254312 0.14920477592 
0.098389 1.07532094320 0.14664517680 
0.098946 1.01374777002 0.15004108316 
0.099504 0.87168653658 0.14701827085 
0.100061 1.12730217656 0.14892529259 
0.100618 1.05513484647 0.15167160337 
0.101176 0.94931917779 0.15394848885 
0.101733 1.19030204712 0.14904919301 
0.102291 1.01463694205 0.13827749047 
0.102848 0.75126504019 0.14898336266 
0.103406 0.90804303864 0.14780841457 
0.103963 0.77309250538 0.14757750113 
0.104520 0.79033901131 0.14032173596 
0.105078 0.81972913647 0.14290148255 
0.105635 0.83646425975 0.14430613173 
0.106193 0.92162740497 0.14100254065 
0.106750 0.82079541412 0.14516579026 
0.107308 0.78956343480 0.14261244340 
0.107865 0.94215739593 0.13943907300 
0.108422 0.89738188127 0.14341294015 
0.108980 0.91108414781 0.13835493804 
0.109537 0.76144903084 0.14029306359 
0.110095 0.90414183617 0.13908008020 
0.110652 0.82152326204 0.13475312144 
0.111210 0.72984965047 0.13943825791 
0.111767 0.84113092810 0.13989252952 
0.112324 0.86802229798 0.13873325408 
0.112882 0.84343612357 0.13665547522 
0.113439 0.70398573768 0.13643316236 
0.113997 0.72628952563 0.13745132469 
0.114554 0.66806324911 0.13748456062 
0.115111 0.96615956080 0.13346999036 
0.115669 0.79127493126 0.13392285275 
0.116226 1.00452013871 0.13549311248 
0.116784 0.77160792788 0.13289361337 
0.117341 0.81261013488 0.13717064037 
0.117899 0.65670228559 0.13381867896 
0.118456 0.76381977986 0.13495123921 
0.119013 0.59810124139 0.13520690502 
0.119571 0.55773962857 0.13119065708 
0.120128 0.85000508916 0.12964257903 
0.120686 0.64555972378 0.13429752704 
0.121243 0.76723617992 0.13122810664 
0.121800 0.71022550419 0.13225594492 
0.122358 0.48926386296 0.13274001980 
0.122915 0.73718247574 0.12882791728 
0.123473 0.66757290959 0.13140660125 
0.124030 0.57665267858 0.12859728843 
0.124588 0.39539420798 0.13311636892 
0.125145 0.66863588360 0.12908808488 
0.125702 0.49843379934 0.12964883551 
0.126260 0.48925462514 0.12780463196 
0.126817 0.69250710873 0.12510141540 
0.127375 0.67851326410 0.12840885271 
0.127932 0.69885084970 0.12836462312 
0.128489 0.67509588401 0.12831798280 
0.129047 0.50515408209 0.12626147343 
0.129604 0.49889386169 0.12421262397 
0.130162 0.61471759058 0.12549088960 
0.130719 0.45032559071 0.12426624433 
0.131277 0.50824062556 0.12709183575 
0.131834 0.49462526244 0.12697463694 
0.132391 0.50765997817 0.12635811483 
0.132949 0.55529770510 0.13154180912 
0.133506 0.50517275753 0.13178980975 
0.134064 0.41303011660 0.12954356599 
0.134621 0.44048084990 0.13367804640 
0.135178 0.45264263369 0.13595240545 
0.135736 0.40187156842 0.13776552320 
0.136293 0.39232628931 0.14266172080 
0.136851 0.35051381515 0.14112245218 
0.137408 0.59959251077 0.13927469122 
0.137965 0.64709856916 0.13698791669 
0.138523 0.44941915934 0.13607835984 
0.139080 0.53488593031 0.13736132022 
0.139638 0.47047959233 0.14146716936 
0.140195 0.41960814919 0.13978674930 
0.140752 0.37990384505 0.13657319114 
0.141310 0.34849237239 0.13418952616 
0.141867 0.43743264230 0.13889058190 
0.142425 0.29267149327 0.14532455869 
0.142982 0.31556911754 0.14180583085 
0.143540 0.31248400330 0.14122517903 
0.144097 0.22316477279 0.13349050208 
0.144654 0.50932618072 0.13405273808 
0.145212 0.42206520564 0.13131094411 
0.145769 0.42037715822 0.13142726859 
0.146327 0.37906797439 0.13335829954 
0.146884 0.31498086552 0.12607183045 
0.147441 0.38840373554 0.12725318708 
0.147999 0.12378112486 0.12565374709 
0.148556 0.24143052530 0.12176547032 
0.149114 0.35297200244 0.12751991844 
0.149671 0.24668723799 0.12611771682 
0.150228 0.42531268267 0.12676474133 
0.150786 0.20018432537 0.12558757216 
0.151343 0.21717169231 0.12355411250 
0.151901 0.39409936778 0.12025120747 
0.152458 0.35613361991 0.12522687754 
0.153015 0.16642261595 0.12247062781 
0.153573 0.22968321133 0.12098591773 
0.154130 0.37229583946 0.12259680964 
0.154688 0.22626121967 0.12376666595 
0.155245 0.25214494247 0.11906247974 
0.155802 0.20758897763 0.12236696247 
0.156360 0.16599188270 0.12092450334 
0.156917 0.20750589030 0.12250039623 
0.157475 0.29070819307 0.11761445341 
0.158032 0.26127695776 0.11506291193 
0.158589 0.29810901126 0.11811359363 
0.159147 0.18646776487 0.11667612435 
0.159704 0.21697820363 0.11628306431 
0.160261 0.19564055119 0.11665190167 
0.160819 0.25496507660 0.11765505975 
0.161376 0.35296255456 0.11576351323 
0.161934 0.19061402042 0.11433379029 
0.162491 0.19575532334 0.11244820411 
0.163048 0.19839060525 0.11549918101 
0.163606 0.08988717493 0.11517095645 
0.164163 0.02893154471 0.11631415119 
0.164721 0.16296405364 0.11694404784 
0.165278 0.00913143069 0.11325420207 
0.165835 0.19024171449 0.11462850889 
0.166393 0.17378839161 0.11243882207 
0.166950 0.10800667552 0.11061563130 
0.167508 0.15387478874 0.11375713983 
0.168065 0.20550824855 0.11182038537 
0.168622 0.18615956630 0.11102683050 
0.169180 0.18491755940 0.10860698175 
0.169737 0.24784593253 0.11358447767 
0.170294 -0.00184049251 0.11062795002 
0.170852 0.02310054119 0.11220144745 
0.171409 0.14024412520 0.11189673008 
0.171967 0.29658996608 0.11150809825 
0.172524 0.02156798900 0.10932733792 
0.173081 0.16400315953 0.11101435145 
0.173639 0.04759118584 0.10805953521 
0.174196 0.24533581529 0.11088138817 
0.174754 -0.02721223204 0.11054149555 
0.175311 0.06060738897 0.11034800828 
0.175868 0.08088110378 0.10747476152 
0.176426 0.01193212553 0.10850266879 
0.176983 0.05481650228 0.11029191472 
0.177540 -0.02626669004 0.10924683919 
0.178098 0.06765607594 0.10805064538 
0.178655 0.01476604870 0.10790895148 
0.179213 0.03482395353 0.10592736145 
0.179770 0.20665841901 0.10609916193 
0.180327 -0.11826410581 0.10687270180 
0.180885 0.04290360206 0.10761365704 
0.181442 0.15973973383 0.10786292457 
0.181999 0.06450784796 0.10487028307 
0.182557 -0.05596729408 0.10436449440 
0.183114 0.12315310439 0.10427988574 
0.183672 0.12512849721 0.10832810699 
0.184229 0.11595154336 0.10539786551 
0.184786 0.07230127276 0.10591153606 
0.185344 0.10388627610 0.10761388595 
0.185901 0.05459110829 0.10425058239 
0.186458 0.10146746814 0.10481941395 
0.187016 0.02426346768 0.10566896759 
0.187573 0.03371393641 0.10771557128 
0.188131 0.19147155231 0.10525149115 
0.188688 0.12026314329 0.10639788180 
0.189245 0.13143319113 0.10580075933 
0.189803 0.10191027294 0.10666476941 
0.190360 -0.08505841896 0.10483775223 
0.190917 0.02034456553 0.10781591718 
0.191475 0.11726518345 0.10543405310 
0.192032 -0.01179840471 0.10311533767 
0.192590 0.07980276736 0.10295747166 
0.193147 0.07782010663 0.10503546026 
0.193704 0.14181878161 0.10299211222 
0.194262 -0.00728047952 0.10262169851 
0.194819 -0.02857280153 0.10412624297 
0.195376 -0.00624621159 0.10647132558 
0.195934 0.02724827403 0.10155673848 
0.196491 0.06677933725 0.10225730445 
0.197048 0.07619434101 0.10203383800 
0.197606 0.02899887488 0.10381223768 
0.198163 0.20011678936 0.10255795832 
0.198721 -0.00112823806 0.10170447293 
0.199278 0.08048602502 0.10368132385 
0.199835 0.01183921900 0.10288690977 
0.200393 0.01314585268 0.10111240870 
0.200950 0.16176239112 0.10311402786 
0.201507 0.05684765225 0.10052440171 
0.202065 0.18439295866 0.10366968596 
0.202622 0.10386509551 0.10016667227 
0.203179 0.13338288520 0.10146113991 
0.203737 0.08452409044 0.10221096522 
0.204294 0.14123825054 0.10057015721 
0.204851 0.04682224879 0.09794862633 
0.205409 0.09394540719 0.10104481230 
0.205966 0.09581853993 0.09692607858 
0.206524 0.12157908341 0.09852509305 
0.207081 0.11497267756 0.09889676758 
0.207638 0.15478150949 0.09656621025 
0.208196 0.25430222763 0.09520059171 
0.208753 0.13837338913 0.09699657411 
0.209310 0.12907449272 0.09885899006 
0.209868 0.17203420014 0.09736068131 
0.210425 0.04215732223 0.09681382819 
0.210982 0.00798331234 0.09689266962 
0.211540 -0.04076508537 0.09841003133 
0.212097 0.19452556873 0.09653166180 
0.212654 0.15108929779 0.09612164079 
0.213212 0.12802737966 0.09688805728 
0.213769 0.21756987338 0.09500109690 
0.214326 0.11651645065 0.09709973615 
0.214884 0.19891714503 0.09971421761 
0.215441 0.22029172986 0.09725125444 
0.215999 0.15066514182 0.09618775370 
0.216556 0.09727040153 0.09533976131 
0.217113 0.04938350421 0.09567368026 
0.217671 0.15752510322 0.09595804789 
0.218228 0.08018852234 0.09469087412 
0.218785 0.25640961127 0.09579163963 
0.219343 0.19758787675 0.09665285408 
0.219900 0.18753446673 0.09382848997 
0.220457 0.22303772687 0.09513435604 
0.221015 0.02153610720 0.09436632584 
0.221572 0.01806824745 0.09526371875 
0.222129 0.14254990873 0.09386971924 
0.222687 0.09899819636 0.09526214259 
0.223244 0.11074557985 0.09279302518 
0.223801 0.16293199599 0.09417913629 
0.224359 0.10660681857 0.09327251714 
0.224916 0.25005327156 0.09478147606 
0.225473 0.07596023392 0.09414510444 
0.226031 0.10884341618 0.09589957159 
0.226588 0.16036451162 0.09407816130 
0.227145 0.12314467365 0.09383079644 
0.227703 0.10887601051 0.09456606352 
0.228260 0.07899882911 0.09190093845 
0.228817 0.14923296700 0.09254912078 
0.229375 0.11459235861 0.09398772147 
0.229932 0.06451821593 0.09255497480 
0.230489 0.07881011691 0.09107986497 
0.231047 0.11611079763 0.09200072853 
0.231604 0.15471670171 0.09057895280 
0.232161 0.18215273072 0.09382399592 
0.232719 0.17344196419 0.09080377292 
0.233276 0.02442208130 0.09174703703 
0.233833 0.03524537645 0.09337771467 
0.234391 0.09218509169 0.09200997390 
0.234948 0.11948824792 0.09231880332 
0.235505 0.12283195012 0.09197431552 
0.236063 0.17302112637 0.09046848749 
0.236620 -0.02798240517 0.09200760965 
0.237177 0.15219036664 0.08936206492 
0.237735 0.12445543364 0.08905018737 
0.238292 0.10596623450 0.09008121642 
0.238849 0.15605612095 0.09098440315 
0.239407 0.09249039548 0.09019572787 
0.239964 0.09226545355 0.08905703950 
0.240521 0.09970953697 0.09032431857 
0.241079 0.18179333071 0.08957448196 
0.241636 0.17407369177 0.09069159317 
0.242193 0.04588763353 0.09024132207 
0.242750 0.13727111085 0.09004530213 
0.243308 -0.00612169586 0.09222083688 
0.243865 0.11807123896 0.08904066572 
0.244422 0.12542118090 0.09087681755 
0.244980 0.23836231331 0.08933267573 
0.245537 -0.04255449005 0.09160894573 
0.246094 0.18316961612 0.08984351105 
0.246652 0.17820911087 0.09155347834 
0.247209 0.17478277239 0.08931754960 
0.247766 0.24431160322 0.09227520240 
0.248324 0.21545716278 0.08875692309 
0.248881 0.08395905931 0.08883658523 
0.249438 0.13206212462 0.08802196316 
0.249996 0.06783022503 0.08979289244 
0.250553 0.12509543759 0.08850080207 
0.251110 0.13378185491 0.08985882031 
0.251667 0.12425051292 0.08848727773 
0.252225 0.18068989658 0.08842329379 
0.252782 -0.04176463790 0.08868032369 
0.253339 0.09056706096 0.08855922343 
0.253897 0.04088693597 0.08829296206 
0.254454 0.12452700321 0.08822255469 
0.255011 0.08695806590 0.08568272231 
0.255569 0.13261566901 0.08608708551 
0.256126 0.06788464484 0.08788411499 
0.256683 0.04489328662 0.08629235768 
0.257241 0.09761323340 0.08736412763 
0.257798 0.10752214814 0.08778818572 
0.258355 0.04654433038 0.08502432955 
0.258912 -0.04494095285 0.08579947836 
0.259470 -0.03592932069 0.08756391559 
0.260027 0.05884095304 0.08678652153 
0.260584 0.08937849753 0.08425467666 
0.261142 0.04118486406 0.08738351025 
0.261699 0.08746930900 0.08624655911 
0.262256 0.21907553170 0.08507493218 
0.262814 0.08701021268 0.08405394729 
0.263371 -0.02830287246 0.08700611981 
0.263928 0.06021485288 0.08631640636 
0.264485 0.14201366964 0.08429734559 
0.265043 0.11592086730 0.08435263162 
0.265600 0.06926484529 0.08514481180 
0.266157 0.04678720584 0.08298072776 
0.266715 0.15162025194 0.08559638873 
0.267272 0.10181716291 0.08619843394 
0.267829 0.16597415048 0.08625504424 
0.268386 -0.03313836730 0.08620726499 
0.268944 0.05300268243 0.08482943352 
0.269501 0.03907982786 0.08593178230 
0.270058 0.02155448598 0.08572895935 
0.270616 0.04414333962 0.08412743788 
0.271173 0.12764689375 0.08771477214 
0.271730 0.04451102062 0.08818880045 
0.272287 0.15406549917 0.08882272506 
0.272845 -0.02627099276 0.08736900830 
0.273402 0.10611786939 0.08828174654 
0.273959 0.12863366763 0.09016906147 
0.274517 0.09368367901 0.08813757873 
0.275074 0.17850204158 0.08948554739 
0.275631 -0.03254107406 0.08837049006 
0.276188 0.02468988200 0.08868328216 
0.276746 0.08516374495 0.08980549195 
0.277303 0.01771592042 0.08938349136 
0.277860 0.10220112886 0.09013583460 
0.278418 0.14892129125 0.09037389524 
0.278975 0.00514643434 0.08951120181 
0.279532 -0.10714422681 0.09062447025 
0.280089 0.09492474573 0.09016290391 
0.280647 0.19078682398 0.09219175908 
0.281204 0.23329009220 0.09041510977 
0.281761 0.05504461613 0.08873788371 
0.282318 0.11932833489 0.08966496190 
0.282876 0.11284806390 0.08831738120 
0.283433 0.10917070963 0.08750469343 
0.283990 0.06730274460 0.08893854435 
0.284548 0.06348584216 0.08826859069 
0.285105 0.06077585476 0.08633025142 
0.285662 0.17420432256 0.08600709591 
0.286219 0.19009708190 0.08661745627 
0.286777 0.02819544027 0.08461377191 
0.287334 0.09032908679 0.08684427882 
0.287891 0.08605330562 0.08647555285 
0.288448 0.05900958507 0.08641062973 
0.289006 -0.00543539323 0.08533508609 
0.289563 0.04339754133 0.08648103993 
0.290120 0.08531832011 0.08602289436 
0.290677 0.08535483260 0.08396060395 
0.291235 0.11162734744 0.08429721514 
0.291792 0.07648158194 0.08463976486 
0.292349 0.10171690829 0.08334796661 
0.292906 0.12526045654 0.08407306867 
0.293464 0.08759477126 0.08595538311 
0.294021 0.02419945923 0.08438380970 
0.294578 0.08082601278 0.08709888749 
0.295136 0.12795967762 0.08602341239 
0.295693 0.02123430111 0.08497915921 
0.296250 0.09749490792 0.08587556141 
0.296807 0.17969741903 0.08705471353 
0.297365 0.18993065291 0.08701365661 
0.297922 0.05529013175 0.08630570783 
0.298479 0.05139614924 0.08674790797 
0.299036 0.05113378629 0.08522944195 
0.299594 0.03086020489 0.08439273836 
0.300151 -0.00646412557 0.08615030578 
0.300708 0.06115038602 0.08462963176 
0.301265 0.13813381388 0.08546640209 
0.301823 0.08761523822 0.08460039754 
0.302380 0.23392499335 0.08607326699 
0.302937 -0.00315249743 0.08712234168 
0.303494 0.11013584162 0.08559121591 
0.304052 0.10596969399 0.08510580149 
0.304609 0.11062679066 0.08683134638 
0.305166 0.12003301483 0.08568590049 
0.305723 0.04854257653 0.08795250005 
0.306280 -0.05569320748 0.08526490282 
0.306838 0.07516733737 0.08502655875 
0.307395 0.15066265505 0.08508407138 
0.307952 0.00302678585 0.08658878585 
0.308509 0.09701283616 0.08693758516 
0.309067 0.09816913535 0.08575286717 
0.309624 0.11309180456 0.08585928279 
0.310181 0.06768382465 0.08604083602 
0.310738 -0.01830472920 0.08552258836 
0.311296 0.00583675633 0.08686577554 
0.311853 0.12252534356 0.08616254109 
0.312410 0.12439970701 0.08548409477 
0.312967 0.04977545662 0.08663457637 
0.313525 0.08152732827 0.08596800772 
0.314082 0.17993214546 0.08634644185 
0.314639 0.03457393534 0.08627588938 
0.315196 0.06079419270 0.08737535354 
0.315753 0.02181385498 0.08649109792 
0.316311 0.08968400601 0.08643854328 
0.316868 0.03275619655 0.08892733703 
0.317425 0.11320520247 0.08668344435 
0.317982 0.03411215888 0.08703378840 
0.318540 0.00638036704 0.08747753034 
0.319097 0.07548444309 0.08655476447 
0.319654 0.13039131358 0.08475072926 
0.320211 0.15047026122 0.08548513076 
0.320768 -0.05034136570 0.08563890837 
0.321326 0.06169731821 0.08622334079 
0.321883 0.15155458558 0.08755789821 
0.322440 0.00821942905 0.08764906542 
0.322997 0.12612522321 0.08704709220 
0.323555 0.14461009677 0.08670156417 
0.324112 0.10651839176 0.08682017437 
0.324669 0.09893792765 0.08905983537 
0.325226 0.11601682810 0.08646934676 
0.325783 0.21041145450 0.08812431056 
0.326341 0.17659950163 0.08813795358 
0.326898 0.03131270416 0.08744953321 
0.327455 0.14799516530 0.08853500379 
0.328012 0.01531438568 0.08865740002 
0.328569 0.15507125992 0.08712745123 
0.329127 0.04451934515 0.08668459050 
0.329684 0.06354847752 0.08803978542 
0.330241 0.07515381175 0.09016682426 
0.330798 0.06622930320 0.08804126278 
0.331355 0.01969997764 0.08894598400 
0.331913 0.03530329514 0.08926594922 
0.332470 0.18224318933 0.08868335185 
0.333027 0.04046893018 0.08852645676 
0.333584 0.06114753773 0.09036122488 
0.334141 0.09273693612 0.09058433440 
0.334699 0.00925499323 0.09164763713 
0.335256 0.06187599579 0.08896565016 
0.335813 0.22100420065 0.09375453988 
0.336370 0.04293614924 0.09010955546 
0.336927 0.12790386703 0.08927760691 
0.337485 0.15084531365 0.09128180729 
0.338042 0.07673289330 0.09120571099 
0.338599 0.14022719419 0.08913152477 
0.339156 0.05597970977 0.09320240802 
0.339713 -0.00616950043 0.09309216553 
0.340271 0.05655800049 0.09219932606 
0.340828 0.01394065953 0.09323347182 
0.341385 0.10538688421 0.09178220138 
0.341942 0.18945286995 0.09393374892 
0.342499 0.09666813018 0.09581562101 
0.343057 0.12398967736 0.09383455819 
0.343614 0.05009945398 0.09456927344 
0.344171 0.05047692119 0.09581287601 
0.344728 0.21170845145 0.09513511261 
0.345285 0.16376849641 0.09548486781 
0.345842 0.03261880561 0.09361971286 
0.346400 0.07414228279 0.09401981251 
0.346957 0.22233894180 0.09682996906 
0.347514 0.08364783964 0.09688475677 
0.348071 0.06553583027 0.09596832696 
0.348628 -0.05774078406 0.09658119973 
0.349186 0.02035541944 0.09593030323 
0.349743 0.00476583917 0.09713594237 
0.350300 0.07220163561 0.09703089814 
0.350857 0.06857221301 0.09863414551 
0.351414 0.01277609815 0.09868163161 
0.351971 0.20765423782 0.09958760566 
0.352529 0.06231194251 0.10003220789 
0.353086 0.05125734258 0.10058918387 
0.353643 -0.06590355101 0.10224960830 
0.354200 0.06435342220 0.10059783584 
0.354757 0.08903589216 0.10341652474 
0.355314 0.11978916478 0.10328488212 
0.355872 0.11924947984 0.10316178338 
0.356429 0.09095737483 0.10227541790 
0.356986 0.08401577909 0.10408686951 
0.357543 0.15817506521 0.10227058668 
0.358100 0.11155848500 0.10418203066 
0.358657 0.03509670322 0.10292005593 
0.359215 0.10311969993 0.10490766961 
0.359772 -0.00615581455 0.10391193367 
0.360329 0.07160708027 0.10353914058 
0.360886 0.05035525999 0.10266135462 
0.361443 0.10976833916 0.10551175282 
0.362000 0.16632028076 0.10489034415 
0.362558 0.09973103719 0.10112529233 
0.363115 0.06899686192 0.10328828233 
0.363672 0.18186397692 0.10275670276 
0.364229 0.07011069495 0.10137250588 
0.364786 0.17389142754 0.10171991269 
0.365343 0.22531823821 0.10051857167 
0.365900 0.13349542868 0.09952645980 
0.366458 0.10107017668 0.10271020572 
0.367015 0.10993554542 0.10104200087 
0.367572 0.07632027207 0.10265843360 
0.368129 -0.01755832419 0.10203145594 
0.368686 -0.01140677151 0.10085984615 
0.369243 0.25564928258 0.10171437387 
0.369801 0.16740669599 0.10098216809 
0.370358 0.03982930760 0.09993419486 
0.370915 0.13941672555 0.10011740827 
0.371472 0.11853530660 0.10054719646 
0.372029 -0.02017937884 0.09962253529 
0.372586 0.16310521390 0.09728092484 
0.373143 0.12517173869 0.09851231766 
0.373700 0.11662525642 0.09865151725 
0.374258 0.10553975539 0.09617547941 
0.374815 0.12979999124 0.09850349885 
0.375372 0.19901944907 0.09675385888 
0.375929 -0.05838548634 0.09593809413 
0.376486 0.10530821468 0.09665785884 
0.377043 0.04827436391 0.09614007028 
0.377600 -0.03574733719 0.09370335248 
0.378158 0.03978576242 0.09504514714 
0.378715 0.00273227047 0.09440020057 
0.379272 0.18006314596 0.09599303239 
0.379829 0.05512625950 0.09421123336 
0.380386 0.11360567126 0.09372667168 
0.380943 0.05972458181 0.09476296039 
0.381500 -0.05388334174 0.09292713063 
0.382057 0.19503807067 0.09140970395 
0.382615 0.03194985564 0.09452662945 
0.383172 0.15086206160 0.09270945737 
0.383729 0.07906811611 0.09307931133 
0.384286 0.22016482983 0.09379802351 
0.384843 0.16049643371 0.09447839897 
0.385400 0.06651921560 0.09060198710 
0.385957 0.03285874833 0.09044551488 
0.386514 0.12691409513 0.08972092922 
0.387072 0.14845347473 0.09260769626 
0.387629 0.02733297049 0.09198629633 
0.388186 0.14586378120 0.09063553192 
0.388743 0.08844132151 0.09033089935 
0.389300 0.16248114195 0.09143808411 
0.389857 0.03002975327 0.09132780620 
0.390414 0.10282427098 0.08981726385 
0.390971 0.02316172818 0.09087303424 
0.391528 0.18280547044 0.09072732557 
0.392086 0.07577564853 0.08887310709 
0.392643 0.20156938964 0.09066071266 
0.393200 -0.03234774256 0.08858627681 
0.393757 -0.00317032022 0.08869327382 
0.394314 0.10991525256 0.09059776749 
0.394871 0.13930343933 0.08954048634 
0.395428 0.18545729721 0.08917198174 
0.395985 0.03185936179 0.09068314994 
0.396542 0.13249617033 0.08878058928 
0.397099 -0.05145416163 0.09044228570 
0.397657 0.06969362006 0.08975319436 
0.398214 0.00528149834 0.09112619488 
0.398771 0.10260017034 0.08895218136 
0.399328 0.09032115754 0.08851008624 
0.399885 0.11838080161 0.08747198530 
0.400442 0.11054525370 0.08953880882 
0.400999 0.01991676678 0.09086130602 
0.401556 -0.02138291335 0.09155064452 
0.402113 0.16929706709 0.09313538372 
0.402670 0.14421599485 0.09540734681 
0.403227 0.08863415253 0.09609277727 
0.403785 0.04242852114 0.09552640634 
0.404342 0.05658851943 0.09656871788 
0.404899 -0.00439878053 0.09788551598 
0.405456 0.10215551575 0.09696481204 
0.406013 0.18375500371 0.09803398665 
0.406570 0.05544372401 0.10263662949 
0.407127 0.12238820844 0.09899856131 
0.407684 0.11123033423 0.10088519976 
0.408241 0.13313867992 0.10209457872 
0.408798 -0.06781516622 0.10077740829 
0.409355 -0.02346479200 0.10629532181 
0.409912 0.13137031104 0.10523441155 
0.410469 0.03737008985 0.10496841605 
0.411027 0.08564097518 0.10537752346 
0.411584 0.20761893545 0.10874040845 
0.412141 0.03771288524 0.10700777574 
0.412698 0.16145116281 0.10736026546 
0.413255 0.09532508037 0.10937116463 
0.413812 -0.00825112332 0.11107748521 
0.414369 0.08025523267 0.11289298578 
0.414926 -0.02530451385 0.11581040432 
0.415483 0.15048385923 0.11229787608 
0.416040 0.02606977182 0.11825288629 
0.416597 0.15367674006 0.11607834116 
0.417154 0.21479900754 0.11914285774 
0.417711 0.19056574593 0.11538435577 
0.418268 0.09443175226 0.11700904683 
0.418825 0.25088970586 0.11635063663 
0.419382 0.03674111236 0.11694195697 
0.419940 0.01829294268 0.11370826052 
0.420497 0.05957358085 0.11477563976 
0.421054 0.16722080568 0.11209556236 
0.421611 0.00505438127 0.11336292316 
0.422168 0.08313736764 0.11039532659 
0.422725 0.14901629012 0.11199059827 
0.423282 0.09731338808 0.11345590120 
0.423839 0.01764433209 0.11274500765 
0.424396 0.07137654241 0.11136875745 
0.424953 0.12804171442 0.11801677129 
0.425510 0.23398816643 0.11454965774 
0.426067 0.10021996128 0.11273225987 
0.426624 0.13158968223 0.11678931170 
0.427181 0.05824505066 0.11620895382 
0.427738 0.11158744612 0.11366250213 
0.428295 0.01723271396 0.11607462559 
0.428852 0.16336058328 0.11394619076 
0.429409 0.05610960753 0.11485197106 
0.429966 0.02160192778 0.11870955068 
0.430523 0.13390288271 0.11518045051 
0.431080 0.02873991522 0.11712083175 
0.431637 0.17701729688 0.11803794053 
0.432194 0.18333206491 0.11728791490 
0.432752 0.07237111977 0.12047773719 
0.433309 -0.07067087894 0.11602623805 
0.433866 -0.08925542401 0.12205798123 
0.434423 0.04531330030 0.12103774445 
0.434980 0.11534248179 0.11781627969 
0.435537 -0.00522392973 0.12188629224 
0.436094 -0.04426886042 0.12008691204 
0.436651 0.10669451167 0.12249974259 
0.437208 0.03201084169 0.11743563511 
0.437765 0.07723962029 0.11804662562 
0.438322 -0.01053704738 0.12151729174 
0.438879 0.02572698309 0.12187491463 
0.439436 -0.02434958772 0.11938080338 
0.439993 0.16212965142 0.12644023570 
0.440550 0.07214313190 0.12454265123 
0.441107 0.01060623183 0.12004501140 
0.441664 0.09056842816 0.12506719163 
0.442221 -0.01858092543 0.12233631002 
0.442778 0.01704959686 0.12276281928 
0.443335 0.12183006214 0.12476913000 
0.443892 0.04343077319 0.12272485233 
0.444449 -0.01835420809 0.12587426036 
0.445006 0.25841829022 0.11864191562 
0.445563 -0.05608979313 0.12262183881 
0.446120 0.28891886787 0.12406425509 
0.446677 -0.02551645870 0.12156331546 
0.447234 0.22724146609 0.12167267335 
0.447791 0.16372152799 0.12714507896 
0.448348 0.12590455219 0.12537902847 
0.448905 0.05609020432 0.12127525492 
0.449462 0.06608950572 0.11914086791 
0.450019 0.03745411147 0.12462900153 
0.450576 0.10035856304 0.12256596868 
0.451133 0.07720302195 0.12342444198 
0.451690 0.00275106577 0.12245003278 
0.452247 0.28716399336 0.12679730931 
0.452804 0.17719594712 0.12072236744 
0.453361 0.15190089365 0.12353972456 
0.453918 0.23884655291 0.11904906385 
0.454475 0.11055189420 0.12009211389 
0.455032 -0.00692266885 0.11982016806 
0.455589 0.12169689815 0.12634156271 
0.456146 0.02643395589 0.12331471294 
0.456703 0.04090719147 0.12015263672 
0.457260 0.12704055573 0.12074650134 
0.457817 -0.00734408762 0.12311085270 
0.458374 0.33834187123 0.11870419621 
0.458931 0.10174985069 0.12376996317 
0.459488 0.03124552123 0.12239262159 
0.460045 0.23768897316 0.12382060560 
0.460602 0.16789591000 0.12564798791 
0.461159 0.08621108793 0.12416573622 
0.461716 0.01218201702 0.12292148121 
0.462273 0.19823040850 0.12356077075 
0.462830 0.04986156897 0.12065967112 
0.463387 -0.03969316498 0.12514727622 
0.463943 0.05371698686 0.12058338077 
0.464500 0.16796953771 0.12236352362 
0.465057 -0.00096336537 0.12591867363 
0.465614 -0.00315743795 0.12441449376 
0.466171 0.19908405482 0.12509934045 
0.466728 0.04812402260 0.12194931311 
0.467285 0.17883726428 0.12090939941 
0.467842 0.14860473535 0.12155602998 
0.468399 0.10381341121 0.12343010710 
0.468956 -0.01118389408 0.12664797892 
0.469513 0.30897283639 0.11571880935 
0.470070 0.04813900721 0.12239484158 
0.470627 0.07349757588 0.12523866094 
0.471184 0.02832121051 0.12483668799 
0.471741 0.13322719099 0.11938358591 
0.472298 0.06105714939 0.12363761194 
0.472855 0.10246892003 0.12374588675 
0.473412 0.28129280736 0.12330334751 
0.473969 0.05953732386 0.12605788630 
0.474526 0.01328716214 0.12009347817 
0.475083 -0.04837989138 0.12303940405 
0.475640 0.06117451646 0.12180484883 
0.476196 0.11637403516 0.12229682829 
0.476753 0.17148691029 0.12399684610 
0.477310 0.15737792787 0.12009281668 
0.477867 0.04396971058 0.12226291120 
0.478424 0.16260421584 0.12405297712 
0.478981 0.09777808796 0.12086799100 
0.479538 0.06981343402 0.12089305402 
0.480095 0.03022089391 0.12091372848 
0.480652 0.12969341488 0.12355520533 
0.481209 0.10558829891 0.11474975663 
0.481766 0.10882115525 0.12101924242 
0.482323 0.12707193675 0.11417213347 
0.482880 0.06217082016 0.11761608364 
0.483437 0.01996140886 0.11928971893 
0.483994 0.05504543316 0.12228294851 
0.484550 -0.02325092844 0.11975750798 
0.485107 0.11046822102 0.11809732993 
0.485664 0.01128698802 0.11902238918 
0.486221 0.05539250042 0.12058613111 
0.486778 0.11391153111 0.12178379528 
0.487335 0.13827952862 0.12309649428 
0.487892 0.01999386098 0.12260067418 
0.488449 0.03038908992 0.12202462295 
0.489006 0.27472725435 0.11988320048 
0.489563 0.06794808786 0.11926380411 
0.490120 0.10563426177 0.12011904489 
0.490677 0.15117572020 0.12079457090 
0.491233 0.10460587799 0.12095637319 
0.491790 0.16908389046 0.12314413484 
0.492347 0.07036080750 0.11762594715 
0.492904 0.21480209591 0.12164255834 
0.493461 0.06749671375 0.12262458059 
0.494018 -0.02250111530 0.12210365814 
0.494575 0.31461584795 0.12157825106 
0.495132 0.24462364853 0.12076027087 
0.495689 0.01274124557 0.11992179598 
0.496246 0.12808128615 0.11625238770 
0.496802 0.08369516777 0.12389624293 
0.497359 0.19875572921 0.12110537672 
0.497916 0.15305933820 0.11779226729 
0.498473 -0.06489741484 0.11715438041 
0.499030 0.05077230239 0.12107784957 
0.499587 0.15198689974 0.12009706715 
0.500144 0.16308517805 0.11751022018 
0.500701 0.08492575052 0.12236673169 
0.501258 -0.03545053592 0.11897837701 
0.501815 0.02898938268 0.11992052702 
0.502371 0.03236581182 0.12381662691 
0.502928 0.10140115013 0.12015256214 
0.503485 0.21952922306 0.12110419129 
0.504042 0.27971140894 0.12323669470 
0.504599 0.17685395160 0.12124027034 
0.505156 0.06447303490 0.11877134016 
0.505713 0.10712946050 0.11841732418 
0.506270 0.05634609275 0.12213641868 
0.506826 0.18723779931 0.12477326375 
0.507383 0.18765569452 0.12147841631 
0.507940 0.14042586063 0.12283668819 
0.508497 0.17469062207 0.12276549536 
0.509054 0.08099697772 0.12368407110 
0.509611 -0.14446856755 0.12202260622 
0.510168 0.16200014081 0.12159882112 
0.510725 0.14232094358 0.12178608096 
0.511281 0.08826716948 0.12319727290 
0.511838 0.34825469419 0.12503770829 
0.512395 0.11182023569 0.12876252056 
0.512952 0.29035280733 0.12799490432 
0.513509 0.36488038041 0.12498831831 
0.514066 0.19211523080 0.12818089708 
0.514623 0.12497311545 0.12680556210 
0.515179 -0.01257355333 0.12612255976 
0.515736 0.01611235964 0.13003566296 
0.516293 0.16446619656 0.12747660161 
0.516850 0.18191874653 0.13165487091 
0.517407 0.11952978108 0.12632262761 
0.517964 0.17188851484 0.12812902669 
0.518521 0.24629261207 0.12796132229 
0.519077 0.23501594410 0.12859805149 
0.519634 0.20932548460 0.13016805846 
0.520191 0.08301228641 0.13039729206 
0.520748 0.10823097232 0.13279302729 
0.521305 0.12573291052 0.13232881669 
0.521862 0.03788113883 0.13503639077 
0.522418 0.22017344329 0.13291395568 
0.522975 -0.07823582660 0.13792092875 
0.523532 0.10781158393 0.13765341043 
0.524089 -0.04121287864 0.13984947402 
0.524646 -0.05298605191 0.13697328485 
0.525203 0.10475009234 0.13298122505 
0.525759 0.17723345689 0.14002598783 
0.526316 -0.11806506768 0.14151952200 
0.526873 -0.00437489627 0.13648536469 
0.527430 0.02758116517 0.14008373240 
0.527987 0.18907783201 0.13934101060 
0.528544 -0.07915153566 0.14484999782 
0.529100 0.05454864757 0.14457092268 
0.529657 0.13862109808 0.13763041918 
0.530214 -0.04234666555 0.14012315553 
0.530771 0.27492669609 0.14488492784 
0.531328 0.23481708645 0.14009674262 
0.531884 0.15328874164 0.14568245331 
0.532441 -0.07420505558 0.15317446843 
0.532998 0.08176683714 0.15188146583 
0.533555 0.02813399286 0.14909956486 
0.534112 -0.15685022257 0.14825261741 
0.534669 0.14228627706 0.14799733058 
0.535225 0.23098029920 0.15873898276 
0.535782 0.01887858676 0.15249654901 
0.536339 0.10347802211 0.15938131537 
0.536896 0.17463307507 0.16620757494 
0.537453 -0.13045136911 0.16502389463 
0.538009 0.03345928604 0.16697331053 
0.538566 0.16025615313 0.17099840882 
0.539123 0.04667182725 0.17103988272 
0.539680 0.11990553099 0.18281235788 
0.540237 0.31859035482 0.18448395179 
0.540793 0.22861344757 0.19218967047 
0.541350 0.04840091422 0.21210143222 
0.541907 0.13972488657 0.23556750749 
0.542464 0.23987466291 0.26064706368 
0.543021 0.02347525415 0.44971583434 
