0.011985 163.04553303733 0.00000000000 
0.012543 154.50410338140 9.65502660411 
0.013100 151.25619483472 14.19516851946 
0.013658 143.85441183054 10.19468585047 
0.014215 146.50885016995 8.96967773080 
0.014772 141.50363998381 7.00558404385 
0.015330 137.44490897995 5.27320173436 
0.015887 135.34603798635 5.48321714356 
0.016445 130.39882318751 4.28718576433 
0.017002 130.08004862060 4.13314181790 
0.017560 123.55475339817 3.65615084856 
0.018117 122.10173842931 2.76639185176 
0.018675 118.16022304525 2.43320069242 
0.019232 115.16971454474 2.43540995657 
0.019789 109.60696792188 2.44132954344 
0.020347 106.89562826046 2.19039176034 
0.020904 104.11716057689 1.76408819891 
0.021462 100.39562798239 1.71113616727 
0.022019 96.95394021228 1.53152606920 
0.022577 93.47123438499 1.43418054751 
0.023134 90.64195868924 1.35388107755 
0.023692 87.73851286386 1.36170381014 
0.024249 83.96804656778 1.17472937161 
0.024807 80.80121789114 1.21946186480 
0.025364 78.19263381219 1.02611183101 
0.025921 75.53795332940 0.97611970422 
0.026479 72.55158156506 0.86369621290 
0.027036 70.39626844058 0.85137588213 
0.027594 66.12442819935 0.78724983247 
0.028151 63.51405475442 0.75436188558 
0.028709 61.14935120138 0.68622427342 
0.029266 59.07329886513 0.68721928505 
0.029824 56.09101271984 0.66227159338 
0.030381 54.21628614937 0.60898185571 
0.030938 51.82384077138 0.58924143692 
0.031496 49.62445080972 0.56299033288 
0.032053 47.49394280644 0.59993573784 
0.032611 46.27011813398 0.56264094044 
0.033168 42.64549161621 0.52485626219 
0.033726 41.89044192172 0.50649769822 
0.034283 39.94456210720 0.46562087701 
0.034841 38.16315668625 0.49927861716 
0.035398 36.08936538315 0.47504619581 
0.035955 34.26909876648 0.47321863143 
0.036513 32.66492102236 0.45152497105 
0.037070 31.40919485268 0.42560839275 
0.037628 29.81755681398 0.41796000829 
0.038185 28.03022864892 0.42121099684 
0.038743 26.55031561453 0.40272779597 
0.039300 25.52512070241 0.39756148736 
0.039858 24.53095343698 0.40158243912 
0.040415 23.67934753985 0.37918555424 
0.040973 22.33627231359 0.38679401407 
0.041530 21.48476282575 0.37522853760 
0.042087 20.58453723614 0.36347201923 
0.042645 19.80644507240 0.36174745228 
0.043202 18.60746971752 0.34152661754 
0.043760 18.20279970878 0.34845944247 
0.044317 16.95441778885 0.33316981753 
0.044875 16.36321399842 0.33427541866 
0.045432 15.71632744536 0.32273985271 
0.045990 14.86263629962 0.32155849549 
0.046547 14.37954747673 0.30972755338 
0.047104 13.77618493588 0.30364841902 
0.047662 13.37201116789 0.31328572249 
0.048219 12.90534133173 0.30373273969 
0.048777 12.66427962698 0.29073886337 
0.049334 12.33007252115 0.28503542680 
0.049892 11.51057812148 0.30060456847 
0.050449 11.07421937233 0.28563506346 
0.051007 11.25426239128 0.28479085142 
0.051564 10.38682290835 0.26955556942 
0.052121 9.98739328493 0.27612650759 
0.052679 10.05411750990 0.27228323997 
0.053236 9.65809595575 0.26393305474 
0.053794 9.22301564261 0.26006815249 
0.054351 8.90711235352 0.25345551608 
0.054909 8.98483040323 0.25515680453 
0.055466 8.91460057948 0.24959335626 
0.056024 8.23296155736 0.26201092350 
0.056581 8.41985356379 0.25759339481 
0.057138 8.15702213765 0.24573095328 
0.057696 7.94893152370 0.23398686300 
0.058253 8.03578760714 0.23556378637 
0.058811 7.60839017143 0.24022645529 
0.059368 7.62728533557 0.24195201665 
0.059926 7.27888085524 0.23296618553 
0.060483 7.32786875309 0.24671542323 
0.061041 7.35200838849 0.23050709614 
0.061598 7.12335578305 0.23003711509 
0.062155 6.85520731550 0.22688661013 
0.062713 6.91096605383 0.22673376450 
0.063270 6.55497744235 0.22227408603 
0.063828 6.75549662637 0.23384165996 
0.064385 6.57966690730 0.22389228874 
0.064943 6.25434145018 0.21747074302 
0.065500 6.23334389806 0.21804061833 
0.066057 6.17841163821 0.20984535908 
0.066615 5.61238050286 0.20874218062 
0.067172 6.06868989495 0.21067160766 
0.067730 5.77382463659 0.21604562413 
0.068287 5.51816185633 0.20896347194 
0.068845 5.16837069828 0.19289578149 
0.069402 5.43884061195 0.20790214366 
0.069960 5.35015722477 0.20359879798 
0.070517 5.21971634866 0.19471580273 
0.071074 5.46410383172 0.19960399123 
0.071632 4.97717454009 0.20375997115 
0.072189 5.02420732182 0.19114110737 
0.072747 4.90236335361 0.19562052350 
0.073304 4.71107148770 0.19236249145 
0.073862 4.72092174257 0.19307228359 
0.074419 4.37619825049 0.18633723539 
0.074977 4.28969307370 0.19517122697 
0.075534 4.16125018629 0.19277205947 
0.076091 4.25649933603 0.18530101606 
0.076649 4.03983068062 0.18387531323 
0.077206 4.02881625865 0.18082259548 
0.077764 3.45200080505 0.18777686312 
0.078321 3.64438469363 0.17901791904 
0.078879 3.47356191986 0.17171488566 
0.079436 3.35831070425 0.17915489652 
0.079993 3.38994803399 0.17384931925 
0.080551 3.15375165343 0.17977492125 
0.081108 3.05496962995 0.17503839689 
0.081666 2.69828892552 0.17676846705 
0.082223 2.81108239059 0.17743694559 
0.082781 2.64901556335 0.17385539251 
0.083338 2.78928968470 0.17557328809 
0.083895 2.76518556783 0.16674287564 
0.084453 2.48436583333 0.17090902098 
0.085010 2.38259426337 0.16735792267 
0.085568 2.43683821741 0.16366413186 
0.086125 2.03823777179 0.16704805106 
0.086683 2.17171720076 0.16229950440 
0.087240 2.03963273721 0.16993831467 
0.087798 2.05808966914 0.16078395886 
0.088355 1.98269731799 0.16341688297 
0.088912 1.82997873103 0.16372840412 
0.089470 1.99495655660 0.16077881369 
0.090027 1.81891710225 0.15793649382 
0.090585 1.97427208993 0.16152765988 
0.091142 1.52727309084 0.15995291186 
0.091700 1.54100591958 0.16187388070 
0.092257 1.74769083246 0.15957030950 
0.092814 1.59856551904 0.15713749375 
0.093372 1.48966670263 0.15289342074 
0.093929 1.43460320176 0.15780155653 
0.094487 1.47865347767 0.14935320670 
0.095044 1.32132333398 0.15354647491 
0.095602 1.41967054858 0.15246600689 
0.096159 1.36889978434 0.15239939328 
0.096716 1.19901749932 0.15562850401 
0.097274 1.47856611567 0.15166894376 
0.097831 1.24302745820 0.15175114460 
0.098389 1.15278285315 0.15514624120 
0.098946 1.12712341062 0.14708522987 
0.099504 0.93427589743 0.14780796181 
0.100061 0.99970235459 0.14747953140 
0.100618 1.06386106275 0.14566986953 
0.101176 0.99852350460 0.14920697821 
0.101733 0.93205418575 0.14253452707 
0.102291 0.94615392807 0.15048413819 
0.102848 1.02521762503 0.14605590449 
0.103406 0.86549654617 0.14685354512 
0.103963 0.99211166851 0.14330986504 
0.104520 0.92995347080 0.14476668943 
0.105078 0.77209489177 0.14461394803 
0.105635 0.85974355194 0.14394555418 
0.106193 0.98367516747 0.14374400150 
0.106750 1.00341089721 0.14197601455 
0.107308 0.95153968334 0.14106885919 
0.107865 0.88088845154 0.14230849646 
0.108422 1.02109495660 0.14180397573 
0.108980 0.94196264440 0.13833673406 
0.109537 0.99809862753 0.13949289951 
0.110095 0.98005216087 0.14247182419 
0.110652 0.78994553018 0.13516427098 
0.111210 0.80815637462 0.13816406432 
0.111767 0.80526843564 0.13864029280 
0.112324 0.87792945567 0.13488724487 
0.112882 0.71137461410 0.14128936143 
0.113439 0.87940957995 0.13598366396 
0.113997 0.81023458601 0.13450747803 
0.114554 0.82737590856 0.13569548620 
0.115111 0.71084843286 0.13524029983 
0.115669 0.72892384319 0.13157690634 
0.116226 0.59108001288 0.13264724800 
0.116784 0.79737408690 0.13319440653 
0.117341 0.73656181358 0.13597036588 
0.117899 0.79962309316 0.13588343576 
0.118456 0.63377417925 0.13263101394 
0.119013 0.72668193461 0.13813330007 
0.119571 0.49094186809 0.12778448101 
0.120128 0.58936042381 0.12933436484 
0.120686 0.67714351479 0.13835923436 
0.121243 0.76191992352 0.12994120773 
0.121800 0.81737250573 0.12947656794 
0.122358 0.87169414022 0.13008060139 
0.122915 0.72450807831 0.13056577640 
0.123473 0.68750231299 0.12575527115 
0.124030 0.70658742319 0.13081141694 
0.124588 0.55785064749 0.12646637040 
0.125145 0.58146498152 0.12585057772 
0.125702 0.58553617881 0.13269065429 
0.126260 0.67549569190 0.12049139255 
0.126817 0.54503022931 0.12847075307 
0.127375 0.61924580548 0.12739948038 
0.127932 0.40550668341 0.12943880026 
0.128489 0.58770091194 0.12523052877 
0.129047 0.54783110149 0.12647606797 
0.129604 0.66775760423 0.12750088681 
0.130162 0.53911230350 0.12235981746 
0.130719 0.42974253547 0.12552389959 
0.131277 0.42866333529 0.12478720615 
0.131834 0.54990878784 0.12382889031 
0.132391 0.47782447595 0.12606444136 
0.132949 0.52622519426 0.13188216641 
0.133506 0.56517212356 0.12802371771 
0.134064 0.34235424814 0.13408582864 
0.134621 0.56794210405 0.13335106019 
0.135178 0.61288371272 0.13921602833 
0.135736 0.45704463456 0.13807964010 
0.136293 0.57166641574 0.13703509251 
0.136851 0.50961533461 0.13483385662 
0.137408 0.51333890294 0.14405023851 
0.137965 0.28950230540 0.13818082500 
0.138523 0.58055610324 0.13933652083 
0.139080 0.37386624740 0.13601955338 
0.139638 0.32960394565 0.14068364286 
0.140195 0.62234813065 0.14113634991 
0.140752 0.42134950799 0.13591327687 
0.141310 0.56367447289 0.14090114261 
0.141867 0.42728461802 0.14179326435 
0.142425 0.38151578689 0.14062546861 
0.142982 0.43458847158 0.14396481223 
0.143540 0.47935460664 0.13545652869 
0.144097 0.34223437608 0.13920619517 
0.144654 0.49448286990 0.12895482465 
0.145212 0.24850628501 0.12729157234 
0.145769 0.44829123416 0.12905620635 
0.146327 0.33821373955 0.12658260407 
0.146884 0.34259293327 0.12769164295 
0.147441 0.22274436115 0.12667988186 
0.147999 0.35589962165 0.12434249311 
0.148556 0.18461032199 0.12613296375 
0.149114 0.25240232575 0.12753433924 
0.149671 0.30153068951 0.12437229324 
0.150228 0.40888650737 0.12564897493 
0.150786 0.22404207368 0.12549702223 
0.151343 0.15723069612 0.12804552190 
0.151901 0.19017574434 0.12395542552 
0.152458 0.34774845916 0.12170115043 
0.153015 0.14614737183 0.12003872630 
0.153573 0.39242717431 0.12291881771 
0.154130 0.16971038488 0.11970104889 
0.154688 0.06748614131 0.12016650524 
0.155245 0.13556692802 0.12155921036 
0.155802 0.18264372896 0.12049428414 
0.156360 0.21281684046 0.12193883059 
0.156917 0.03306152042 0.12049422107 
0.157475 0.19246028175 0.11796288789 
0.158032 0.23635569631 0.11734621781 
0.158589 0.21695941816 0.11732289059 
0.159147 0.07370348998 0.11774131248 
0.159704 0.24667828376 0.12110230201 
0.160261 0.23446955626 0.11480419802 
0.160819 -0.00427410682 0.11475951876 
0.161376 0.16819979420 0.11145685124 
0.161934 0.27949840826 0.11633432786 
0.162491 0.07228204760 0.11667682735 
0.163048 0.13287659642 0.11655389878 
0.163606 0.02415939351 0.11485805193 
0.164163 0.36685085273 0.11705292147 
0.164721 0.21849586921 0.11354429650 
0.165278 0.14974312590 0.11422090788 
0.165835 0.17804766890 0.11493313231 
0.166393 0.07838476509 0.11175993088 
0.166950 0.02516801037 0.11659742018 
0.167508 0.06998329398 0.11031085959 
0.168065 0.09262033564 0.11156570556 
0.168622 0.12083243095 0.11205969452 
0.169180 0.10577706572 0.11374951574 
0.169737 0.00359755318 0.11401371787 
0.170294 0.12518063753 0.11473712407 
0.170852 0.11470041301 0.11177355026 
0.171409 0.23106516749 0.11085285090 
0.171967 -0.04326732596 0.11238890229 
0.172524 0.08421659941 0.10704235329 
0.173081 0.07272156211 0.11049593744 
0.173639 0.16844107599 0.10908430259 
0.174196 0.04101836591 0.11035251660 
0.174754 0.15574586485 0.11338869971 
0.175311 -0.03829749762 0.10927172222 
0.175868 0.08773511813 0.11081681976 
0.176426 0.06708373204 0.10935171606 
0.176983 0.05300070906 0.10685113688 
0.177540 0.10914291942 0.10684911420 
0.178098 0.02959144575 0.10682716729 
0.178655 0.04786648732 0.10913541478 
0.179213 -0.05436421353 0.10761966899 
0.179770 0.07080336581 0.10697702240 
0.180327 0.11696063542 0.10960683822 
0.180885 0.00087024875 0.10834898472 
0.181442 0.05713467369 0.10871811704 
0.181999 0.10527489239 0.10502700015 
0.182557 0.13852717348 0.10577770160 
0.183114 0.06309727916 0.10358197301 
0.183672 0.10045142711 0.11153136812 
0.184229 0.01134727798 0.10657961873 
0.184786 0.08851633288 0.10994543601 
0.185344 0.31418761125 0.10749563192 
0.185901 0.14754996515 0.10493166066 
0.186458 -0.07493832679 0.10736575290 
0.187016 0.10062750383 0.10670880589 
0.187573 0.00364704398 0.10783465293 
0.188131 -0.03634814354 0.10267994868 
0.188688 0.17165329733 0.10678230731 
0.189245 0.17309234105 0.10482934434 
0.189803 -0.10574082306 0.10556611741 
0.190360 0.25747304311 0.10525936203 
0.190917 0.20226061451 0.10614191461 
0.191475 0.13712627304 0.10703234736 
0.192032 0.12604827533 0.10217362783 
0.192590 0.13222498673 0.10372159249 
0.193147 0.04268400623 0.10432956745 
0.193704 0.06886914055 0.10357738401 
0.194262 0.09242677694 0.10710568374 
0.194819 0.19511668442 0.10253098325 
0.195376 0.06271766615 0.10291684986 
0.195934 0.09413507192 0.10142511976 
0.196491 0.05338356744 0.10329548887 
0.197048 0.10919945913 0.10164165193 
0.197606 0.10512827671 0.10522735186 
0.198163 0.22939787051 0.10359737999 
0.198721 0.02273528341 0.10220061460 
0.199278 0.04165237104 0.10418071734 
0.199835 0.06488606735 0.10074818456 
0.200393 -0.05510971405 0.10306512298 
0.200950 0.14476557627 0.10177200934 
0.201507 0.02640611208 0.10207314356 
0.202065 0.16484086364 0.10187726796 
0.202622 0.16022546578 0.10116258073 
0.203179 0.11833941653 0.10040532211 
0.203737 0.16241614031 0.10054890595 
0.204294 0.11496022725 0.10153213644 
0.204851 -0.01125357747 0.10143199686 
0.205409 0.00486365561 0.10083822926 
0.205966 0.22077939461 0.09727463562 
0.206524 0.15773488690 0.10051942019 
0.207081 0.17874953556 0.09930157399 
0.207638 0.12953451250 0.09874640663 
0.208196 0.19817074579 0.09829420759 
0.208753 0.10840549824 0.09679982914 
0.209310 0.17280661519 0.09826037886 
0.209868 0.06755587219 0.09865721694 
0.210425 0.09264713158 0.09679170927 
0.210982 0.19878521904 0.09843451150 
0.211540 0.09461729145 0.09736992576 
0.212097 0.15487223089 0.09833557670 
0.212654 0.10151703828 0.09826778469 
0.213212 0.11613957156 0.09693789857 
0.213769 0.17379913307 0.09692350425 
0.214326 0.17827427621 0.09793626759 
0.214884 0.09782483118 0.09854979349 
0.215441 0.06430672577 0.09663377184 
0.215999 0.01975679977 0.09646059836 
0.216556 0.08876906488 0.09499478237 
0.217113 -0.03424305232 0.09592521075 
0.217671 0.08679552537 0.09579788746 
0.218228 0.10898437499 0.09306123565 
0.218785 0.09346638693 0.09708503212 
0.219343 0.14334698697 0.09493827646 
0.219900 0.02882407062 0.09358241998 
0.220457 0.22840472770 0.09678360358 
0.221015 0.12193799489 0.09623058186 
0.221572 0.23675503872 0.09468789271 
0.222129 0.14633803434 0.09449031911 
0.222687 0.07080973697 0.09604276425 
0.223244 0.07337456694 0.09556306507 
0.223801 0.21694983657 0.09561179463 
0.224359 0.03986021186 0.09360866049 
0.224916 0.05869656647 0.09456489045 
0.225473 0.10895905402 0.09320672394 
0.226031 0.18729128882 0.09504612962 
0.226588 0.09271112703 0.09522122344 
0.227145 0.18091669066 0.09256476176 
0.227703 0.22296397575 0.09287939108 
0.228260 0.18124582085 0.09392530512 
0.228817 0.08856661955 0.09361442833 
0.229375 0.15122166492 0.09117509477 
0.229932 0.09287224542 0.09253711848 
0.230489 0.01273210086 0.09043254431 
0.231047 0.14829300502 0.09218880851 
0.231604 0.12276364970 0.09208394355 
0.232161 0.04536960612 0.09235593292 
0.232719 0.12113450327 0.08989841225 
0.233276 0.07622887498 0.09146394104 
0.233833 0.21469438085 0.09447318629 
0.234391 0.01734910127 0.09389846928 
0.234948 0.05119432644 0.09076208015 
0.235505 0.20202488165 0.09046368915 
0.236063 0.07796453596 0.09264877912 
0.236620 0.04430802342 0.09065177905 
0.237177 0.19384011240 0.09353168317 
0.237735 0.21595372200 0.08977338128 
0.238292 0.06712987535 0.09230563529 
0.238849 0.03366917067 0.09138792201 
0.239407 0.22944721770 0.09089135207 
0.239964 0.04586618694 0.09095386663 
0.240521 0.00945301059 0.08890331323 
0.241079 0.06993884760 0.09102128603 
0.241636 0.04340244319 0.08978052900 
0.242193 0.07561252727 0.09067765937 
0.242750 0.19890203172 0.09132225002 
0.243308 0.13013692223 0.09083661044 
0.243865 0.07174688428 0.08887147324 
0.244422 0.04854544617 0.08932662961 
0.244980 0.03969814512 0.08953458220 
0.245537 0.08894389456 0.08918890585 
0.246094 0.04924243521 0.09144107943 
0.246652 0.05724762352 0.08791302189 
0.247209 0.07623349934 0.08987847883 
0.247766 0.05607562620 0.08765130574 
0.248324 0.13312057488 0.08828276809 
0.248881 0.06634047231 0.08905929712 
0.249438 0.12372705376 0.09140428434 
0.249996 0.11394243698 0.08862819838 
0.250553 0.06642067491 0.08912010309 
0.251110 0.02588561000 0.08990115371 
0.251667 0.06136745356 0.08779281593 
0.252225 -0.00132779684 0.08817937435 
0.252782 0.20078938846 0.09053214738 
0.253339 0.04610058257 0.08823687433 
0.253897 -0.02308545588 0.09042983142 
0.254454 0.07876009720 0.08829129258 
0.255011 0.16090924854 0.08610649012 
0.255569 0.06524900003 0.08771687987 
0.256126 0.10029700049 0.08850939650 
0.256683 0.09739395493 0.08683407652 
0.257241 0.12002497395 0.08750859789 
0.257798 0.15101775541 0.08670162120 
0.258355 0.06937522989 0.08689293214 
0.258912 0.03439403607 0.08533923490 
0.259470 0.14041348593 0.08643644857 
0.260027 0.07935062575 0.08643585991 
0.260584 0.05190086448 0.08561800184 
0.261142 0.06869940497 0.08554837302 
0.261699 0.14994554066 0.08600923450 
0.262256 0.03408690148 0.08514489261 
0.262814 0.11327666225 0.08588306305 
0.263371 0.11102507535 0.08735013518 
0.263928 0.01357571779 0.08492749208 
0.264485 -0.00870446969 0.08654099000 
0.265043 0.03746185476 0.08603335840 
0.265600 -0.05189484623 0.08453876065 
0.266157 0.02636063319 0.08550060441 
0.266715 0.04449124873 0.08485606571 
0.267272 0.06072804685 0.08572481781 
0.267829 0.17355910492 0.08688567464 
0.268386 0.08382867318 0.08396449949 
0.268944 0.08862457768 0.08523444542 
0.269501 0.02281877403 0.08544540587 
0.270058 0.07468842024 0.08505475896 
0.270616 0.02708059842 0.08552484832 
0.271173 0.04202917101 0.08533148712 
0.271730 0.05990600723 0.08550878295 
0.272287 0.09704200797 0.08633232151 
0.272845 0.06328267078 0.08757769649 
0.273402 0.11130980073 0.08778466334 
0.273959 0.03743348380 0.08868193032 
0.274517 0.13453528726 0.08801795062 
0.275074 0.05333178782 0.08858295531 
0.275631 0.09471541986 0.09084579643 
0.276188 0.12057058652 0.09001823722 
0.276746 -0.02123376455 0.08995961666 
0.277303 0.06595593226 0.08956791709 
0.277860 0.21908221384 0.09000166998 
0.278418 0.04203082173 0.08937271915 
0.278975 0.04348864517 0.08959477650 
0.279532 0.07892112017 0.09168260497 
0.280089 0.12490217950 0.09179343243 
0.280647 -0.07033417504 0.09167991619 
0.281204 0.08839184112 0.09002514402 
0.281761 0.00411007278 0.08882627336 
0.282318 -0.02373508210 0.09074017885 
0.282876 0.09391765527 0.08735201630 
0.283433 0.09915085641 0.08730128500 
0.283990 -0.05476200247 0.08922553574 
0.284548 0.08574786243 0.08720353940 
0.285105 0.06865458413 0.08666354765 
0.285662 0.00808104632 0.08628469381 
0.286219 -0.06364962932 0.08537214525 
0.286777 0.09818098129 0.08618988114 
0.287334 0.03088191725 0.08550930166 
0.287891 0.14456520139 0.08480530509 
0.288448 -0.03083734863 0.08668652073 
0.289006 0.03521490027 0.08587948148 
0.289563 -0.02345133183 0.08358310980 
0.290120 0.08157606058 0.08581480156 
0.290677 0.13764311332 0.08697658423 
0.291235 0.13764777791 0.08515962850 
0.291792 0.02896312198 0.08496324409 
0.292349 0.00159938340 0.08500581087 
0.292906 0.12798859046 0.08541279925 
0.293464 0.04437559937 0.08477834492 
0.294021 0.03488272796 0.08452732976 
0.294578 0.06268209871 0.08620304637 
0.295136 0.04148544916 0.08693979689 
0.295693 0.07625260694 0.08640395240 
0.296250 0.09054792449 0.08666395246 
0.296807 -0.00634909817 0.08539268163 
0.297365 0.07870392639 0.08479313067 
0.297922 0.01063192736 0.08555322626 
0.298479 -0.05971081714 0.08681022181 
0.299036 0.11813348560 0.08477804346 
0.299594 0.06947963558 0.08684207729 
0.300151 0.06719092572 0.08674202460 
0.300708 -0.01250721100 0.08647935181 
0.301265 0.01425423153 0.08623690387 
0.301823 0.01637506227 0.08511900993 
0.302380 0.05001640714 0.08658928191 
0.302937 0.16728687303 0.08558701100 
0.303494 0.08602957716 0.08509123761 
0.304052 0.03278333281 0.08497200854 
0.304609 0.08141566248 0.08627750488 
0.305166 0.05064638522 0.08617688455 
0.305723 -0.02391425685 0.08417636343 
0.306280 0.06988991298 0.08603436746 
0.306838 0.08973260658 0.08599651106 
0.307395 0.01195424873 0.08506187021 
0.307952 0.05792921959 0.08628710730 
0.308509 0.11031346184 0.08540544081 
0.309067 0.10667555281 0.08406722586 
0.309624 0.07711720966 0.08517831585 
0.310181 0.00818823962 0.08529594730 
0.310738 0.18058655186 0.08489638683 
0.311296 0.11775672905 0.08639619718 
0.311853 0.14348037242 0.08570398836 
0.312410 0.11899449646 0.08682186215 
0.312967 0.18916507429 0.08428591041 
0.313525 0.22775231523 0.08606547679 
0.314082 0.15766209818 0.08913811225 
0.314639 0.11311648004 0.08552340226 
0.315196 0.10816568212 0.08640675753 
0.315753 0.02808476491 0.08674447434 
0.316311 0.11522811479 0.08574758415 
0.316868 0.18880960241 0.08504955231 
0.317425 -0.00566002950 0.08645308965 
0.317982 0.02839558167 0.08599390271 
0.318540 0.09887180361 0.08618056865 
0.319097 0.04001941194 0.08693067999 
0.319654 0.03353953625 0.08736993239 
0.320211 0.12302802284 0.08816531027 
0.320768 0.12509966446 0.08835027319 
0.321326 0.13146674897 0.08761797639 
0.321883 0.07936316659 0.08864036580 
0.322440 0.10207972694 0.08695746761 
0.322997 -0.00776516113 0.08805019127 
0.323555 0.10191656706 0.08830866303 
0.324112 0.07991080339 0.08759253914 
0.324669 -0.00391068718 0.08836245584 
0.325226 0.08878511245 0.08613077730 
0.325783 0.08172630391 0.08730218165 
0.326341 0.04126108873 0.08764144870 
0.326898 0.09697479254 0.08607228734 
0.327455 0.06418982648 0.08954188656 
0.328012 0.04530077935 0.08816068744 
0.328569 0.15983589410 0.08999432770 
0.329127 0.16994889540 0.09020875595 
0.329684 0.15940328424 0.08807684969 
0.330241 0.04385564886 0.08971768878 
0.330798 0.19339843782 0.08939737626 
0.331355 0.16401863745 0.08932136019 
0.331913 -0.04345785920 0.08847760024 
0.332470 0.15892182442 0.09081770113 
0.333027 0.10886015231 0.08927643808 
0.333584 0.15674083420 0.08718656146 
0.334141 -0.03934231055 0.08940491232 
0.334699 0.15237365244 0.09081900201 
0.335256 0.08374868714 0.09068205932 
0.335813 0.22713084410 0.09011018327 
0.336370 0.09938242654 0.09052603371 
0.336927 0.05004511835 0.09222082198 
0.337485 0.01325621862 0.09135261440 
0.338042 -0.00387440021 0.09384835001 
0.338599 0.12393582124 0.09198620328 
0.339156 0.03992049124 0.09465995786 
0.339713 0.01519168817 0.09472586339 
0.340271 0.09116032330 0.09274685925 
0.340828 0.15299971478 0.09438498846 
0.341385 0.24693924251 0.09269527688 
0.341942 0.07117262656 0.09241727779 
0.342499 0.09682340980 0.09417648287 
0.343057 0.08031617895 0.09386074642 
0.343614 0.15332131115 0.09393443299 
0.344171 0.05338394185 0.09276845487 
0.344728 -0.01853847781 0.09440276995 
0.345285 0.01907681114 0.09408623452 
0.345842 0.08002894740 0.09603879140 
0.346400 -0.04039984665 0.09487200604 
0.346957 0.18840607352 0.09544079305 
0.347514 0.15034888927 0.09459307007 
0.348071 0.13435527012 0.09652181118 
0.348628 0.15541610920 0.09556323831 
0.349186 0.09648773291 0.09691952971 
0.349743 0.04773054447 0.09776969509 
0.350300 0.05643007530 0.09532929884 
0.350857 0.11469985941 0.09761507671 
0.351414 0.06513411335 0.09937959502 
0.351971 -0.00208897175 0.09903064698 
0.352529 -0.02578269700 0.09980610241 
0.353086 0.01600761524 0.09830005945 
0.353643 0.14369731069 0.10015894130 
0.354200 0.03279394959 0.10089473848 
0.354757 -0.00852337420 0.10146266293 
0.355314 0.09899382381 0.10396400040 
0.355872 0.00882924504 0.10228431225 
0.356429 0.08434805902 0.10346210603 
0.356986 0.17668288208 0.10156544259 
0.357543 0.14404098519 0.10476230316 
0.358100 -0.01000813695 0.10375660629 
0.358657 0.07766769521 0.10376611908 
0.359215 0.07664359952 0.10305955987 
0.359772 0.11281094559 0.10233245089 
0.360329 0.07561982054 0.10498533893 
0.360886 0.06121965999 0.10254720217 
0.361443 0.01403587930 0.10496022717 
0.362000 -0.01971116610 0.10208714957 
0.362558 0.03863184667 0.10309355930 
0.363115 0.05107194829 0.10357695400 
0.363672 -0.03584079366 0.10226701472 
0.364229 -0.01835218341 0.10381057923 
0.364786 0.03176992970 0.10396929530 
0.365343 0.10247259476 0.10415212009 
0.365900 0.06371467817 0.10328168854 
0.366458 -0.01430566437 0.10206039435 
0.367015 0.00444599623 0.10030163259 
0.367572 0.10903846965 0.10259283383 
0.368129 -0.02156306815 0.10105189145 
0.368686 0.10714833135 0.10068947817 
0.369243 0.27456298694 0.10101311292 
0.369801 0.10207530796 0.09842423943 
0.370358 0.07077983182 0.10064463838 
0.370915 -0.03316923075 0.09801178942 
0.371472 0.10263788507 0.10021845428 
0.372029 0.11108986588 0.10053346369 
0.372586 0.04883122273 0.09791022166 
0.373143 0.07761894834 0.09755732743 
0.373700 0.24569375561 0.09765660491 
0.374258 0.04679358072 0.09912919246 
0.374815 0.19780902265 0.09758288739 
0.375372 0.07734657456 0.09898717936 
0.375929 -0.10109171928 0.09535347839 
0.376486 -0.11775494903 0.09719016125 
0.377043 0.06193410756 0.09842762563 
0.377600 -0.03901620097 0.09585634703 
0.378158 0.05258031781 0.09559876070 
0.378715 0.05670694590 0.09802364226 
0.379272 -0.01715267623 0.09488248161 
0.379829 0.13261852765 0.09384292811 
0.380386 0.08216407859 0.09467026419 
0.380943 0.06033340659 0.09428885078 
0.381500 0.10448895419 0.09208162754 
0.382057 0.08767624990 0.09411940763 
0.382615 0.13913219260 0.09362033340 
0.383172 0.10054722857 0.09318413673 
0.383729 0.12153621173 0.09388109336 
0.384286 0.19659613964 0.09097415572 
0.384843 0.05180173805 0.09122280043 
0.385400 0.17282269336 0.09311125643 
0.385957 0.04908538558 0.09143256371 
0.386514 0.02737428944 0.09219191398 
0.387072 0.12485130593 0.09255765138 
0.387629 0.15167692769 0.09235439740 
0.388186 0.12859715823 0.09301940226 
0.388743 0.10481692924 0.09035349673 
0.389300 0.11784084086 0.09191258906 
0.389857 0.04811276858 0.08982049545 
0.390414 0.15604058294 0.09031862540 
0.390971 0.14375657878 0.08862005938 
0.391528 0.05451955482 0.09114837429 
0.392086 0.09636993166 0.08971774044 
0.392643 0.11771621361 0.09215057211 
0.393200 0.10464895516 0.08777343707 
0.393757 0.07307283304 0.08848137643 
0.394314 0.06768329886 0.09002498913 
0.394871 0.20165753328 0.09004987781 
0.395428 0.06802739934 0.08982221756 
0.395985 0.08715993517 0.09028439388 
0.396542 0.04148622490 0.08901840277 
0.397099 0.09329619279 0.08910994940 
0.397657 0.17914813633 0.08816732913 
0.398214 0.12934541828 0.08999400614 
0.398771 0.10946296377 0.08622828664 
0.399328 0.04460193262 0.08937216368 
0.399885 0.07889496842 0.08784604902 
0.400442 0.16358317479 0.08742393709 
0.400999 0.12730460572 0.08932835983 
0.401556 0.07850921803 0.09108272989 
0.402113 0.13798915567 0.09377729193 
0.402670 0.07648855020 0.09611809812 
0.403227 0.01620054417 0.09710353758 
0.403785 0.09469171735 0.09407845397 
0.404342 0.16549788869 0.09558327992 
0.404899 0.03446264153 0.09937153156 
0.405456 0.02010772052 0.09948707679 
0.406013 0.13527317879 0.09897944661 
0.406570 -0.04183152369 0.10233076160 
0.407127 0.00210740976 0.09947677419 
0.407684 -0.01331856167 0.10146016307 
0.408241 0.15280673043 0.10518715801 
0.408798 0.02512878435 0.10333852867 
0.409355 0.07975198320 0.10306176880 
0.409912 0.01226535370 0.10665412917 
0.410469 0.05783609377 0.11006139656 
0.411027 0.07386332567 0.10622895096 
0.411584 0.05538540144 0.10409505533 
0.412141 0.09289052412 0.10990113341 
0.412698 0.27133826357 0.11170315017 
0.413255 0.01534618210 0.11125731935 
0.413812 0.02545477908 0.11109078207 
0.414369 -0.05143958667 0.11341196915 
0.414926 0.01033268950 0.11493362233 
0.415483 -0.08451354291 0.11240762615 
0.416040 0.08668207895 0.11496522803 
0.416597 0.09013827260 0.11470616523 
0.417154 0.02736581340 0.11687000503 
0.417711 0.07592467289 0.11978362379 
0.418268 0.02175929876 0.11823055341 
0.418825 0.08749082276 0.11645194672 
0.419382 0.15909586647 0.11839035704 
0.419940 0.06635036710 0.11918707105 
0.420497 0.21386345814 0.11538257630 
0.421054 0.05442181970 0.11180370014 
0.421611 0.13739665922 0.11018962809 
0.422168 0.14558742473 0.11581096684 
0.422725 0.15215684856 0.11474631981 
0.423282 0.14564882310 0.11259727579 
0.423839 0.12528106367 0.11587980824 
0.424396 0.19846103414 0.11357966055 
0.424953 0.04618654485 0.11416072996 
0.425510 0.08312958375 0.11295472240 
0.426067 0.17173567347 0.11485412602 
0.426624 0.19874831615 0.11502054760 
0.427181 0.03113626246 0.11469746910 
0.427738 0.11226306494 0.11627881338 
0.428295 0.06265485490 0.11567224597 
0.428852 0.05318534767 0.11596850804 
0.429409 0.16371426764 0.11665643044 
0.429966 0.21526736397 0.11711741666 
0.430523 0.02261198787 0.11757264615 
0.431080 0.03094338183 0.11471957685 
0.431637 0.17213807688 0.11577895698 
0.432194 0.00132244375 0.11953324118 
0.432752 0.05808678387 0.11963541751 
0.433309 0.11995587844 0.11746797327 
0.433866 0.15227848676 0.11568079839 
0.434423 0.10041860552 0.11729208960 
0.434980 0.15209042450 0.11574959347 
0.435537 -0.00802025395 0.11964389347 
0.436094 0.23279632051 0.11893550232 
0.436651 0.14094623984 0.12154369690 
0.437208 0.09669862099 0.11777079374 
0.437765 0.14139070893 0.11634000603 
0.438322 0.13999381556 0.11913577163 
0.438879 0.05155941898 0.12284771339 
0.439436 -0.05682271451 0.12097748581 
0.439993 0.25294263191 0.12400999041 
0.440550 -0.03075146447 0.12039309541 
0.441107 0.10867337101 0.12461717775 
0.441664 0.08328393322 0.11817672953 
0.442221 0.29122297226 0.11777353286 
0.442778 0.07705107011 0.12016249072 
0.443335 0.09458556977 0.12533690894 
0.443892 0.14708423498 0.11844804252 
0.444449 0.01422973729 0.12671851105 
0.445006 0.09396527126 0.12725907143 
0.445563 0.05366783290 0.12612955356 
0.446120 0.20428187437 0.12640020432 
0.446677 -0.10621897051 0.12492260846 
0.447234 0.00801974633 0.12154547341 
0.447791 0.09132632599 0.12754903156 
0.448348 0.22323904133 0.12360153000 
0.448905 -0.05688458371 0.12368897877 
0.449462 0.31826722216 0.12324079433 
0.450019 0.00734262254 0.12336797736 
0.450576 0.11589716898 0.12284142730 
0.451133 0.12926737955 0.12106298074 
0.451690 0.12438955005 0.11849590693 
0.452247 -0.16218393347 0.12282805330 
0.452804 0.15478358069 0.12520244988 
0.453361 -0.00351627964 0.12229096467 
0.453918 0.16083808968 0.12109332479 
0.454475 0.11973760387 0.12260588125 
0.455032 0.08657394984 0.12074748818 
0.455589 0.14314394660 0.11977803261 
0.456146 0.00510719155 0.12289851999 
0.456703 0.02499442660 0.12312053474 
0.457260 0.05110282872 0.11981917962 
0.457817 0.26819915923 0.12379697820 
0.458374 0.12498958116 0.12315826279 
0.458931 0.17326174349 0.12041420001 
0.459488 0.09519183024 0.12312200455 
0.460045 0.04958250111 0.12535441796 
0.460602 -0.03897726723 0.12397020762 
0.461159 0.19112343828 0.12409128863 
0.461716 0.23320301936 0.11778964048 
0.462273 -0.00777653279 0.12278610452 
0.462830 0.05270502129 0.12088792480 
0.463387 0.05399499198 0.11979254716 
0.463943 0.28143536887 0.12387251741 
0.464500 0.01574057745 0.12109602475 
0.465057 0.00395606521 0.12390771303 
0.465614 0.08456479095 0.12127112694 
0.466171 0.18539040781 0.12280044501 
0.466728 0.05311223454 0.12184203592 
0.467285 0.07114191539 0.11987764540 
0.467842 -0.02609013543 0.12276183089 
0.468399 0.13170643242 0.12357620962 
0.468956 0.00399756581 0.11972645414 
0.469513 0.06722243390 0.12054035852 
0.470070 0.04458488403 0.12024234579 
0.470627 0.06241618463 0.12090993339 
0.471184 0.23879065859 0.12034535667 
0.471741 -0.04274640694 0.12236395572 
0.472298 0.03644715954 0.12143693908 
0.472855 -0.12513691570 0.11901605235 
0.473412 -0.02913716623 0.12199397375 
0.473969 0.13587615439 0.12226286795 
0.474526 0.01979194903 0.12008512099 
0.475083 -0.01146243723 0.12005667929 
0.475640 -0.00239914942 0.12336591788 
0.476196 0.10096648590 0.12369450634 
0.476753 0.14300210848 0.12177111604 
0.477310 0.14809036600 0.12154687371 
0.477867 0.07744457016 0.12208965106 
0.478424 0.21707607783 0.12292834386 
0.478981 0.07184661604 0.12020192646 
0.479538 0.03882188015 0.11932849793 
0.480095 0.05423465559 0.12249229067 
0.480652 0.13499247724 0.11924942476 
0.481209 -0.10212483270 0.11733410463 
0.481766 0.15464747026 0.11987443359 
0.482323 -0.02980863522 0.12025400207 
0.482880 0.10642589334 0.11939136977 
0.483437 -0.00562869898 0.11869113587 
0.483994 0.11536323540 0.12415065710 
0.484550 0.08040656590 0.11762086555 
0.485107 0.07469946845 0.11884406459 
0.485664 0.15574021418 0.12136800899 
0.486221 0.17862848111 0.12349499699 
0.486778 0.27317761163 0.11907781631 
0.487335 0.23505317785 0.11785136346 
0.487892 0.16940221779 0.12542211564 
0.488449 0.05348536440 0.12142014918 
0.489006 0.00509457763 0.11920809897 
0.489563 0.15803575833 0.12206092483 
0.490120 0.14512063199 0.11799699857 
0.490677 0.01363826595 0.12190210805 
0.491233 0.07337467617 0.11795509481 
0.491790 0.08650761473 0.12370943949 
0.492347 -0.07117251312 0.12321097464 
0.492904 -0.00934972227 0.12147368499 
0.493461 0.13310196879 0.11794046762 
0.494018 0.14408239084 0.12423543874 
0.494575 0.02966375745 0.12175361227 
0.495132 -0.00610495830 0.11816484751 
0.495689 0.03834005421 0.11996798073 
0.496246 0.28133364132 0.12361096367 
0.496802 0.02716534261 0.12123343726 
0.497359 0.05080307666 0.11758384962 
0.497916 0.06515089892 0.11819371867 
0.498473 0.13230032731 0.12325530708 
0.499030 0.04894358474 0.12023658905 
0.499587 -0.05932079534 0.11999790948 
0.500144 0.12908942314 0.12227510725 
0.500701 0.09070789204 0.12161152217 
0.501258 0.00925472745 0.12621232477 
0.501815 0.15070084335 0.12048444826 
0.502371 0.03094233519 0.12403984240 
0.502928 -0.02535320209 0.12259520579 
0.503485 0.03820728241 0.12115581812 
0.504042 0.04813807506 0.12200355915 
0.504599 0.14880024690 0.12052714488 
0.505156 0.16884836781 0.12244506415 
0.505713 0.10474040060 0.12254138688 
0.506270 0.18277467904 0.12060232498 
0.506826 -0.15787864656 0.11891653611 
0.507383 0.06968269956 0.12393379391 
0.507940 -0.02791720172 0.11942721269 
0.508497 0.10573086219 0.12345028701 
0.509054 0.21210742900 0.11930259345 
0.509611 0.10076527598 0.12385976641 
0.510168 0.06267575497 0.12421274274 
0.510725 0.05500408797 0.12697149370 
0.511281 0.05834511602 0.12482838316 
0.511838 0.11887588933 0.12354587893 
0.512395 0.11421020446 0.12588899025 
0.512952 0.08340140993 0.12504104700 
0.513509 0.08931549533 0.12387644746 
0.514066 -0.05541274026 0.12228974343 
0.514623 0.05036395948 0.12774594642 
0.515179 0.02231667629 0.12892985178 
0.515736 0.13161774843 0.12535137595 
0.516293 -0.05327320725 0.13085822105 
0.516850 0.13014519955 0.12875166304 
0.517407 0.23680328962 0.12732887745 
0.517964 0.06514057316 0.13169849880 
0.518521 0.11740479480 0.13002084863 
0.519077 0.01557065896 0.12761676009 
0.519634 -0.04190553103 0.13022469255 
0.520191 0.16407217486 0.13120507922 
0.520748 0.05833052207 0.13369726407 
0.521305 0.22108319107 0.13414728429 
0.521862 0.08928485664 0.13027313585 
0.522418 -0.05713841755 0.12670843838 
0.522975 0.14831590966 0.13553289361 
0.523532 0.02008718868 0.13183729512 
0.524089 0.22072588864 0.14257054622 
0.524646 0.06808310998 0.14060592556 
0.525203 0.13795316849 0.13539929467 
0.525759 0.09059045607 0.13961073017 
0.526316 0.32985697926 0.13587684880 
0.526873 0.00271212460 0.13851418228 
0.527430 0.00416458435 0.14265403187 
0.527987 -0.08875215357 0.14058225972 
0.528544 0.15711852980 0.14523231847 
0.529100 0.21644236589 0.14212920368 
0.529657 -0.04844690283 0.13894450214 
0.530214 0.30286042139 0.14500894160 
0.530771 0.10061354932 0.14939411069 
0.531328 0.08979399754 0.14891778886 
0.531884 -0.03276501866 0.14789280959 
0.532441 0.03064392347 0.15279561248 
0.532998 0.16874390796 0.15121043147 
0.533555 0.17771440575 0.15092611134 
0.534112 0.02646321852 0.15367405205 
0.534669 0.27031457977 0.15526622116 
0.535225 0.10279199247 0.16022926720 
0.535782 0.00157344808 0.16294466294 
0.536339 0.06986319970 0.16372309223 
0.536896 0.07675268496 0.16456738035 
0.537453 0.01432290306 0.16262553921 
0.538009 0.10168209778 0.17001486551 
0.538566 -0.00932178164 0.16644734564 
0.539123 -0.07175411632 0.17669697703 
0.539680 0.10727953529 0.18404729794 
0.540237 0.19412869281 0.18015522353 
0.540793 0.22166644600 0.19108912626 
0.541350 0.30750312212 0.21666987569 
0.541907 0.04348728718 0.23241751631 
0.542464 0.07450321312 0.25431288559 
0.543021 -0.32797884705 0.41512141499 
