0.011985 153.06761943457 0.00000000000 
0.012543 159.67071751341 9.57858516566 
0.013100 153.82017644964 13.00566632332 
0.013658 148.20193691394 10.59087064977 
0.014215 145.31690427871 9.15089386645 
0.014772 138.39929079807 7.24020447612 
0.015330 140.96091042710 6.12330206552 
0.015887 133.74611892249 5.00404984421 
0.016445 133.67781611128 4.16618896406 
0.017002 128.35101326611 4.01135630779 
0.017560 124.96412726582 3.47522645021 
0.018117 121.01613678774 2.58624335048 
0.018675 116.89687651150 2.53915726265 
0.019232 113.84345274529 2.62409630677 
0.019789 111.00708361711 2.19810538747 
0.020347 106.56822896307 2.19044732233 
0.020904 103.24102902136 1.58788465463 
0.021462 100.66838383150 1.70218131512 
0.022019 96.17171973552 1.67368403296 
0.022577 93.39325119036 1.36419319937 
0.023134 89.30635962087 1.24442180637 
0.023692 88.28027856938 1.36435614478 
0.024249 85.50223024812 1.16958084119 
0.024807 82.20319814547 1.17780929082 
0.025364 77.87063354047 1.05128852202 
0.025921 75.57615300893 0.98573203091 
0.026479 72.83480971731 0.86456653455 
0.027036 69.69173987561 0.84668350803 
0.027594 67.02110607971 0.80661659544 
0.028151 64.06767185642 0.74964550930 
0.028709 61.22425369537 0.74924908136 
0.029266 58.93375366069 0.73698508639 
0.029824 56.22088130545 0.67311848570 
0.030381 54.01142188856 0.64876471974 
0.030938 51.29469085187 0.61610508710 
0.031496 50.15159269963 0.57435863288 
0.032053 47.24403917674 0.54394074465 
0.032611 45.25142387276 0.56033951666 
0.033168 43.11613996804 0.53475921071 
0.033726 41.29998032377 0.53660367274 
0.034283 39.23962218434 0.48055016686 
0.034841 37.37900178273 0.49211753272 
0.035398 35.92108141797 0.49987651841 
0.035955 34.14831470712 0.46611081709 
0.036513 32.70993488224 0.44125741971 
0.037070 31.20306551354 0.44463594656 
0.037628 29.56086154548 0.47150199375 
0.038185 28.08710002531 0.42705894310 
0.038743 27.48737330764 0.39612729739 
0.039300 25.81185853731 0.42286554781 
0.039858 24.99433396326 0.41486720536 
0.040415 22.77547005710 0.37495032564 
0.040973 22.14374879431 0.37135422499 
0.041530 20.75128816745 0.35241845635 
0.042087 20.06218884708 0.33442345484 
0.042645 19.62888103177 0.36358175696 
0.043202 18.30605374851 0.36520443433 
0.043760 17.56120851452 0.33839289993 
0.044317 16.72671855485 0.33500527784 
0.044875 16.48921068328 0.30801680336 
0.045432 15.98066120834 0.30742422263 
0.045990 14.93202866601 0.31421635511 
0.046547 14.26715402725 0.29049397851 
0.047104 14.34562774740 0.29824623731 
0.047662 13.14009345703 0.29724743924 
0.048219 12.61827060787 0.29617543670 
0.048777 12.22511270978 0.30430723954 
0.049334 11.78653312926 0.30085219197 
0.049892 11.15022373602 0.28202781248 
0.050449 11.08049398331 0.29391075282 
0.051007 10.99895209498 0.28054854067 
0.051564 10.47105798983 0.27839954031 
0.052121 9.89470017888 0.26056314994 
0.052679 9.60683645245 0.27199332811 
0.053236 9.66760627392 0.26133612870 
0.053794 9.29637222653 0.25889680655 
0.054351 9.12794632000 0.26427094581 
0.054909 9.12291961327 0.26452994766 
0.055466 8.54237804833 0.25792065581 
0.056024 8.47087493084 0.24329648757 
0.056581 8.41061184302 0.24302393570 
0.057138 8.12625052368 0.24783846084 
0.057696 7.98330026188 0.23551485264 
0.058253 7.60849769557 0.24006268316 
0.058811 7.93048615934 0.24293689777 
0.059368 7.59811985435 0.23251586131 
0.059926 7.32031936462 0.23166915488 
0.060483 7.43487147493 0.24357750322 
0.061041 7.18116753656 0.23370188554 
0.061598 6.80052400341 0.22396546829 
0.062155 6.95849201173 0.21819839767 
0.062713 6.73975410109 0.23571044715 
0.063270 6.68260294360 0.21902043199 
0.063828 6.44458298524 0.22354984984 
0.064385 6.46640976816 0.22470425151 
0.064943 6.47481895489 0.22310792169 
0.065500 5.80679321307 0.21162083545 
0.066057 6.02085783467 0.21048613058 
0.066615 6.04126378968 0.22064385329 
0.067172 5.73198389313 0.20920663362 
0.067730 5.55144836381 0.20710789133 
0.068287 5.65234135703 0.21009823667 
0.068845 5.68911741130 0.20788289056 
0.069402 5.25666853635 0.19700512588 
0.069960 5.21046322765 0.19903231319 
0.070517 5.39164358939 0.19516523226 
0.071074 5.37624067504 0.20093905580 
0.071632 4.98540042393 0.19713969826 
0.072189 4.79194131720 0.19489296429 
0.072747 4.93843853182 0.19093858228 
0.073304 4.71136709127 0.18715444161 
0.073862 4.57680636626 0.20079759095 
0.074419 4.30450134265 0.18793547930 
0.074977 4.37432158403 0.19530435713 
0.075534 4.22231353706 0.20371637417 
0.076091 4.20498865894 0.18726261116 
0.076649 3.86754634066 0.18877883768 
0.077206 3.79133337917 0.18660669864 
0.077764 3.75333781045 0.18464961413 
0.078321 3.90445683012 0.19115382448 
0.078879 3.35541539202 0.19021477241 
0.079436 3.40606325156 0.17937704818 
0.079993 2.99461529221 0.17534483850 
0.080551 3.23575683751 0.17645489076 
0.081108 3.16843829981 0.18302044128 
0.081666 2.99293558527 0.17355184321 
0.082223 2.70809849498 0.17541894045 
0.082781 2.74370187579 0.17606573570 
0.083338 2.55646102692 0.17483072840 
0.083895 2.43302628537 0.16740777384 
0.084453 2.51935564712 0.16843619146 
0.085010 2.44912629976 0.17173504185 
0.085568 2.43283574106 0.15856385404 
0.086125 2.37055179430 0.16932279986 
0.086683 2.17916921449 0.15963593869 
0.087240 2.07244157987 0.16065441369 
0.087798 2.23474119829 0.15944748221 
0.088355 2.01248369438 0.16675957469 
0.088912 1.82825626066 0.15944358738 
0.089470 1.95379911374 0.16351201932 
0.090027 1.68574096249 0.16528437294 
0.090585 1.83122035718 0.15770470243 
0.091142 1.59352640322 0.15876668557 
0.091700 1.61532354164 0.15582718593 
0.092257 1.63511468615 0.15458146182 
0.092814 1.43172200375 0.15634247332 
0.093372 1.36998089416 0.15508422674 
0.093929 1.31311739059 0.15443334242 
0.094487 1.40111075092 0.15420018004 
0.095044 1.37150015529 0.15545989158 
0.095602 1.34007143651 0.14902695697 
0.096159 1.14531946068 0.14777952977 
0.096716 1.26435829910 0.15845902710 
0.097274 1.09101709311 0.15403396871 
0.097831 1.01416791163 0.15469835315 
0.098389 1.22350370337 0.14906501677 
0.098946 1.13011306567 0.14283776059 
0.099504 1.15363173659 0.14181534700 
0.100061 1.08733695551 0.14657397793 
0.100618 1.14893828321 0.14721872028 
0.101176 1.05761694713 0.15090326982 
0.101733 0.87157682800 0.14358201493 
0.102291 0.90069149540 0.14572217034 
0.102848 0.96041259127 0.13765203224 
0.103406 1.04714867121 0.14376715106 
0.103963 1.01830374311 0.14808655166 
0.104520 0.90016039981 0.14076139920 
0.105078 0.94208644319 0.13870672754 
0.105635 0.98350940833 0.14342414046 
0.106193 0.92912318839 0.14414281440 
0.106750 1.11344187182 0.13905012196 
0.107308 0.81919411561 0.14118699799 
0.107865 0.73015972461 0.14319569419 
0.108422 0.70626593143 0.13896267569 
0.108980 1.14530796859 0.14058470995 
0.109537 0.74898353834 0.14062724966 
0.110095 0.85429154227 0.13883528008 
0.110652 0.73669910021 0.13980470931 
0.111210 0.82211228941 0.14044520854 
0.111767 0.75662107206 0.14088298018 
0.112324 0.66602741627 0.13803525346 
0.112882 0.55352768829 0.13686792184 
0.113439 0.88491332580 0.13593306273 
0.113997 0.81570724313 0.13543840713 
0.114554 0.77677215658 0.13464851115 
0.115111 0.71836947502 0.13686576517 
0.115669 0.69034625892 0.13346007853 
0.116226 0.68578790991 0.13084438614 
0.116784 0.89112790952 0.13693799543 
0.117341 0.79855850739 0.13741680840 
0.117899 0.84308212461 0.13313221966 
0.118456 0.73070848220 0.13422503203 
0.119013 0.51129599290 0.14050167585 
0.119571 0.66394600061 0.13143747868 
0.120128 0.52467639208 0.13495692967 
0.120686 0.64046753186 0.13203521548 
0.121243 0.62883845060 0.13172523822 
0.121800 0.71716060913 0.13547037124 
0.122358 0.81059066799 0.13284625197 
0.122915 0.67656232452 0.12847631679 
0.123473 0.64616030001 0.13046342395 
0.124030 0.75645081939 0.12828292387 
0.124588 0.73769726727 0.12774384911 
0.125145 0.60542037577 0.12949522826 
0.125702 0.50613739625 0.13609826455 
0.126260 0.64583629682 0.12738403597 
0.126817 0.45797371362 0.12434768389 
0.127375 0.69901362379 0.12813839884 
0.127932 0.73733419610 0.12810744415 
0.128489 0.60425144339 0.12556676409 
0.129047 0.69174091870 0.12577270856 
0.129604 0.51056715496 0.13253672559 
0.130162 0.59860895433 0.12185963965 
0.130719 0.54011857492 0.12499309524 
0.131277 0.53966270828 0.12598652255 
0.131834 0.52362513731 0.12465814475 
0.132391 0.48192707756 0.12898396411 
0.132949 0.63833486526 0.13101012362 
0.133506 0.54289993567 0.13103606886 
0.134064 0.49053770714 0.13099079566 
0.134621 0.41025436719 0.13537557870 
0.135178 0.34595104393 0.14117269358 
0.135736 0.47631363322 0.13954133423 
0.136293 0.37877756922 0.13549040898 
0.136851 0.43854294665 0.13865419823 
0.137408 0.50113532628 0.13652547031 
0.137965 0.37070864495 0.13475580498 
0.138523 0.40519171594 0.13693127290 
0.139080 0.40431249528 0.13995273635 
0.139638 0.45978529902 0.13679509716 
0.140195 0.39581799280 0.13616332191 
0.140752 0.35520968169 0.14196052424 
0.141310 0.29783963618 0.13672458399 
0.141867 0.32153979781 0.13320860497 
0.142425 0.26493441946 0.14071195657 
0.142982 0.37573962911 0.13845333296 
0.143540 0.12817671810 0.13961955632 
0.144097 0.27297470404 0.13373118062 
0.144654 0.51206520441 0.13799213366 
0.145212 0.20684785393 0.13131791852 
0.145769 0.36589443775 0.12886113793 
0.146327 0.28316763861 0.13221154468 
0.146884 0.31804280883 0.12783134021 
0.147441 0.19581489381 0.12892481206 
0.147999 0.25251223047 0.12427022168 
0.148556 0.28810904399 0.12364051678 
0.149114 0.34994068296 0.12723955317 
0.149671 0.37039187275 0.12438236742 
0.150228 0.19030599648 0.12603653024 
0.150786 0.39125710276 0.12606818214 
0.151343 0.28480181280 0.12134233643 
0.151901 0.17216784063 0.12200240479 
0.152458 0.31976341487 0.12372948543 
0.153015 0.28733080152 0.12025013230 
0.153573 0.35863073308 0.11950033036 
0.154130 0.35262227450 0.11956102833 
0.154688 0.14902678039 0.12096060854 
0.155245 0.15736245370 0.11928177093 
0.155802 0.15765898312 0.12054112403 
0.156360 0.00218927270 0.12045629608 
0.156917 0.16344150274 0.11951961205 
0.157475 0.17557805644 0.11788316328 
0.158032 0.15936804882 0.11614783542 
0.158589 0.27105320673 0.11747898650 
0.159147 0.06896519411 0.11776562388 
0.159704 0.23692949949 0.11833574684 
0.160261 0.20598973102 0.11952004979 
0.160819 0.10478288556 0.11472375576 
0.161376 0.04514339093 0.11638023917 
0.161934 0.10436368203 0.11772285039 
0.162491 0.05007817431 0.11820170786 
0.163048 0.09627934468 0.11696654527 
0.163606 0.17328665805 0.11677653483 
0.164163 0.10581032229 0.11430042522 
0.164721 0.18848947052 0.11355546201 
0.165278 0.25507273585 0.11356343498 
0.165835 0.08132803521 0.11700422430 
0.166393 0.18031014359 0.11392559374 
0.166950 0.03000077766 0.11289978953 
0.167508 0.27972714919 0.11442502106 
0.168065 0.12284831740 0.11524605708 
0.168622 0.17035269514 0.11365391250 
0.169180 0.24269423882 0.11293737319 
0.169737 0.03174622151 0.11310589486 
0.170294 -0.05567173399 0.11107266258 
0.170852 0.12513787826 0.11128627871 
0.171409 0.13954207323 0.10985590762 
0.171967 0.12351268225 0.11178112680 
0.172524 0.16375362653 0.10813841720 
0.173081 0.11937791674 0.10679688813 
0.173639 0.05202967925 0.10950116196 
0.174196 0.07922567604 0.11004390923 
0.174754 0.22812937069 0.10564488600 
0.175311 0.06982369724 0.11006579049 
0.175868 0.11766183539 0.10988332936 
0.176426 0.03054319839 0.11034057415 
0.176983 0.21038599509 0.10749064414 
0.177540 0.02692209048 0.10421488295 
0.178098 0.16063678847 0.10635328378 
0.178655 0.07567007658 0.11108926474 
0.179213 0.16067080602 0.10519215283 
0.179770 0.10397742234 0.10875232182 
0.180327 -0.00638509084 0.10647064187 
0.180885 0.12007439009 0.10747128452 
0.181442 0.08474032782 0.10698893864 
0.181999 0.03177086358 0.10434492060 
0.182557 0.12422068085 0.10636533999 
0.183114 0.16028987778 0.10496911999 
0.183672 0.07174832107 0.10644001147 
0.184229 0.03287481525 0.10505932046 
0.184786 0.00443231550 0.10384473259 
0.185344 0.11948483200 0.10699171075 
0.185901 -0.01730656537 0.10557453195 
0.186458 0.07149779425 0.10595569924 
0.187016 0.09220482468 0.10595726313 
0.187573 0.09568661013 0.10552991484 
0.188131 0.05721127169 0.10554196337 
0.188688 0.22141641061 0.10402954501 
0.189245 -0.01361607987 0.10530444036 
0.189803 0.17819770215 0.10585914023 
0.190360 0.15529117433 0.10846311797 
0.190917 0.03971733795 0.10804698906 
0.191475 0.09801158201 0.10680026025 
0.192032 0.04060429654 0.10533618209 
0.192590 0.23339001619 0.10261977891 
0.193147 0.19922324543 0.10357074851 
0.193704 0.14403266169 0.10472775972 
0.194262 0.01000107187 0.10415134098 
0.194819 0.09664680718 0.10204824724 
0.195376 0.23326321424 0.10209702511 
0.195934 0.20716847945 0.10311320977 
0.196491 -0.05914656256 0.10257821263 
0.197048 0.05455156543 0.10368156614 
0.197606 0.22150377312 0.10368337899 
0.198163 0.08972771128 0.10248932736 
0.198721 0.09085598821 0.10049084812 
0.199278 0.11253252115 0.10110684697 
0.199835 0.02962340457 0.10317698052 
0.200393 0.04514374922 0.10152597756 
0.200950 0.12974559989 0.10197426957 
0.201507 0.05621462468 0.10193176451 
0.202065 -0.02576221669 0.10197208572 
0.202622 0.22049780186 0.10158914247 
0.203179 0.12315685897 0.10070756589 
0.203737 0.15356379951 0.10240143141 
0.204294 0.19217150832 0.09980474905 
0.204851 0.14204956048 0.10190334389 
0.205409 0.00330395936 0.10204429307 
0.205966 0.10058796082 0.10033856083 
0.206524 0.12864013724 0.09907043485 
0.207081 0.10608742501 0.09684296296 
0.207638 0.07657282419 0.09864137836 
0.208196 0.17978911681 0.10109429897 
0.208753 0.16806484855 0.09619993465 
0.209310 0.02052509829 0.09962162447 
0.209868 0.11484333696 0.09750401196 
0.210425 0.23661120954 0.09664619292 
0.210982 0.11108223311 0.10017071287 
0.211540 0.11683880290 0.09522900308 
0.212097 0.18463043251 0.09534439217 
0.212654 0.16874884859 0.09629413030 
0.213212 0.19992072474 0.09579680692 
0.213769 0.09040666058 0.09592664253 
0.214326 0.24390758496 0.09834399253 
0.214884 0.16004248958 0.09577597614 
0.215441 0.21046217022 0.09580894340 
0.215999 -0.03279111946 0.09530797548 
0.216556 0.15754925472 0.09631690089 
0.217113 0.19049317811 0.09784906362 
0.217671 0.29058874693 0.09883648679 
0.218228 0.08806427956 0.09566147969 
0.218785 0.19012739708 0.09831950520 
0.219343 0.12403041151 0.09588125392 
0.219900 0.12038175476 0.09633374935 
0.220457 0.14127439730 0.09556942234 
0.221015 0.04751036120 0.09628183006 
0.221572 0.13459037823 0.09796941736 
0.222129 0.16123567081 0.09547751998 
0.222687 0.09503654333 0.09544657748 
0.223244 0.24900818199 0.09384104021 
0.223801 0.12592009897 0.09529803817 
0.224359 0.08440944924 0.09398314555 
0.224916 0.13224470106 0.09472647127 
0.225473 0.03819773181 0.09546649671 
0.226031 0.25570052818 0.09339002818 
0.226588 0.29058607934 0.09560132624 
0.227145 0.10431429331 0.09237535979 
0.227703 0.15034272510 0.09136053425 
0.228260 0.16829084485 0.09305666420 
0.228817 0.17231095872 0.09639475963 
0.229375 0.19061216719 0.09097436426 
0.229932 0.07749083585 0.09312537868 
0.230489 0.10969566205 0.09243258608 
0.231047 0.07731590603 0.09097119100 
0.231604 0.10920183856 0.09283505300 
0.232161 0.09675438404 0.09147958810 
0.232719 0.10456111918 0.09298967980 
0.233276 0.01829419853 0.09167633525 
0.233833 0.13520966669 0.09174737021 
0.234391 0.18215912708 0.09353416602 
0.234948 0.19529019211 0.09066232933 
0.235505 0.15016195162 0.09320947377 
0.236063 0.12219554987 0.09141199634 
0.236620 0.11798758579 0.08972714916 
0.237177 0.17937499119 0.08992783964 
0.237735 0.12570723030 0.09259595865 
0.238292 0.22163703216 0.09202034857 
0.238849 0.06918335333 0.09036656653 
0.239407 0.11647765380 0.09131403907 
0.239964 0.07233382265 0.09039378981 
0.240521 0.11160131345 0.09096162162 
0.241079 0.09907674489 0.09225044818 
0.241636 0.12232938178 0.09042165187 
0.242193 0.25820813746 0.09117622350 
0.242750 0.13145620690 0.09036205265 
0.243308 0.04966128557 0.08851883936 
0.243865 0.16071042903 0.08971384495 
0.244422 0.10270535694 0.08910836670 
0.244980 0.04965445563 0.09296368513 
0.245537 0.17114470240 0.09183967062 
0.246094 -0.01770656407 0.09118515409 
0.246652 0.15185181162 0.08906994864 
0.247209 0.12403977268 0.08954511580 
0.247766 0.07820228500 0.09138449531 
0.248324 0.08512534214 0.09076229361 
0.248881 0.00829831139 0.08864514118 
0.249438 0.07724469028 0.08909599816 
0.249996 0.14778680048 0.08806662975 
0.250553 0.10888465679 0.09044285252 
0.251110 0.15524831213 0.08719981263 
0.251667 0.15309560278 0.09004363004 
0.252225 0.05057370422 0.08954289038 
0.252782 0.10256334591 0.08939454903 
0.253339 0.01574719195 0.08939769296 
0.253897 0.00916310623 0.08591494584 
0.254454 0.06110484982 0.08489304135 
0.255011 0.10118724345 0.08524665057 
0.255569 0.13346808791 0.08714693277 
0.256126 0.06991994722 0.08732077874 
0.256683 0.05421818885 0.08708673906 
0.257241 0.01035923170 0.08747638304 
0.257798 0.14846799269 0.08739886769 
0.258355 0.12596565476 0.08842141536 
0.258912 0.07874689871 0.08598733825 
0.259470 0.01249830653 0.08807974352 
0.260027 0.10322498275 0.08760043966 
0.260584 0.06229788916 0.08894310151 
0.261142 0.12130596976 0.08742136015 
0.261699 0.09032671176 0.08654433672 
0.262256 0.13395819874 0.08643885675 
0.262814 0.08629044802 0.08687669171 
0.263371 0.08195768883 0.08744376713 
0.263928 0.08455718278 0.08575621495 
0.264485 0.17659310317 0.08515402298 
0.265043 -0.07341528831 0.08542424374 
0.265600 -0.01721733346 0.08776688034 
0.266157 0.03278798002 0.08558286887 
0.266715 0.14643163218 0.08534739614 
0.267272 0.14694870930 0.08576288707 
0.267829 0.24846206258 0.08719533963 
0.268386 0.11928979484 0.08547317660 
0.268944 0.15394304215 0.08370168564 
0.269501 0.07317401460 0.08514564996 
0.270058 0.11951941595 0.08273496791 
0.270616 0.01954844257 0.08528560066 
0.271173 0.10617334158 0.08435488040 
0.271730 0.05087910710 0.08434889502 
0.272287 0.02649864376 0.08601285483 
0.272845 0.09042414906 0.08707227914 
0.273402 0.02550809766 0.08878008053 
0.273959 -0.03583049992 0.08814290736 
0.274517 0.08214927064 0.08925049336 
0.275074 0.07253033299 0.08772346364 
0.275631 -0.00660749949 0.08796387509 
0.276188 0.19515204600 0.09010591938 
0.276746 0.03781340183 0.08868049548 
0.277303 0.00170676255 0.09101159798 
0.277860 0.05329101473 0.08924589128 
0.278418 -0.03225176105 0.08694045184 
0.278975 0.18672082324 0.09014896609 
0.279532 0.07727230439 0.09142652460 
0.280089 -0.03847709456 0.09106806030 
0.280647 0.04176018030 0.09114472792 
0.281204 0.01678960197 0.09223917885 
0.281761 0.09661345168 0.09045768681 
0.282318 0.09909802110 0.08926168035 
0.282876 0.02216592381 0.08530091532 
0.283433 0.08745456456 0.08833101828 
0.283990 0.05646926981 0.08656580632 
0.284548 0.07575439706 0.08818970423 
0.285105 0.04730926666 0.08546090091 
0.285662 0.06182343007 0.08624507638 
0.286219 0.02160191503 0.08602688150 
0.286777 0.20240762942 0.08586294131 
0.287334 0.12005698083 0.08458574159 
0.287891 0.02536217992 0.08536256238 
0.288448 0.06656019427 0.08608092916 
0.289006 0.04029192661 0.08467126299 
0.289563 0.07142317137 0.08527270474 
0.290120 0.04051456957 0.08359810310 
0.290677 0.07487989018 0.08467335043 
0.291235 0.13201748435 0.08763977763 
0.291792 0.01059292358 0.08506211828 
0.292349 0.11491498859 0.08459152417 
0.292906 -0.06366537801 0.08596296245 
0.293464 0.04663311034 0.08501541217 
0.294021 -0.06832837267 0.08524013540 
0.294578 0.05115439213 0.08655656849 
0.295136 0.04306521896 0.08511317308 
0.295693 0.04587001946 0.08731054432 
0.296250 0.17547378751 0.08616485272 
0.296807 0.02836042854 0.08749758882 
0.297365 0.15914627272 0.08486685296 
0.297922 0.04094565399 0.08419396626 
0.298479 0.10244330148 0.08486045759 
0.299036 0.12419145357 0.08524126272 
0.299594 0.12984879527 0.08480294063 
0.300151 -0.02114215453 0.08490592992 
0.300708 0.08516819825 0.08632888952 
0.301265 0.04264342094 0.08630790749 
0.301823 0.11980943111 0.08729727869 
0.302380 0.12227382972 0.08634781004 
0.302937 0.07836267787 0.08728910422 
0.303494 0.05258686412 0.08702524506 
0.304052 0.07227595043 0.08634338732 
0.304609 0.08912925638 0.08623517163 
0.305166 0.07128359922 0.08752617076 
0.305723 0.02739176486 0.08634740503 
0.306280 0.06435179562 0.08624116327 
0.306838 0.07351040423 0.08578846713 
0.307395 0.01448710555 0.08561339047 
0.307952 0.13127232074 0.08532407354 
0.308509 0.03018628070 0.08700795072 
0.309067 0.00510895318 0.08568862752 
0.309624 0.03592567434 0.08466589293 
0.310181 0.08568555314 0.08706396181 
0.310738 0.01705112607 0.08586267575 
0.311296 0.06616628437 0.08582104182 
0.311853 0.08836873345 0.08743324144 
0.312410 -0.03410425307 0.08506788434 
0.312967 0.14729308772 0.08834639455 
0.313525 0.09757310855 0.08624068199 
0.314082 0.15245118370 0.08686750627 
0.314639 0.05403203229 0.08607571306 
0.315196 0.11045127650 0.08837971111 
0.315753 0.08240912345 0.08630788549 
0.316311 -0.01464859459 0.08569638093 
0.316868 -0.03538430505 0.08616510199 
0.317425 0.08191094083 0.08588817040 
0.317982 0.13122048258 0.08697688752 
0.318540 -0.01764801657 0.08558869004 
0.319097 0.05462539436 0.08785618083 
0.319654 0.02978160001 0.08668532095 
0.320211 0.07507799889 0.08593276902 
0.320768 0.07321808630 0.08765856073 
0.321326 0.16954298859 0.08732821128 
0.321883 0.10644087758 0.08735633637 
0.322440 0.08620617319 0.08683920040 
0.322997 0.09314649630 0.08601004414 
0.323555 0.09643023183 0.08588055764 
0.324112 0.01498720299 0.08710769150 
0.324669 0.02243471691 0.08793728401 
0.325226 0.05394651519 0.08792978544 
0.325783 0.10854401330 0.08848731939 
0.326341 0.03747603126 0.08864851589 
0.326898 0.03346875936 0.08991036953 
0.327455 0.11225204948 0.08771027529 
0.328012 0.10720003136 0.08805205046 
0.328569 0.12342845898 0.08861068370 
0.329127 0.07515598908 0.08947139451 
0.329684 0.07030337451 0.08795392316 
0.330241 0.00423199613 0.09008737332 
0.330798 0.14699163555 0.08796136821 
0.331355 0.10152142843 0.08854605611 
0.331913 0.06692804370 0.08817068956 
0.332470 0.14928049098 0.09042141919 
0.333027 0.00389527573 0.08954328149 
0.333584 0.09943240470 0.08957608369 
0.334141 0.07954864053 0.09011424768 
0.334699 0.05970183283 0.09009273537 
0.335256 0.10101701498 0.09035389917 
0.335813 0.06234782437 0.08945500841 
0.336370 -0.04854407821 0.09058703257 
0.336927 0.05898415436 0.09266537215 
0.337485 0.06331860058 0.09164221499 
0.338042 0.06758475995 0.09061354000 
0.338599 0.05362729611 0.09055816328 
0.339156 0.12259435303 0.09106589701 
0.339713 0.09914719464 0.09253484739 
0.340271 0.15132491829 0.09489045967 
0.340828 0.05727906070 0.09331097456 
0.341385 0.05642491531 0.09158147825 
0.341942 0.07958517618 0.09369607513 
0.342499 0.03513846799 0.09252201956 
0.343057 0.04052535581 0.09425476402 
0.343614 0.10703480404 0.09385795680 
0.344171 0.08908120920 0.09375474984 
0.344728 0.14220004856 0.09594031305 
0.345285 0.13995266583 0.09267967812 
0.345842 0.14252002565 0.09670321771 
0.346400 0.13927609614 0.09436990304 
0.346957 0.18491593929 0.09713402578 
0.347514 0.02672752021 0.09680139872 
0.348071 0.03808607312 0.09666943444 
0.348628 0.14076175631 0.09770908018 
0.349186 0.15420769254 0.09533833871 
0.349743 0.22591938539 0.09786182620 
0.350300 0.02625731422 0.09728471060 
0.350857 0.16748611847 0.09881030196 
0.351414 0.04415476079 0.09801092689 
0.351971 0.04507294871 0.09957342422 
0.352529 0.25268314699 0.09983337524 
0.353086 -0.05052530825 0.10170169123 
0.353643 -0.02151471388 0.10125153541 
0.354200 0.14506390899 0.10178140438 
0.354757 0.00264888009 0.10217239516 
0.355314 0.08905791699 0.10147667228 
0.355872 0.12253251941 0.10336818935 
0.356429 0.16426814551 0.10322220782 
0.356986 0.02477274532 0.10358344388 
0.357543 0.11992212683 0.10419803186 
0.358100 -0.03810178727 0.10581414274 
0.358657 0.01905337845 0.10196853156 
0.359215 -0.06362633835 0.10289297665 
0.359772 -0.01358691559 0.10477605953 
0.360329 0.09083332167 0.10399087186 
0.360886 0.15401776039 0.10323013714 
0.361443 0.15142021447 0.10273313837 
0.362000 -0.08119936100 0.10278592939 
0.362558 0.12493731835 0.10380248932 
0.363115 0.04633698499 0.10465826312 
0.363672 0.11545606906 0.10266927663 
0.364229 0.13260742038 0.10221881646 
0.364786 0.12292428769 0.10222816704 
0.365343 0.02002717367 0.10268149219 
0.365900 0.15301321674 0.10315050354 
0.366458 0.08000406675 0.10249845997 
0.367015 0.06445508345 0.09985107447 
0.367572 0.01463224582 0.10234059889 
0.368129 0.07599168758 0.10229120239 
0.368686 0.06372700466 0.10095104386 
0.369243 0.12411603112 0.10052631713 
0.369801 0.14086183695 0.10111864260 
0.370358 0.15687908165 0.10154444074 
0.370915 -0.02969300493 0.09935458227 
0.371472 0.05259502927 0.09993060973 
0.372029 0.06378675802 0.09957144353 
0.372586 0.06928350748 0.09883898341 
0.373143 0.07710843030 0.09819127196 
0.373700 0.11008255683 0.09812976628 
0.374258 0.05629317380 0.09706677666 
0.374815 0.03354978540 0.09644271988 
0.375372 -0.05319449643 0.09765405684 
0.375929 -0.03719018671 0.09479216846 
0.376486 0.21673235242 0.09645725333 
0.377043 0.03475270957 0.09594292563 
0.377600 0.05194457471 0.09465594306 
0.378158 0.13945786570 0.09413173965 
0.378715 0.06643491302 0.09348183765 
0.379272 0.01342993044 0.09434589246 
0.379829 0.13860140988 0.09359131924 
0.380386 0.07850321385 0.09457641816 
0.380943 0.15990451762 0.09344574284 
0.381500 0.20919920444 0.09366156891 
0.382057 0.23123623216 0.09143438559 
0.382615 0.02475101245 0.09321634727 
0.383172 0.06254138244 0.09269168225 
0.383729 0.13574052056 0.09293169787 
0.384286 0.09266100541 0.09272831328 
0.384843 0.08116359749 0.09366537695 
0.385400 0.04324136280 0.09094927177 
0.385957 0.08682742387 0.09146679375 
0.386514 0.02188242646 0.09059180736 
0.387072 -0.04823218176 0.09216755657 
0.387629 0.01712910483 0.08925954382 
0.388186 0.09376143769 0.08769411231 
0.388743 0.18773691200 0.09040381635 
0.389300 0.04157931322 0.09077066285 
0.389857 0.09651624601 0.09259954449 
0.390414 0.15441910146 0.09063701638 
0.390971 0.02581978642 0.09192212839 
0.391528 0.05111797161 0.09231856317 
0.392086 0.04687560379 0.08989514676 
0.392643 0.06319544286 0.08972950107 
0.393200 0.14037519293 0.09022903486 
0.393757 0.04119934660 0.09168042177 
0.394314 0.06627976194 0.09059113765 
0.394871 0.20247720403 0.09009961944 
0.395428 0.11698265231 0.08918439535 
0.395985 0.09424998773 0.08993948810 
0.396542 0.07037624294 0.08890936667 
0.397099 -0.12868145114 0.09018217154 
0.397657 0.03388932363 0.08725595986 
0.398214 0.15052559992 0.08906681555 
0.398771 0.07229267775 0.08850603929 
0.399328 0.13580591190 0.09025011048 
0.399885 0.03430866091 0.08870937395 
0.400442 0.00940668991 0.08931228333 
0.400999 0.04888089298 0.09203362136 
0.401556 0.07004354056 0.09043702718 
0.402113 0.08663040296 0.09272367029 
0.402670 -0.03085591905 0.09459990420 
0.403227 0.11154328453 0.09536386824 
0.403785 0.11805199614 0.09715718620 
0.404342 0.09147577822 0.09734702613 
0.404899 0.14152035904 0.09931722331 
0.405456 0.13937938536 0.10010910468 
0.406013 0.04840630750 0.09879874871 
0.406570 0.05418691175 0.10133321222 
0.407127 0.20115407194 0.10065688380 
0.407684 0.09958356172 0.10181181557 
0.408241 0.06734627803 0.10377701839 
0.408798 0.20946949299 0.10216507282 
0.409355 0.02220103655 0.10445684410 
0.409912 0.03830393718 0.10653414769 
0.410469 0.10444900425 0.10670435213 
0.411027 0.02134936677 0.10530144991 
0.411584 0.08689521736 0.11020276417 
0.412141 0.05640473290 0.10959028595 
0.412698 0.21203609922 0.11426214876 
0.413255 0.08178653439 0.11125332647 
0.413812 -0.01404013697 0.11243506636 
0.414369 0.12704210688 0.11234985163 
0.414926 0.22214509774 0.11615288468 
0.415483 -0.02281546377 0.11376515742 
0.416040 0.23018723791 0.11466990302 
0.416597 0.15457382638 0.11533370841 
0.417154 0.13554343329 0.11954645538 
0.417711 0.04778236481 0.12090688640 
0.418268 0.02515180285 0.11785728344 
0.418825 0.13995713657 0.11782496323 
0.419382 0.09190548851 0.11612037864 
0.419940 0.12501547440 0.11314279321 
0.420497 0.06418946840 0.11577897200 
0.421054 0.01053277604 0.11422116420 
0.421611 0.26031529040 0.11507590264 
0.422168 0.14795552400 0.11379824899 
0.422725 0.11064721431 0.11322394383 
0.423282 -0.02890318455 0.11514487651 
0.423839 0.11643189818 0.11446947695 
0.424396 0.22127370053 0.11626465871 
0.424953 0.21251572445 0.11659237856 
0.425510 -0.07864582660 0.11570575127 
0.426067 -0.00978290298 0.11605415605 
0.426624 -0.13808245704 0.11584294257 
0.427181 0.15957481010 0.11778766603 
0.427738 0.06442531085 0.11944487954 
0.428295 0.01891417836 0.11873889296 
0.428852 0.09946242591 0.11437519810 
0.429409 0.00844560308 0.11501092037 
0.429966 0.17860583284 0.11931567092 
0.430523 0.08014819967 0.11653276468 
0.431080 0.10176873660 0.11710547521 
0.431637 0.14457782535 0.11772065045 
0.432194 0.11140735992 0.12160749634 
0.432752 0.07494441722 0.12155138843 
0.433309 -0.02127178327 0.11915290310 
0.433866 0.10618863522 0.12135696766 
0.434423 0.04096884704 0.11599056976 
0.434980 0.04535129639 0.11764650835 
0.435537 0.15145393900 0.11732177334 
0.436094 0.10506309496 0.11839722957 
0.436651 0.10388742070 0.12039234141 
0.437208 0.17596243706 0.12022957810 
0.437765 0.13925255350 0.12012088128 
0.438322 0.11322517301 0.12315347005 
0.438879 0.12037079659 0.12095588178 
0.439436 0.10194671825 0.12150605580 
0.439993 0.07126572453 0.12218400696 
0.440550 0.11849527763 0.12059205251 
0.441107 0.13415032947 0.12270770721 
0.441664 0.10235645779 0.12155543243 
0.442221 0.12316790464 0.12353409085 
0.442778 -0.04077568240 0.12437831148 
0.443335 0.18764892275 0.12059710375 
0.443892 0.03438783856 0.12533433135 
0.444449 0.04289808594 0.12805231335 
0.445006 0.02106812668 0.11876936935 
0.445563 0.01882522586 0.12493033476 
0.446120 0.09002034396 0.12681186359 
0.446677 0.12015507589 0.12294858663 
0.447234 0.27402257642 0.12324559230 
0.447791 0.14349839761 0.13007546032 
0.448348 0.09811122078 0.12610995936 
0.448905 0.29114616466 0.11954900042 
0.449462 0.12416734853 0.12076187137 
0.450019 -0.08023728088 0.12353124717 
0.450576 0.24865107845 0.12455961425 
0.451133 -0.05173168664 0.12216526668 
0.451690 0.03242799366 0.12652004097 
0.452247 0.12264496220 0.12499183165 
0.452804 0.08704834067 0.12023414131 
0.453361 0.11597860510 0.12280520998 
0.453918 0.02435285714 0.12083312000 
0.454475 0.13338942605 0.11915002565 
0.455032 0.05100185239 0.12183945955 
0.455589 -0.01482127687 0.12166559829 
0.456146 -0.07106418024 0.12138574406 
0.456703 0.08505255208 0.12314823015 
0.457260 -0.13469819649 0.12153510820 
0.457817 0.08655195358 0.12309646670 
0.458374 0.10714851692 0.11968731279 
0.458931 0.08258838898 0.12083666609 
0.459488 0.08501505920 0.12068239996 
0.460045 0.22478628817 0.12279198315 
0.460602 0.11622287396 0.12695334244 
0.461159 0.13833879370 0.12083521480 
0.461716 0.05210984937 0.12238063591 
0.462273 0.21870420220 0.12311833019 
0.462830 0.10394516626 0.12328963642 
0.463387 0.03823091975 0.12246162960 
0.463943 0.22746908706 0.12486621465 
0.464500 0.10221074637 0.12304426842 
0.465057 0.16225316462 0.12158694123 
0.465614 0.15159221012 0.12226521633 
0.466171 0.13583576875 0.12270500863 
0.466728 0.08340008078 0.11997351193 
0.467285 0.13227158401 0.11875753863 
0.467842 0.04315199319 0.12200589188 
0.468399 0.03694671361 0.12211616676 
0.468956 0.17353911071 0.12046689447 
0.469513 -0.09735779045 0.12220477146 
0.470070 0.04021268455 0.12060193277 
0.470627 0.08545189671 0.12256204699 
0.471184 0.19376673988 0.12305887367 
0.471741 0.10000553957 0.11917721508 
0.472298 0.12163562359 0.12186440164 
0.472855 0.17616885576 0.11875065666 
0.473412 0.20061925204 0.12097441839 
0.473969 0.26004282774 0.11975622019 
0.474526 0.17777002240 0.11972002778 
0.475083 0.23592730982 0.12498877232 
0.475640 0.12188110578 0.12161922435 
0.476196 0.11323453417 0.11908632549 
0.476753 0.07688698266 0.12248214203 
0.477310 0.04897429313 0.12036636459 
0.477867 0.05582849861 0.12000840940 
0.478424 0.22275488201 0.12148868199 
0.478981 0.04602201894 0.12526319160 
0.479538 -0.01157186350 0.12338188163 
0.480095 -0.06520016783 0.12057229287 
0.480652 0.16039353716 0.12399189559 
0.481209 0.24912856979 0.12087634242 
0.481766 0.13031977224 0.11779333669 
0.482323 -0.03947181126 0.11922299134 
0.482880 -0.01331311940 0.11913882999 
0.483437 -0.03174057376 0.12181222186 
0.483994 0.21599924968 0.11944880753 
0.484550 0.06230729357 0.12083723853 
0.485107 0.14427371500 0.12005735119 
0.485664 0.03758919302 0.12428725820 
0.486221 0.07566846312 0.12122568986 
0.486778 0.14085157201 0.12208999616 
0.487335 0.13093044782 0.12051778176 
0.487892 0.15405967478 0.12209538400 
0.488449 0.00552062857 0.12342539419 
0.489006 0.05856673136 0.11852910019 
0.489563 0.18082613543 0.12616746787 
0.490120 0.29827037251 0.12098455475 
0.490677 0.07405260181 0.11992651825 
0.491233 -0.00738486049 0.12193458058 
0.491790 0.03587983934 0.12625091660 
0.492347 0.06941807162 0.11947909305 
0.492904 0.07896821727 0.11953033027 
0.493461 0.10154685573 0.12315261516 
0.494018 -0.07716309168 0.11953734704 
0.494575 -0.06667511357 0.11989256063 
0.495132 0.17954960253 0.12554208413 
0.495689 0.00322023864 0.12031782223 
0.496246 0.12115074778 0.12377579660 
0.496802 0.03732212173 0.12212976320 
0.497359 -0.01048534743 0.12237905652 
0.497916 0.10665065016 0.12078358640 
0.498473 0.11332617245 0.12389186755 
0.499030 0.03036690905 0.12211191134 
0.499587 0.08657114903 0.11931327361 
0.500144 0.20453007604 0.12203216080 
0.500701 -0.03147073819 0.12080701139 
0.501258 0.21949636058 0.12111316049 
0.501815 0.24397808184 0.12178328868 
0.502371 0.05566759647 0.12042112834 
0.502928 0.06997053071 0.12365484758 
0.503485 0.13737851866 0.12176928492 
0.504042 0.13920661348 0.12542197110 
0.504599 0.07297265152 0.12615400919 
0.505156 -0.09053538878 0.12000796455 
0.505713 0.07396147157 0.11963513593 
0.506270 0.15998973812 0.11864903413 
0.506826 0.15555055774 0.12079378985 
0.507383 0.07905212874 0.11962031715 
0.507940 0.07560383949 0.11980444041 
0.508497 0.06024356905 0.12501764926 
0.509054 0.05195970920 0.12181981944 
0.509611 -0.00045844784 0.12157426701 
0.510168 0.14104130434 0.12382494142 
0.510725 0.17791214592 0.12329829523 
0.511281 0.15251452395 0.12537202252 
0.511838 0.15298717568 0.12374653917 
0.512395 0.12755365495 0.12499118356 
0.512952 0.05832111318 0.12528638211 
0.513509 0.04630720120 0.12206234683 
0.514066 0.00819396224 0.12119525717 
0.514623 0.06630535979 0.12639813849 
0.515179 0.12185015765 0.12547298689 
0.515736 0.07711586437 0.12495888580 
0.516293 0.11353554737 0.12898952050 
0.516850 0.08598907171 0.12592269591 
0.517407 0.25539302065 0.12965329756 
0.517964 -0.05332435308 0.12901687876 
0.518521 0.11760721349 0.13063280266 
0.519077 0.00648556295 0.12940725448 
0.519634 -0.07946325045 0.12939651846 
0.520191 0.04150725813 0.12852321859 
0.520748 -0.04193121855 0.13801127444 
0.521305 0.03319202004 0.12688724907 
0.521862 0.07660245712 0.13239662637 
0.522418 0.21664944287 0.13492778297 
0.522975 0.20216708596 0.13677347775 
0.523532 -0.00022066431 0.13665370552 
0.524089 0.12077904445 0.13464181012 
0.524646 0.04235315221 0.13542906888 
0.525203 0.11484068252 0.13358858835 
0.525759 0.02390510158 0.14034905028 
0.526316 0.12964772101 0.13641859501 
0.526873 0.11242035837 0.14177878486 
0.527430 -0.03634788384 0.13720657959 
0.527987 -0.02774949157 0.13648990606 
0.528544 -0.06252892806 0.14491681303 
0.529100 0.14120970537 0.14285776752 
0.529657 0.01539295007 0.14056724663 
0.530214 0.13969653146 0.14715604239 
0.530771 0.28608791600 0.14615456432 
0.531328 0.01589991543 0.14915514908 
0.531884 -0.16941122119 0.14658124392 
0.532441 0.37241047638 0.14547782471 
0.532998 0.18861071518 0.15557301381 
0.533555 0.18732465337 0.15317356907 
0.534112 0.08331063078 0.15566521925 
0.534669 0.15777671741 0.15472439563 
0.535225 0.08552240066 0.15208023340 
0.535782 -0.05911992144 0.15480312361 
0.536339 -0.03045856229 0.16009252258 
0.536896 -0.04522575450 0.16678371197 
0.537453 0.05021126479 0.15990146322 
0.538009 0.05489403077 0.17173838403 
0.538566 -0.01748448106 0.17202763348 
0.539123 0.04694632281 0.18637273078 
0.539680 -0.02849724905 0.17439966496 
0.540237 0.29706025565 0.18826511320 
0.540793 0.14215084626 0.19509675273 
0.541350 0.07526605254 0.20971197189 
0.541907 -0.13283613126 0.24451480091 
0.542464 0.19188142887 0.25370568622 
0.543021 0.56539071513 0.41530200232 
