0.011985 156.06489388664 0.00000000000 
0.012543 161.66701931540 10.72699154549 
0.013100 152.11470265048 13.35329736849 
0.013658 150.62463707688 10.20494308647 
0.014215 142.85410093143 9.19655418623 
0.014772 143.66503419637 6.55173902589 
0.015330 139.11965227558 5.85249933407 
0.015887 135.43029602038 5.21953868361 
0.016445 133.21583008804 4.45781072932 
0.017002 130.12607741622 3.64540147136 
0.017560 125.03342705883 3.68033462544 
0.018117 122.17196348808 2.93490550899 
0.018675 119.48410381363 2.22914082400 
0.019232 115.68558824264 2.53374628785 
0.019789 112.71671075183 2.17567797530 
0.020347 108.53297115757 2.13553596392 
0.020904 103.43589186402 1.74147992205 
0.021462 101.15590221635 1.70784404656 
0.022019 98.28863641717 1.52158398750 
0.022577 95.14388319776 1.45759465161 
0.023134 90.66814654097 1.29890404107 
0.023692 88.03336903431 1.33237048281 
0.024249 84.49680964964 1.14800675279 
0.024807 82.28173577643 1.11374248584 
0.025364 78.48877025938 1.08627404529 
0.025921 76.05752829560 1.02244332388 
0.026479 72.50045846950 0.89752003559 
0.027036 69.58214726122 0.82311357460 
0.027594 66.27505872860 0.83317252833 
0.028151 64.33344989237 0.72954913455 
0.028709 61.62259262332 0.68344126590 
0.029266 58.31352340183 0.68438269506 
0.029824 55.78744918387 0.66256843005 
0.030381 53.16998247547 0.63619283902 
0.030938 51.41136152810 0.65456101054 
0.031496 49.14586023704 0.56718773377 
0.032053 46.97943856638 0.57217108968 
0.032611 44.56058299922 0.51439023184 
0.033168 42.93989096585 0.54631227852 
0.033726 40.57479836476 0.52737290075 
0.034283 39.44862308550 0.49757391737 
0.034841 37.02993241258 0.48957109797 
0.035398 35.12746223651 0.49049980359 
0.035955 33.35809463737 0.46779909564 
0.036513 31.83936565685 0.46737054274 
0.037070 29.86086285565 0.45123988255 
0.037628 29.15389921422 0.42443598383 
0.038185 27.84712196499 0.42067932103 
0.038743 26.57071780535 0.39924282197 
0.039300 25.35525046801 0.39909657020 
0.039858 24.15579792257 0.40910777818 
0.040415 22.09912944356 0.39322226170 
0.040973 21.73441191026 0.38116481602 
0.041530 20.03074685720 0.36766540880 
0.042087 19.79990037246 0.35258243254 
0.042645 18.74074693245 0.36186496558 
0.043202 18.10421680980 0.32995824790 
0.043760 17.05774240802 0.33458375220 
0.044317 16.58692033381 0.32968021951 
0.044875 15.44274042899 0.33547578735 
0.045432 15.12494821209 0.32713267464 
0.045990 14.00154235335 0.31006836231 
0.046547 13.44953992627 0.32763456098 
0.047104 12.89823599256 0.30725262251 
0.047662 12.53672284574 0.29690118077 
0.048219 12.16681688178 0.29957906437 
0.048777 11.81881220283 0.29727346734 
0.049334 11.54535741216 0.28533316721 
0.049892 11.02239521079 0.26950495595 
0.050449 10.62464008530 0.28210212827 
0.051007 9.96443718787 0.27782156835 
0.051564 9.72251520708 0.27317236365 
0.052121 9.42427870375 0.27645487922 
0.052679 8.96237793511 0.26318697710 
0.053236 9.45887470870 0.26001759402 
0.053794 8.95589395428 0.26241352494 
0.054351 8.88309343327 0.25247710734 
0.054909 8.26382065320 0.26030890530 
0.055466 8.20951430913 0.25775192151 
0.056024 8.04583125958 0.25619924117 
0.056581 7.97670227558 0.25402181449 
0.057138 7.73046394340 0.24736153708 
0.057696 7.67439970517 0.24474908544 
0.058253 7.38716800142 0.23638526820 
0.058811 7.50943323473 0.24064614719 
0.059368 7.09479373250 0.22179379001 
0.059926 7.35196449209 0.23659576079 
0.060483 6.94473250082 0.23126724062 
0.061041 6.99278789218 0.23155182705 
0.061598 6.65558470588 0.23367777235 
0.062155 6.57128588816 0.22136813066 
0.062713 6.63773851310 0.22224378875 
0.063270 6.74280049922 0.22447278206 
0.063828 6.54548033500 0.22749706792 
0.064385 6.35113883107 0.21970754880 
0.064943 6.12523040011 0.22562290364 
0.065500 6.23738742576 0.21770165635 
0.066057 5.86228198438 0.20893167743 
0.066615 5.93700978063 0.21889283236 
0.067172 5.90807175005 0.21234669039 
0.067730 5.64424858657 0.21589470164 
0.068287 5.53425174501 0.19999798034 
0.068845 5.39802919942 0.20705485474 
0.069402 5.27994818920 0.20053783989 
0.069960 5.16798576710 0.19432552066 
0.070517 5.06551849808 0.19525888230 
0.071074 4.92215831654 0.19648679773 
0.071632 5.07100395099 0.19004603010 
0.072189 4.62651085678 0.19910995491 
0.072747 4.66310152605 0.19835390124 
0.073304 4.99983806483 0.19159445572 
0.073862 4.54264681627 0.19369136150 
0.074419 4.54726899375 0.19573040788 
0.074977 4.25802523920 0.18821200968 
0.075534 4.22355489637 0.19015033739 
0.076091 4.24370188389 0.18788927723 
0.076649 4.01720338747 0.18529670827 
0.077206 3.81681082944 0.18548552608 
0.077764 3.78300799602 0.18062548583 
0.078321 3.47866579474 0.18403139569 
0.078879 3.32459508456 0.17624030074 
0.079436 3.24179549232 0.17762765481 
0.079993 3.24398927770 0.17343191292 
0.080551 3.35002108072 0.17804676094 
0.081108 3.22071789712 0.17733797686 
0.081666 3.09083416429 0.17210260051 
0.082223 3.04479007303 0.17232395985 
0.082781 2.74750741694 0.17458217313 
0.083338 2.76742523900 0.17569624403 
0.083895 2.82313697264 0.16941769415 
0.084453 2.60425518847 0.17502914339 
0.085010 2.52497349691 0.17149806641 
0.085568 2.27107003756 0.16965163036 
0.086125 2.23291448691 0.16877023623 
0.086683 2.33234219785 0.16750475856 
0.087240 1.95235768055 0.16969198594 
0.087798 2.15603767511 0.15955230573 
0.088355 1.96170502451 0.16129742415 
0.088912 2.00925081317 0.15736462010 
0.089470 1.74507813704 0.16119234952 
0.090027 1.59949290934 0.15852101153 
0.090585 1.56395019272 0.15877838422 
0.091142 1.71246898245 0.16273358434 
0.091700 1.55731383587 0.15454327966 
0.092257 1.47709087068 0.15929091387 
0.092814 1.25360269286 0.15942738873 
0.093372 1.34134882023 0.14984130534 
0.093929 1.33818445787 0.16354395445 
0.094487 1.36277700235 0.15373958763 
0.095044 1.43221939864 0.15061878675 
0.095602 1.32596596613 0.14921325889 
0.096159 1.28656866694 0.15061595448 
0.096716 1.20591388783 0.15212416507 
0.097274 1.24145653601 0.15599118027 
0.097831 1.04721051055 0.14918308538 
0.098389 1.15221222274 0.15437377731 
0.098946 1.01236536636 0.14413250990 
0.099504 1.25608518283 0.14720564109 
0.100061 1.08997580541 0.14914473378 
0.100618 1.04419410024 0.14374880995 
0.101176 1.10407935855 0.15347717414 
0.101733 1.33166476832 0.14561971487 
0.102291 1.01521002522 0.14218937874 
0.102848 0.90495136142 0.14540825333 
0.103406 0.94177654013 0.14252427496 
0.103963 1.02632980451 0.15224928569 
0.104520 0.83285418647 0.14101976959 
0.105078 0.87634775910 0.14701186112 
0.105635 0.95023939659 0.13975803490 
0.106193 0.70267307488 0.14451459872 
0.106750 0.84487388117 0.14337529948 
0.107308 0.85965772000 0.14542936697 
0.107865 0.72574823803 0.13935511354 
0.108422 0.92386458667 0.13801134736 
0.108980 0.88569612248 0.13640129830 
0.109537 0.99201309896 0.14254521105 
0.110095 0.93480023367 0.13755372601 
0.110652 0.80061552512 0.13911256674 
0.111210 0.64518354290 0.14050808730 
0.111767 0.80885566534 0.14001207898 
0.112324 0.73820496091 0.14103935090 
0.112882 0.82600951826 0.14021274434 
0.113439 0.65825889446 0.14096092714 
0.113997 0.63599223416 0.13320662901 
0.114554 0.84713382308 0.13393047755 
0.115111 0.66475653376 0.13711789408 
0.115669 0.84047312660 0.13707132718 
0.116226 0.89835199902 0.13423436690 
0.116784 0.78051276197 0.13460188056 
0.117341 0.74182372395 0.13779278704 
0.117899 0.64256007970 0.13387586797 
0.118456 0.73069639593 0.13393127131 
0.119013 0.64873211686 0.13330117936 
0.119571 0.66108470220 0.12991080844 
0.120128 0.72737429779 0.13298865925 
0.120686 0.53604541769 0.13242022602 
0.121243 0.69612625764 0.13249083085 
0.121800 0.62286672067 0.13085902810 
0.122358 0.60732158799 0.12678913659 
0.122915 0.55443436340 0.13182717318 
0.123473 0.75753666404 0.12583415145 
0.124030 0.46255485432 0.12761170586 
0.124588 0.58972722710 0.13120859877 
0.125145 0.54805383901 0.12712811647 
0.125702 0.53139131245 0.13279491900 
0.126260 0.64999884000 0.12569823517 
0.126817 0.66005897753 0.13015457795 
0.127375 0.59808547485 0.12905170338 
0.127932 0.64721677494 0.12559233856 
0.128489 0.57428417784 0.12566227679 
0.129047 0.31497561612 0.12707227633 
0.129604 0.47736632435 0.12564346506 
0.130162 0.56806321725 0.12125346800 
0.130719 0.54978209366 0.12505811285 
0.131277 0.52788636312 0.12666152097 
0.131834 0.57989968280 0.12326130099 
0.132391 0.67290783916 0.12522148491 
0.132949 0.56227249021 0.12830529153 
0.133506 0.51577746895 0.13128214223 
0.134064 0.31201371826 0.13529466019 
0.134621 0.28164271872 0.13456468099 
0.135178 0.39468790327 0.13941877569 
0.135736 0.42218896845 0.13883564906 
0.136293 0.51663536644 0.14006617641 
0.136851 0.43609725621 0.13921713838 
0.137408 0.55851031141 0.14254575249 
0.137965 0.35118240030 0.13762330451 
0.138523 0.37770924101 0.13588597155 
0.139080 0.49332459763 0.13484236469 
0.139638 0.41838602946 0.13717511334 
0.140195 0.23301026081 0.13502937241 
0.140752 0.40182519348 0.13573164362 
0.141310 0.42153196129 0.14225632977 
0.141867 0.22975060828 0.14343642744 
0.142425 0.42243777320 0.13663071179 
0.142982 0.43407544166 0.13411223420 
0.143540 0.32512820981 0.14279982143 
0.144097 0.41136542740 0.13214635955 
0.144654 0.21987696935 0.13855450996 
0.145212 0.17855548343 0.13180496350 
0.145769 0.29500818320 0.13253172335 
0.146327 0.36575179585 0.13042464503 
0.146884 0.15178459464 0.12940447023 
0.147441 0.31711167292 0.12724749700 
0.147999 0.15536983889 0.12411574628 
0.148556 0.35979178228 0.12045222144 
0.149114 0.25327134853 0.12700403575 
0.149671 0.34053479232 0.12326366639 
0.150228 0.25574829427 0.12471363985 
0.150786 0.23438491137 0.12120400539 
0.151343 0.43726115213 0.12593479924 
0.151901 0.08696574443 0.12263852594 
0.152458 0.16004165433 0.12663740539 
0.153015 0.13544043741 0.12098717956 
0.153573 0.20533498114 0.11848444291 
0.154130 0.17234671076 0.11939674433 
0.154688 0.11878629237 0.11965709112 
0.155245 0.13282860233 0.11996574613 
0.155802 0.14429910667 0.12021034508 
0.156360 0.32352544746 0.11865746975 
0.156917 0.07278939873 0.12083438794 
0.157475 0.22747529172 0.11956391456 
0.158032 0.01990434786 0.12117889074 
0.158589 0.14515283558 0.11782182848 
0.159147 0.12894631043 0.11685928906 
0.159704 0.05586028923 0.11574448131 
0.160261 0.17148731664 0.11882301137 
0.160819 0.11433981874 0.11802177947 
0.161376 0.05139922195 0.11647357623 
0.161934 0.15021769409 0.11631960456 
0.162491 0.18838241814 0.11604540960 
0.163048 0.16734286708 0.11446113870 
0.163606 0.10979288991 0.11556249430 
0.164163 0.12429193758 0.11627451837 
0.164721 0.11498197379 0.11564795981 
0.165278 0.10293233472 0.11357602419 
0.165835 0.16140811193 0.11597448100 
0.166393 0.15262144578 0.11228689657 
0.166950 0.13786798146 0.11202152490 
0.167508 0.18182927978 0.11388654852 
0.168065 0.05120503989 0.11365413907 
0.168622 0.14846743066 0.11392224344 
0.169180 0.10157512964 0.11240229204 
0.169737 0.15168240829 0.11373560553 
0.170294 0.12369752803 0.11140572258 
0.170852 -0.03126418844 0.11195696126 
0.171409 0.05553309456 0.11235528130 
0.171967 0.07794477247 0.11091273223 
0.172524 0.04534707896 0.11012299854 
0.173081 0.15960435678 0.11020050497 
0.173639 0.00471921306 0.10955866541 
0.174196 0.13125953817 0.10954552203 
0.174754 0.00359641601 0.10899467199 
0.175311 0.19276717480 0.10902214522 
0.175868 0.02890094915 0.10923034204 
0.176426 0.06970243510 0.10713922981 
0.176983 0.05893415161 0.11021257433 
0.177540 0.05988553256 0.10834757158 
0.178098 0.24136752872 0.10970573391 
0.178655 0.11593415730 0.10808790583 
0.179213 0.12809973111 0.10754297661 
0.179770 0.06378856377 0.10538988090 
0.180327 -0.00458216915 0.10745678028 
0.180885 -0.04786660459 0.10969419706 
0.181442 0.01499415080 0.10652634812 
0.181999 0.06286731948 0.10507221398 
0.182557 -0.00947051233 0.10836991653 
0.183114 -0.18184074904 0.10570967902 
0.183672 0.05781780842 0.10958804086 
0.184229 0.07081028377 0.10367645849 
0.184786 0.26202094082 0.10489140145 
0.185344 0.07027235008 0.10596920244 
0.185901 0.14413026887 0.10479997518 
0.186458 -0.03044740934 0.10407729325 
0.187016 0.12492129389 0.10911465985 
0.187573 0.06408166196 0.10618069113 
0.188131 0.01018836017 0.10706115017 
0.188688 0.11929228547 0.10636579025 
0.189245 -0.02080504218 0.10550560974 
0.189803 -0.07435580421 0.10571299136 
0.190360 0.09591268373 0.10315663886 
0.190917 -0.05687695491 0.10438679728 
0.191475 0.00920280029 0.10613121672 
0.192032 -0.04586576850 0.10590862354 
0.192590 0.03052160530 0.10398029236 
0.193147 0.06839828434 0.10583142550 
0.193704 0.06034126920 0.10360636159 
0.194262 0.08389300527 0.10224417778 
0.194819 0.11363719083 0.10354911773 
0.195376 0.10404967497 0.10439031899 
0.195934 0.23561129603 0.10406015317 
0.196491 -0.00170565978 0.10379337705 
0.197048 -0.00034824276 0.10490525652 
0.197606 0.07256837196 0.10445232803 
0.198163 0.16123020295 0.10153541302 
0.198721 0.12326089530 0.10416566769 
0.199278 0.10838854400 0.10238650780 
0.199835 -0.04103121538 0.10128489779 
0.200393 0.06208949822 0.10312459416 
0.200950 -0.02169327815 0.10209663572 
0.201507 0.16061793237 0.09947202710 
0.202065 0.10477659530 0.10168133106 
0.202622 0.13364732521 0.10015565516 
0.203179 0.08301270860 0.10157056298 
0.203737 0.07707530880 0.10261541866 
0.204294 -0.05524503982 0.10027821964 
0.204851 0.05425582202 0.10127729234 
0.205409 0.05641074887 0.09943362872 
0.205966 0.34422091430 0.09887577712 
0.206524 0.07879149278 0.10030413465 
0.207081 0.08279098097 0.09957142033 
0.207638 0.09360096499 0.09867028831 
0.208196 0.06870076600 0.09855725022 
0.208753 0.18340330143 0.09656045046 
0.209310 0.22577380945 0.09713500082 
0.209868 0.04312414417 0.09845344755 
0.210425 0.11442106045 0.09718543770 
0.210982 0.01887224911 0.09641124020 
0.211540 0.03880962007 0.09712959338 
0.212097 0.15397227733 0.09667687265 
0.212654 0.02753606290 0.09762545009 
0.213212 0.02451337774 0.10033031017 
0.213769 0.15935507509 0.09396082791 
0.214326 0.10271844417 0.09593673781 
0.214884 0.04836448364 0.09685312085 
0.215441 0.06030647064 0.09724637174 
0.215999 0.07560466447 0.09660923459 
0.216556 0.15092146165 0.09568671694 
0.217113 0.15899580106 0.09834789485 
0.217671 0.15656157351 0.09729926958 
0.218228 -0.01201222284 0.09562406202 
0.218785 -0.01200182743 0.09789492398 
0.219343 0.20751056064 0.09695069133 
0.219900 0.03718747337 0.09713238932 
0.220457 0.21977451245 0.09693644956 
0.221015 0.09715893205 0.09541336330 
0.221572 0.07012547472 0.09588975500 
0.222129 0.18064656015 0.09717375173 
0.222687 0.12636781520 0.09627345515 
0.223244 0.12132342095 0.09266985607 
0.223801 0.05916771506 0.09451728923 
0.224359 0.16905495280 0.09350485166 
0.224916 0.06896615636 0.09519967731 
0.225473 0.12054803261 0.09374008523 
0.226031 0.11625626500 0.09415646979 
0.226588 -0.10092817738 0.09706069768 
0.227145 -0.05288952385 0.09682867363 
0.227703 0.17304777620 0.09344346987 
0.228260 0.10916954601 0.09509968298 
0.228817 0.07036887471 0.09176012451 
0.229375 0.26817466341 0.09147701486 
0.229932 0.09460593162 0.09106559003 
0.230489 0.13293160629 0.09343595985 
0.231047 0.16568750523 0.09177344547 
0.231604 0.13654661259 0.09140906465 
0.232161 0.17018489766 0.09228308131 
0.232719 0.05534854693 0.09117438269 
0.233276 0.05986595577 0.09128813187 
0.233833 0.11040909233 0.09214732193 
0.234391 0.06739044018 0.09020740566 
0.234948 0.13335456771 0.09216570072 
0.235505 0.14775541601 0.09155145580 
0.236063 0.15059709198 0.09069736717 
0.236620 -0.13193175896 0.09095224499 
0.237177 0.12730829877 0.09119451307 
0.237735 0.08151666960 0.09269693498 
0.238292 0.13327945838 0.09115328373 
0.238849 0.13542045352 0.09145450531 
0.239407 0.09689011916 0.09148035654 
0.239964 0.07337554285 0.09244161663 
0.240521 0.09156240765 0.09045814991 
0.241079 0.07133357843 0.09133179666 
0.241636 -0.02890941098 0.09081917000 
0.242193 0.14735576709 0.09072912434 
0.242750 0.00734165779 0.08890134506 
0.243308 0.07508494396 0.08910565713 
0.243865 0.13595659680 0.08956915055 
0.244422 -0.00184179174 0.08939440783 
0.244980 0.08898103313 0.08999152137 
0.245537 0.03115018516 0.09057536038 
0.246094 0.04398374903 0.08993545925 
0.246652 0.08419045326 0.08774706359 
0.247209 0.20123979597 0.08933890103 
0.247766 0.10574798517 0.09064351350 
0.248324 0.04657627983 0.09098422139 
0.248881 0.13275542141 0.08724464346 
0.249438 0.13975688490 0.08733976404 
0.249996 0.06625035166 0.08790249453 
0.250553 0.13300077253 0.08965098154 
0.251110 0.10993773973 0.08686288430 
0.251667 0.02004959329 0.08714436573 
0.252225 -0.02050412617 0.08804105441 
0.252782 0.02332569753 0.08778732964 
0.253339 0.19332332686 0.08924129072 
0.253897 0.11179596310 0.09089105771 
0.254454 0.00374983568 0.08654640448 
0.255011 0.12120823947 0.08608147833 
0.255569 0.09052820066 0.08777693930 
0.256126 0.07755109674 0.08673993829 
0.256683 0.07160343474 0.08604762416 
0.257241 0.07102973098 0.08718177696 
0.257798 0.03243756525 0.08574257600 
0.258355 0.01976140783 0.08578528544 
0.258912 0.14814466933 0.08737722268 
0.259470 0.08917837041 0.08727114786 
0.260027 -0.02380019709 0.08531925528 
0.260584 0.05131499552 0.08626924670 
0.261142 0.05903858588 0.08644508386 
0.261699 0.11189674836 0.08640768508 
0.262256 0.02631421247 0.08529800142 
0.262814 0.08509989070 0.08721458148 
0.263371 0.14323148237 0.08635913438 
0.263928 0.02295855671 0.08621467707 
0.264485 0.23396246371 0.08550818726 
0.265043 0.06075527118 0.08530344430 
0.265600 0.17537055183 0.08591592332 
0.266157 0.12342024016 0.08560669953 
0.266715 0.05727260550 0.08484050763 
0.267272 0.09901935428 0.08497341247 
0.267829 0.03738228516 0.08523304219 
0.268386 0.07837520913 0.08436649314 
0.268944 0.00852446715 0.08499144522 
0.269501 0.06358778136 0.08341546723 
0.270058 0.05692895316 0.08600771821 
0.270616 0.06702153727 0.08643385720 
0.271173 0.01268543966 0.08532949255 
0.271730 0.06734877641 0.08669498091 
0.272287 0.09078539964 0.08873951141 
0.272845 -0.01389671893 0.08714044281 
0.273402 0.13175214997 0.08747559788 
0.273959 0.07601108427 0.08679982086 
0.274517 0.17188811192 0.08885719347 
0.275074 0.04733667699 0.08844692007 
0.275631 0.13934029982 0.09036592049 
0.276188 -0.05431907409 0.08952471985 
0.276746 0.11990611324 0.09183051820 
0.277303 0.03257672279 0.08968051104 
0.277860 0.03530018327 0.09023325003 
0.278418 0.02060872058 0.09296152403 
0.278975 -0.08766745973 0.09231617499 
0.279532 0.11575999619 0.09148122811 
0.280089 0.07994357513 0.09271618567 
0.280647 -0.04265192753 0.09151191443 
0.281204 -0.01528720431 0.09117129494 
0.281761 -0.13395832275 0.09059450480 
0.282318 -0.02477334571 0.09001781368 
0.282876 0.14322872133 0.08721163328 
0.283433 0.00422687418 0.08685741630 
0.283990 0.12218724802 0.08460447787 
0.284548 -0.00219007486 0.08711555301 
0.285105 0.02102105884 0.08691806525 
0.285662 0.03778623502 0.08587096591 
0.286219 -0.01412569877 0.08382072492 
0.286777 -0.00346905020 0.08603616561 
0.287334 0.03670215748 0.08562477510 
0.287891 0.08817420921 0.08725946541 
0.288448 0.13286258765 0.08514321654 
0.289006 -0.00616140399 0.08545817476 
0.289563 0.06193310021 0.08457065923 
0.290120 0.02673686487 0.08598013488 
0.290677 0.08535640238 0.08448789144 
0.291235 0.02897355478 0.08443146963 
0.291792 0.11099859636 0.08401294163 
0.292349 0.03244649905 0.08365612049 
0.292906 0.04650634982 0.08448371395 
0.293464 0.03692500346 0.08602939270 
0.294021 0.05195964445 0.08480665245 
0.294578 0.07818042943 0.08536757038 
0.295136 -0.01366008886 0.08555355163 
0.295693 0.13924721833 0.08664438429 
0.296250 0.04775070572 0.08542148750 
0.296807 0.09859541562 0.08517988853 
0.297365 0.03244092962 0.08779188802 
0.297922 0.12946429092 0.08712144880 
0.298479 0.00083771985 0.08563918491 
0.299036 0.17271164862 0.08563040559 
0.299594 0.18950429370 0.08497019099 
0.300151 -0.00222281483 0.08608071106 
0.300708 0.08603550711 0.08502030120 
0.301265 0.03094427549 0.08655948883 
0.301823 0.02094036772 0.08675772106 
0.302380 -0.00383715651 0.08571527142 
0.302937 -0.00955240219 0.08632877919 
0.303494 0.13128838824 0.08710416495 
0.304052 0.04489641811 0.08465779909 
0.304609 -0.12704167748 0.08512164343 
0.305166 0.05055596835 0.08599768936 
0.305723 0.11653511608 0.08651898141 
0.306280 0.03709756950 0.08586403094 
0.306838 0.00932430818 0.08673519636 
0.307395 0.05455780570 0.08595055918 
0.307952 0.10276893908 0.08672980390 
0.308509 0.01906945751 0.08647279139 
0.309067 0.00064223973 0.08529538164 
0.309624 0.07896694436 0.08546565682 
0.310181 0.03861954450 0.08515156165 
0.310738 0.09942278066 0.08663063994 
0.311296 -0.00561951293 0.08489215777 
0.311853 0.01455747206 0.08681671701 
0.312410 0.04553986386 0.08685407050 
0.312967 0.13432374016 0.08786012920 
0.313525 -0.03364892153 0.08656434077 
0.314082 0.04010003928 0.08576281351 
0.314639 0.04278263121 0.08576621983 
0.315196 -0.06024209972 0.08698591098 
0.315753 0.12307323656 0.08660073706 
0.316311 0.06668764174 0.08669961583 
0.316868 0.05940343275 0.08777659178 
0.317425 0.01540265226 0.08676930628 
0.317982 0.00123183693 0.08773898554 
0.318540 0.22178805183 0.08507875034 
0.319097 -0.07762070859 0.08613377577 
0.319654 0.15003208841 0.08866771170 
0.320211 0.05432484931 0.08644701938 
0.320768 0.04072050487 0.08671624307 
0.321326 0.02689684740 0.08615383335 
0.321883 0.11529961451 0.08581963028 
0.322440 0.14619088226 0.08853016278 
0.322997 0.02462921482 0.08718282711 
0.323555 0.00571948722 0.08710132693 
0.324112 0.08770305642 0.08864041249 
0.324669 0.07016667338 0.08642142302 
0.325226 0.12014861880 0.08562463943 
0.325783 0.11790098925 0.08693897127 
0.326341 0.03935603510 0.08829526952 
0.326898 0.05056050134 0.08538194558 
0.327455 0.09667895999 0.08760077485 
0.328012 -0.00235395576 0.08698850562 
0.328569 0.09363798184 0.08813610747 
0.329127 0.16503826249 0.08783788703 
0.329684 0.12248886813 0.08846690179 
0.330241 0.14632500557 0.08868140071 
0.330798 0.00072097542 0.08676611307 
0.331355 0.08377039272 0.09135061810 
0.331913 0.08616772950 0.08925036125 
0.332470 0.04997191473 0.08855941688 
0.333027 0.03986254378 0.08936095643 
0.333584 0.13523029643 0.08935292094 
0.334141 0.14941978465 0.08979705969 
0.334699 0.10640659974 0.08817593225 
0.335256 0.05056814816 0.08680316027 
0.335813 0.11276281767 0.08850255225 
0.336370 0.07813615853 0.08953243635 
0.336927 0.09242910309 0.09010495494 
0.337485 0.11449702973 0.09090506703 
0.338042 0.03599521924 0.09199708116 
0.338599 0.14143221493 0.09100348679 
0.339156 0.03414727877 0.09267641726 
0.339713 0.09400148797 0.09256876902 
0.340271 0.13932205794 0.09223843754 
0.340828 0.14677989591 0.09359810328 
0.341385 0.05677382386 0.09227715322 
0.341942 0.12705109984 0.09274653710 
0.342499 0.01187579218 0.09379996765 
0.343057 0.05301535755 0.09412703517 
0.343614 0.09252681083 0.09327636182 
0.344171 0.08296195594 0.09546116276 
0.344728 -0.02969357963 0.09354445360 
0.345285 0.02111032485 0.09380082518 
0.345842 0.16887140808 0.09595557720 
0.346400 0.06533617410 0.09545415688 
0.346957 0.05569064375 0.09574974880 
0.347514 0.01079457900 0.09805818860 
0.348071 0.09303562441 0.09757447029 
0.348628 0.12715401271 0.09774444316 
0.349186 0.09964421945 0.09744947100 
0.349743 0.06419719206 0.09509317461 
0.350300 0.01676304425 0.09627214219 
0.350857 0.12942049238 0.09528751216 
0.351414 0.10656858466 0.09719035691 
0.351971 -0.01134182843 0.09917656085 
0.352529 0.11771946534 0.10130871009 
0.353086 -0.02068015171 0.09906055898 
0.353643 0.06753858258 0.10191280236 
0.354200 0.22327161285 0.10273038465 
0.354757 -0.02815475899 0.10223598591 
0.355314 0.06428643007 0.10197174970 
0.355872 0.12710253540 0.10269873698 
0.356429 0.19256125484 0.10125141605 
0.356986 0.12745939276 0.10163589891 
0.357543 0.02526089555 0.10422609577 
0.358100 0.05384214096 0.10423230117 
0.358657 0.16237804107 0.10297520840 
0.359215 -0.02818499383 0.10354561799 
0.359772 -0.03190924912 0.10536736396 
0.360329 0.04943465144 0.10399626419 
0.360886 -0.04397424933 0.10438249489 
0.361443 0.05371701319 0.10592333789 
0.362000 0.01078511297 0.10427882868 
0.362558 -0.03289029806 0.10342690984 
0.363115 0.05142435371 0.10422372204 
0.363672 -0.10485868958 0.10482486611 
0.364229 -0.05631128477 0.10084455442 
0.364786 0.04062544341 0.10062977586 
0.365343 0.18386361702 0.10050883633 
0.365900 0.07314824004 0.09991369533 
0.366458 0.06873530571 0.10149216848 
0.367015 0.02676851299 0.10315978559 
0.367572 0.00121909731 0.10304563190 
0.368129 -0.00845059303 0.10248109038 
0.368686 0.08958018683 0.09913692706 
0.369243 0.10030352333 0.10323962840 
0.369801 0.09644383440 0.09869080796 
0.370358 0.08660995625 0.10079492925 
0.370915 -0.00747449103 0.10001464887 
0.371472 0.00712736004 0.10091250082 
0.372029 -0.03675675722 0.10030705771 
0.372586 -0.04737692849 0.09629635214 
0.373143 0.05785668078 0.09732602926 
0.373700 -0.03107578719 0.09813947189 
0.374258 0.12928993926 0.09789366159 
0.374815 0.12059011011 0.09728646996 
0.375372 0.10695442916 0.09740204970 
0.375929 -0.05319409965 0.09831485408 
0.376486 0.06980010961 0.09445439179 
0.377043 0.19627531142 0.09813628093 
0.377600 0.05485864576 0.09495754023 
0.378158 0.09768777330 0.09723615781 
0.378715 0.11584373498 0.09568020247 
0.379272 0.17139680949 0.09441041658 
0.379829 -0.00093035022 0.09330905267 
0.380386 0.10799449494 0.09467167646 
0.380943 0.07387196676 0.09341334044 
0.381500 -0.04918451231 0.09572434016 
0.382057 -0.02134768562 0.09322830692 
0.382615 -0.07133110132 0.09537005373 
0.383172 0.00210909754 0.09163878957 
0.383729 0.07606739449 0.09330903040 
0.384286 0.06447214385 0.09205750039 
0.384843 0.11962642707 0.09199489967 
0.385400 0.09385720505 0.09031714950 
0.385957 0.09382692368 0.09137742177 
0.386514 0.06469987205 0.09125508126 
0.387072 0.14072502554 0.09244072833 
0.387629 0.01314338033 0.09154676273 
0.388186 0.11852398012 0.09060519180 
0.388743 0.17691825298 0.08949140780 
0.389300 0.01314076861 0.08972246913 
0.389857 0.06406132873 0.09239968724 
0.390414 0.05783403868 0.09044078421 
0.390971 0.04694249539 0.09144945645 
0.391528 0.01138080385 0.09072459461 
0.392086 0.00579751064 0.09245266636 
0.392643 0.10531089906 0.09010263284 
0.393200 0.05298274879 0.09015999107 
0.393757 -0.03416523512 0.08981077724 
0.394314 -0.04354673338 0.08871405622 
0.394871 0.05902985184 0.09107256138 
0.395428 0.11561181332 0.08941633964 
0.395985 -0.03581822417 0.08899502951 
0.396542 0.00122050764 0.09034425360 
0.397099 0.01260006941 0.08803781069 
0.397657 -0.05047869306 0.08906139768 
0.398214 0.04899536224 0.09038428429 
0.398771 0.10630602869 0.08840258793 
0.399328 0.01079674580 0.08923766237 
0.399885 0.11707735132 0.08856326422 
0.400442 -0.02578172998 0.08698086747 
0.400999 -0.00528197089 0.08770317275 
0.401556 0.04289273070 0.08989940336 
0.402113 0.11060833953 0.09221961726 
0.402670 0.04977637615 0.09358585423 
0.403227 0.06550475263 0.09584975916 
0.403785 0.04112079940 0.09739556966 
0.404342 0.08014923003 0.09714055613 
0.404899 0.04673968171 0.09839171217 
0.405456 0.09013311024 0.09878598883 
0.406013 0.12085639662 0.09987748500 
0.406570 0.12622977767 0.09924996833 
0.407127 0.10736128656 0.09896278653 
0.407684 -0.01490396660 0.09878833789 
0.408241 0.01111943592 0.10391248105 
0.408798 0.04291631660 0.10568051976 
0.409355 0.08291627348 0.10553181489 
0.409912 0.07603200097 0.10802190631 
0.410469 0.29089614503 0.11078353034 
0.411027 0.08721763558 0.10699791705 
0.411584 -0.05009543164 0.10943607660 
0.412141 0.08696803861 0.11105619581 
0.412698 0.01894828864 0.11513333773 
0.413255 0.21158850167 0.11172863048 
0.413812 0.06625289713 0.11211693537 
0.414369 0.13280119417 0.11252568279 
0.414926 -0.08209960827 0.11142085623 
0.415483 -0.12045742090 0.11255928561 
0.416040 -0.02079442504 0.11600829471 
0.416597 0.03632101394 0.11727631807 
0.417154 0.05178659280 0.11706360892 
0.417711 0.11523743112 0.11525401570 
0.418268 -0.05818552764 0.11884650252 
0.418825 0.12889481563 0.11441665919 
0.419382 0.03172150301 0.11535956526 
0.419940 0.08677960189 0.11355274133 
0.420497 0.15573147828 0.11911434535 
0.421054 0.01495780219 0.11846017722 
0.421611 -0.02803551739 0.11529207123 
0.422168 0.06670651356 0.11229857350 
0.422725 -0.01754330601 0.11603519104 
0.423282 0.02879507072 0.11774372816 
0.423839 -0.10756388896 0.11202619747 
0.424396 -0.02984433252 0.11672662391 
0.424953 0.17820429875 0.11604762323 
0.425510 0.06981089955 0.11136542664 
0.426067 0.10697661671 0.11473272768 
0.426624 0.13472074042 0.11428220881 
0.427181 0.02122768593 0.11129485805 
0.427738 0.04743010936 0.11681782921 
0.428295 0.09453841942 0.11709072199 
0.428852 0.11711766617 0.11766661627 
0.429409 0.00275948942 0.11318701264 
0.429966 -0.00050943964 0.11960426375 
0.430523 -0.00576949035 0.11628498652 
0.431080 0.04664093798 0.11561849958 
0.431637 0.03273674958 0.11869440809 
0.432194 0.04713333732 0.11641695679 
0.432752 0.09462373081 0.11879591917 
0.433309 -0.02607488711 0.11971768735 
0.433866 -0.15249899588 0.11997752272 
0.434423 0.06170860739 0.11661771146 
0.434980 0.12617107185 0.12183542333 
0.435537 -0.01378512868 0.11903388959 
0.436094 0.08424527629 0.11846348914 
0.436651 0.20644549430 0.11678976421 
0.437208 0.04634479823 0.12208267337 
0.437765 -0.00549173927 0.12080928077 
0.438322 0.10206194391 0.11842647537 
0.438879 0.18066777651 0.11834013733 
0.439436 -0.01114660054 0.12057134305 
0.439993 0.10553667566 0.12502214816 
0.440550 0.11628984358 0.12079442516 
0.441107 0.11643852482 0.12249820705 
0.441664 0.06912538571 0.12233720154 
0.442221 -0.00905785626 0.12418551035 
0.442778 0.08374983126 0.12068360122 
0.443335 -0.07767990039 0.12537656995 
0.443892 0.19014440229 0.12387657872 
0.444449 -0.07178402123 0.12436909092 
0.445006 -0.04688558306 0.12152403042 
0.445563 0.10875824991 0.12465168077 
0.446120 0.06456443704 0.12692694406 
0.446677 0.01620185440 0.12399447984 
0.447234 -0.11976545247 0.12354228045 
0.447791 0.05944116984 0.12366424444 
0.448348 0.02603443536 0.12703023449 
0.448905 0.18958798267 0.12523962307 
0.449462 0.02836168397 0.12166187029 
0.450019 -0.06139332350 0.12074974472 
0.450576 0.08999398897 0.12291296841 
0.451133 0.29937257800 0.12510776758 
0.451690 -0.00746318921 0.12314510613 
0.452247 0.05072058539 0.12166143746 
0.452804 0.05664527895 0.12563421261 
0.453361 0.09437119129 0.12100807890 
0.453918 0.11985803376 0.11800826990 
0.454475 0.18159153354 0.12468318113 
0.455032 0.02728114902 0.12219893105 
0.455589 0.08973772543 0.12204810772 
0.456146 0.01768227845 0.12141092147 
0.456703 -0.00114389846 0.12443129215 
0.457260 0.14409363995 0.12314630774 
0.457817 -0.08010862532 0.12347103965 
0.458374 -0.01345069744 0.12227595770 
0.458931 0.17188182960 0.12294933902 
0.459488 0.23682817513 0.11908936091 
0.460045 -0.07480791912 0.12269388967 
0.460602 0.12251303135 0.12285969330 
0.461159 0.16317257257 0.12039032017 
0.461716 0.06202924006 0.12091626658 
0.462273 0.16964607714 0.12163323153 
0.462830 0.02484681373 0.12169178930 
0.463387 0.03967339582 0.12484302713 
0.463943 0.11166236651 0.12341826521 
0.464500 0.08652836017 0.12029906109 
0.465057 0.12448900737 0.12148144294 
0.465614 0.05597529625 0.12338159800 
0.466171 0.12976066990 0.12283826245 
0.466728 0.10941021371 0.11910477848 
0.467285 0.07031742021 0.12023902341 
0.467842 0.17268370981 0.12637407363 
0.468399 0.00698136110 0.12385518502 
0.468956 -0.14567154681 0.12417834253 
0.469513 0.13508732010 0.12160813332 
0.470070 0.08550333475 0.11964654708 
0.470627 0.19216443242 0.12064450975 
0.471184 0.10446344783 0.12248626386 
0.471741 0.09496381611 0.12013743968 
0.472298 0.04742220102 0.12686825198 
0.472855 0.08051164745 0.11884666754 
0.473412 0.04215447356 0.12406700583 
0.473969 0.16014867605 0.12517132025 
0.474526 0.17495248314 0.12301241270 
0.475083 -0.11450562634 0.11840180041 
0.475640 0.14528565808 0.12296034852 
0.476196 0.00041150664 0.12464526601 
0.476753 0.14686131146 0.12440868885 
0.477310 -0.00312966931 0.11861292338 
0.477867 0.11462227275 0.12233385295 
0.478424 0.11257092447 0.12468676624 
0.478981 0.08429333148 0.11992888982 
0.479538 -0.06289020469 0.11810489549 
0.480095 -0.04112500754 0.12027608619 
0.480652 0.19935121530 0.12430885245 
0.481209 0.03479300940 0.12107280732 
0.481766 0.05561771902 0.12202135399 
0.482323 0.07478110188 0.11681935092 
0.482880 -0.00654242984 0.11781058530 
0.483437 0.11967557270 0.12146864805 
0.483994 0.02653840750 0.12069631669 
0.484550 0.16641038527 0.12015848072 
0.485107 0.02582748365 0.12179932871 
0.485664 -0.04190663819 0.12421795929 
0.486221 -0.01178054226 0.12159769632 
0.486778 0.08208387322 0.12590719649 
0.487335 0.15455302678 0.11758991942 
0.487892 0.07060770129 0.11884781786 
0.488449 0.06388679965 0.12167029907 
0.489006 0.02026716607 0.12013568990 
0.489563 0.06674397310 0.12060575266 
0.490120 -0.01915831747 0.12082847943 
0.490677 0.02455587798 0.12103970160 
0.491233 0.03406312514 0.12263596901 
0.491790 -0.00989759573 0.12476582158 
0.492347 0.19798221010 0.12210713677 
0.492904 0.15020664419 0.12193997893 
0.493461 0.07958427963 0.12394882824 
0.494018 0.11043089445 0.12185139785 
0.494575 0.03943262226 0.12359894619 
0.495132 0.03539465647 0.11920785315 
0.495689 0.00786240721 0.12163514910 
0.496246 -0.06147832731 0.12509185448 
0.496802 0.23009130321 0.12373055167 
0.497359 0.19019566157 0.12131082058 
0.497916 0.12971714522 0.12053178715 
0.498473 0.20052277735 0.12487097104 
0.499030 0.00581151456 0.12400786622 
0.499587 0.28238294638 0.12359387628 
0.500144 0.03639965081 0.12288600437 
0.500701 0.14736976208 0.12522225579 
0.501258 0.17903898576 0.11754224882 
0.501815 0.04983294122 0.12063518430 
0.502371 0.17723463443 0.12174274804 
0.502928 0.09753264612 0.12066952471 
0.503485 -0.02997956675 0.12204632250 
0.504042 0.11229328268 0.12408874480 
0.504599 0.06773074522 0.12735046297 
0.505156 0.01617786867 0.11988939028 
0.505713 0.17246158988 0.12071298941 
0.506270 0.01165532659 0.12100379568 
0.506826 0.16805939484 0.12183483395 
0.507383 0.07253739264 0.11916170005 
0.507940 -0.02455036096 0.11868389906 
0.508497 0.25890849112 0.11991358526 
0.509054 0.15647392876 0.11878338081 
0.509611 -0.02268321676 0.12121625375 
0.510168 0.18522576018 0.12373232031 
0.510725 0.05059476376 0.12367454703 
0.511281 0.27136837432 0.12390204618 
0.511838 0.22183711455 0.12433331895 
0.512395 -0.03608026201 0.12987894680 
0.512952 0.17168639188 0.12336041804 
0.513509 0.01884458615 0.12560664373 
0.514066 0.11092280227 0.12446943087 
0.514623 0.07898298549 0.12471333072 
0.515179 0.06011047181 0.12815801496 
0.515736 -0.03239853240 0.12557072572 
0.516293 0.08996571011 0.12784671681 
0.516850 0.03773865930 0.12730356214 
0.517407 0.00960061237 0.12314189734 
0.517964 0.05490323113 0.13279682426 
0.518521 0.21633536696 0.12787373409 
0.519077 0.07747580355 0.13383323388 
0.519634 0.13051765508 0.12985105860 
0.520191 0.04356490571 0.12773673045 
0.520748 0.01094933997 0.13984918877 
0.521305 0.16650775995 0.13250861806 
0.521862 0.19130483224 0.13456166987 
0.522418 0.09153225164 0.13547169823 
0.522975 0.13648407850 0.14158620347 
0.523532 0.12266247242 0.13863266432 
0.524089 -0.02188895533 0.13798538704 
0.524646 0.01148496789 0.14145640928 
0.525203 0.09361033381 0.13673163112 
0.525759 0.03199182192 0.14018637836 
0.526316 -0.03758384289 0.14200731873 
0.526873 0.24796738054 0.13846319715 
0.527430 0.09551928456 0.13873875137 
0.527987 0.13489513592 0.14293271513 
0.528544 0.27689868953 0.14268862496 
0.529100 0.11649495827 0.14400789631 
0.529657 0.02880816066 0.14309905656 
0.530214 -0.15160284820 0.14133913659 
0.530771 -0.08203146612 0.14532579252 
0.531328 0.15682665559 0.14527298281 
0.531884 0.10665648358 0.14504023101 
0.532441 0.06204122406 0.14469913239 
0.532998 -0.00191690500 0.15464308826 
0.533555 0.13198436365 0.15233043325 
0.534112 0.05933614942 0.14797610956 
0.534669 0.17268068904 0.15825747515 
0.535225 0.13985947773 0.15856327638 
0.535782 0.12547871010 0.15684094119 
0.536339 0.06937460673 0.15416192017 
0.536896 0.23525387474 0.15894711751 
0.537453 0.11896905848 0.16109863440 
0.538009 0.12617050785 0.17041564426 
0.538566 0.08293632474 0.16789288795 
0.539123 0.05042499399 0.18053655150 
0.539680 0.29139489167 0.18702848954 
0.540237 0.26573856929 0.18660589778 
0.540793 -0.06942232785 0.20781226860 
0.541350 0.04230481889 0.19890777248 
0.541907 0.00118101285 0.23460032195 
0.542464 0.15003106604 0.26856458129 
0.543021 -0.29407795900 0.42189372219 
