0.011985 155.25123624440 0.00000000000 
0.012543 149.33289280378 8.48132309386 
0.013100 142.41537895278 10.39784948502 
0.013658 136.72653204791 8.32643081976 
0.014215 130.33986577810 7.15686718222 
0.014772 128.88655524746 5.85908211635 
0.015330 125.25421401046 4.58406517208 
0.015887 119.06227964026 4.12042318928 
0.016445 116.77859474234 3.37318008515 
0.017002 113.70750839886 3.49739288542 
0.017560 107.94111644403 2.99189181879 
0.018117 106.93597779147 2.40187346270 
0.018675 103.05689727444 2.06274077003 
0.019232 100.95652337937 2.18491163383 
0.019789 95.80388218884 1.88236659860 
0.020347 94.05455378178 1.60163871837 
0.020904 90.95267438183 1.50474741409 
0.021462 87.66425405364 1.44629239879 
0.022019 84.44805443567 1.32352266004 
0.022577 81.17027797947 1.16762011916 
0.023134 79.99077532041 1.01718342869 
0.023692 75.42585935272 1.12637331829 
0.024249 73.34779331725 0.95969024607 
0.024807 69.48546410320 1.00676712930 
0.025364 68.15532624553 0.86239865719 
0.025921 65.74079596973 0.78769792620 
0.026479 62.99668824538 0.77653713534 
0.027036 60.43912379584 0.70797204680 
0.027594 57.67851286602 0.70839150843 
0.028151 56.09964336352 0.69778645782 
0.028709 53.48960262901 0.62669377364 
0.029266 51.42933740461 0.61293474408 
0.029824 49.58649195629 0.60486009416 
0.030381 47.34551835418 0.57371504556 
0.030938 45.82092575064 0.52764905497 
0.031496 43.14253958290 0.49147913787 
0.032053 41.54834123496 0.54555184664 
0.032611 39.64582201513 0.46655968005 
0.033168 38.24055765575 0.46780301830 
0.033726 36.61702051966 0.49847928898 
0.034283 35.33914491403 0.46355458501 
0.034841 33.24655614290 0.43343531623 
0.035398 31.47645867165 0.41538931494 
0.035955 30.07378107495 0.41313912964 
0.036513 29.07312271772 0.42850988230 
0.037070 27.72717711347 0.37585000360 
0.037628 26.20756419566 0.39549092413 
0.038185 25.65867407954 0.37706509165 
0.038743 24.10544957915 0.36488271746 
0.039300 23.14856585477 0.37559492949 
0.039858 22.01111904248 0.35216420365 
0.040415 20.81208005379 0.32750062782 
0.040973 20.25383653575 0.34508358196 
0.041530 19.28838654861 0.32304420945 
0.042087 18.16690171388 0.32939593365 
0.042645 17.83771602465 0.32032955472 
0.043202 17.10419757969 0.31828579567 
0.043760 16.17229264042 0.29911010657 
0.044317 15.72069466676 0.29579977631 
0.044875 15.35839004356 0.30280361230 
0.045432 14.74771050993 0.29398483098 
0.045990 14.06897225151 0.27925187003 
0.046547 13.48697558588 0.29359198751 
0.047104 13.02186427872 0.27150353299 
0.047662 12.50459465694 0.27400284461 
0.048219 12.00133060474 0.25559773486 
0.048777 11.45163321941 0.26720085523 
0.049334 11.51801345566 0.25884027413 
0.049892 11.18078273783 0.26183780924 
0.050449 10.16627523135 0.24517110732 
0.051007 10.16726989736 0.24593671227 
0.051564 10.20423884158 0.24137465082 
0.052121 9.79946882787 0.23985525085 
0.052679 9.33104371596 0.23000103770 
0.053236 9.34705820710 0.21128556172 
0.053794 9.12907803813 0.22712817471 
0.054351 8.98900535372 0.22846412578 
0.054909 8.74903808689 0.22901129346 
0.055466 8.24807960335 0.22430462665 
0.056024 8.23240285222 0.22192655383 
0.056581 8.35233672117 0.23096893835 
0.057138 7.96615709757 0.20832189704 
0.057696 7.61237573602 0.22895362621 
0.058253 7.79400330795 0.21214640384 
0.058811 7.82846804384 0.21040546266 
0.059368 7.51524624382 0.20813226212 
0.059926 7.35836162995 0.21062653474 
0.060483 7.22001559819 0.20919488330 
0.061041 7.16251078254 0.19681214412 
0.061598 6.88682874610 0.20973085250 
0.062155 6.92540442687 0.20225263622 
0.062713 6.82718518539 0.20015339252 
0.063270 6.42328782110 0.19816143436 
0.063828 6.75457964154 0.20783812227 
0.064385 6.32059915366 0.18925230773 
0.064943 6.42348311280 0.20003062850 
0.065500 6.43892890366 0.19291032605 
0.066057 5.98600269242 0.18784462263 
0.066615 5.88845466675 0.19911010090 
0.067172 6.18582706929 0.18603582094 
0.067730 5.72948110888 0.18703366842 
0.068287 5.64372336244 0.17937114317 
0.068845 5.95097972538 0.18584109926 
0.069402 5.66915357771 0.17787751187 
0.069960 5.69217493341 0.18382821907 
0.070517 5.37565849810 0.17514081704 
0.071074 5.23485622846 0.17725207344 
0.071632 5.20029086970 0.17406489435 
0.072189 5.01204951837 0.17371831433 
0.072747 4.97973175872 0.17365203783 
0.073304 4.86446446492 0.17415591841 
0.073862 4.57544728152 0.17238882384 
0.074419 4.73463196373 0.17265035073 
0.074977 4.54792407649 0.16509587686 
0.075534 4.42365342048 0.17615532416 
0.076091 4.37178195826 0.16248807820 
0.076649 4.09214516263 0.16521972314 
0.077206 4.20149033852 0.17274643348 
0.077764 4.07424664054 0.16559533867 
0.078321 4.20114496580 0.16120364258 
0.078879 3.94577190407 0.15968319465 
0.079436 3.70336991030 0.16221131128 
0.079993 3.82939372487 0.15765547410 
0.080551 3.57860010878 0.15947189367 
0.081108 3.63003321314 0.15826944847 
0.081666 3.62188210966 0.14942290589 
0.082223 3.52033491186 0.16109765234 
0.082781 3.35553074618 0.15658238959 
0.083338 3.14588232072 0.15266955914 
0.083895 3.10879490603 0.15295024474 
0.084453 3.02813274544 0.14589129382 
0.085010 3.06815664221 0.15084793364 
0.085568 2.76806873296 0.15647660192 
0.086125 2.79695190143 0.14822685953 
0.086683 2.78454048305 0.14681309915 
0.087240 2.90692687154 0.14617593960 
0.087798 2.66693295146 0.14987454788 
0.088355 2.54578435680 0.14726148670 
0.088912 2.46221334635 0.14604743285 
0.089470 2.44377802765 0.13994732140 
0.090027 2.51322051932 0.14732881654 
0.090585 2.38208229553 0.14054960930 
0.091142 2.23524393470 0.13839372230 
0.091700 2.43817905459 0.14146261930 
0.092257 2.15551151181 0.13758460325 
0.092814 2.25187989902 0.13800958814 
0.093372 2.09952652320 0.13485271918 
0.093929 2.09074381644 0.13897464691 
0.094487 2.01038695576 0.13637702400 
0.095044 1.85433701267 0.13752319087 
0.095602 2.07923759437 0.13501192029 
0.096159 1.95557671891 0.13786234145 
0.096716 1.95613509982 0.13993798664 
0.097274 1.81321629968 0.13322814700 
0.097831 1.84142989077 0.13450376672 
0.098389 1.71039133125 0.12869546202 
0.098946 1.82829451868 0.13065753547 
0.099504 1.79868794896 0.13329378603 
0.100061 1.78283928921 0.12987864167 
0.100618 1.76522205791 0.13076867684 
0.101176 1.89789567452 0.13233464184 
0.101733 1.82064090198 0.12992035487 
0.102291 1.73573271303 0.12974576465 
0.102848 1.77938750015 0.12731763554 
0.103406 1.79290015357 0.12660318679 
0.103963 1.71019316300 0.13049506337 
0.104520 1.69063285618 0.12581001794 
0.105078 1.90004680997 0.12938599557 
0.105635 1.57634066868 0.12580058012 
0.106193 1.51780650273 0.12615958635 
0.106750 1.59028795138 0.12666879287 
0.107308 1.56320553583 0.12781613138 
0.107865 1.74801495418 0.12186905181 
0.108422 1.54168278453 0.12628035444 
0.108980 1.63289031795 0.11938872345 
0.109537 1.61328328163 0.12419265263 
0.110095 1.59879813553 0.12269122292 
0.110652 1.55593108298 0.12418502680 
0.111210 1.57826618848 0.11922529969 
0.111767 1.67482158063 0.12088867564 
0.112324 1.40414814214 0.12272493063 
0.112882 1.54762018092 0.11997219756 
0.113439 1.54430637818 0.11948550263 
0.113997 1.46357383097 0.12007305552 
0.114554 1.50002417885 0.11948259343 
0.115111 1.52535182415 0.11978817156 
0.115669 1.58155927443 0.11871391905 
0.116226 1.58732801680 0.12109003916 
0.116784 1.52936411261 0.11938973723 
0.117341 1.49326885824 0.12147046140 
0.117899 1.58462964379 0.11759826971 
0.118456 1.33313660502 0.11753009558 
0.119013 1.47121753751 0.11835377198 
0.119571 1.35127487745 0.11708099447 
0.120128 1.39285971782 0.11722061010 
0.120686 1.46655629459 0.11906170995 
0.121243 1.37709747027 0.11425532613 
0.121800 1.27519077864 0.11671299119 
0.122358 1.60034468302 0.11663499761 
0.122915 1.44244745524 0.11542809179 
0.123473 1.49875460320 0.11434872070 
0.124030 1.52593174782 0.11454039067 
0.124588 1.49083490113 0.11366926408 
0.125145 1.51791193065 0.11916601207 
0.125702 1.25564622225 0.11539677927 
0.126260 1.36641534457 0.11131304896 
0.126817 1.36005209379 0.11631081219 
0.127375 1.22079904531 0.11021156129 
0.127932 1.41279260403 0.11462820065 
0.128489 1.30438682601 0.11193096886 
0.129047 1.38261514537 0.11337767055 
0.129604 1.22489326170 0.11259942097 
0.130162 1.19099579416 0.11267341765 
0.130719 1.25814522910 0.11291901620 
0.131277 1.31961093878 0.10919059315 
0.131834 1.23160341497 0.10972301201 
0.132391 1.26452170071 0.11012424094 
0.132949 1.32367741036 0.11241095232 
0.133506 1.23470864204 0.11616553693 
0.134064 1.09954574760 0.11965288495 
0.134621 1.13637366197 0.12130097323 
0.135178 1.24384535600 0.11872470556 
0.135736 1.31043229042 0.12375262376 
0.136293 1.23341920735 0.12016076558 
0.136851 1.10695685138 0.11980878192 
0.137408 1.19676838470 0.12612227152 
0.137965 1.26729684468 0.12380780147 
0.138523 1.29561692141 0.12291508665 
0.139080 1.24424652499 0.12075457537 
0.139638 1.13790995754 0.12057997627 
0.140195 1.05210389305 0.11945744942 
0.140752 1.10079974166 0.12407101752 
0.141310 1.13417899320 0.12450398813 
0.141867 1.12922317365 0.12242953880 
0.142425 1.19817562436 0.11823943528 
0.142982 1.10196955109 0.12562131885 
0.143540 1.10905161591 0.12149555936 
0.144097 1.13953926940 0.12157654114 
0.144654 1.11862156448 0.11756922231 
0.145212 1.13905919493 0.12127330537 
0.145769 1.08850526469 0.11827416590 
0.146327 1.13692082071 0.11608115430 
0.146884 1.04672838241 0.11460184953 
0.147441 1.20368137516 0.11382687451 
0.147999 1.18115069189 0.11249283605 
0.148556 1.10235487938 0.10973204941 
0.149114 1.04725719161 0.11284561676 
0.149671 1.07007449994 0.10919920871 
0.150228 1.07060224102 0.11066653924 
0.150786 1.10640207240 0.10904859191 
0.151343 1.01002462204 0.11041827795 
0.151901 1.00206816826 0.10630565508 
0.152458 1.12788110777 0.10919783589 
0.153015 1.00361651708 0.10710285790 
0.153573 1.04556721548 0.10849844829 
0.154130 1.04923231224 0.10935263524 
0.154688 1.07753928371 0.10767235602 
0.155245 1.02661385296 0.10897630851 
0.155802 0.99660598860 0.10595822327 
0.156360 1.11346841767 0.10590480639 
0.156917 1.14093351547 0.10298893013 
0.157475 0.89804058281 0.10624682489 
0.158032 0.94557967388 0.10469910317 
0.158589 0.85888047795 0.10787638709 
0.159147 0.91609871924 0.10454869386 
0.159704 1.13574722858 0.10827425624 
0.160261 1.04423981337 0.10554434841 
0.160819 1.01440223004 0.10216338885 
0.161376 0.99406375059 0.10058280928 
0.161934 1.05131008568 0.10411690285 
0.162491 1.04768042052 0.10415934393 
0.163048 0.99335574668 0.10242448241 
0.163606 1.06557483317 0.10137002260 
0.164163 1.01228725869 0.10324029906 
0.164721 0.90558450130 0.09966396155 
0.165278 0.93527429039 0.10213366586 
0.165835 0.93408346098 0.10365564397 
0.166393 0.92016932804 0.09976708639 
0.166950 0.87412002576 0.10325026016 
0.167508 0.97793581634 0.10041198498 
0.168065 0.80330435983 0.10212483253 
0.168622 0.94460865429 0.10091578513 
0.169180 1.00327780679 0.10005742734 
0.169737 0.95649667948 0.10109974214 
0.170294 1.00755904900 0.09965219011 
0.170852 1.06405025343 0.10260691611 
0.171409 0.88264748281 0.09871475793 
0.171967 0.91384516025 0.09864843585 
0.172524 1.03980441379 0.09993727068 
0.173081 0.94807539439 0.09961957542 
0.173639 0.91997040031 0.09923488254 
0.174196 0.93140384016 0.09589186976 
0.174754 0.84087815335 0.09993181380 
0.175311 0.88940080851 0.09683159470 
0.175868 0.93476879755 0.09992542073 
0.176426 0.83300533609 0.09715759227 
0.176983 0.89712672022 0.09475092245 
0.177540 0.81123098327 0.09659204384 
0.178098 0.88049529520 0.09464774517 
0.178655 0.95243845400 0.09571716827 
0.179213 0.82343750680 0.09846303656 
0.179770 0.92144859522 0.09499265626 
0.180327 0.84884759559 0.09452893407 
0.180885 0.96929725925 0.09393301271 
0.181442 0.88153216470 0.09721065731 
0.181999 0.92450774481 0.09519842528 
0.182557 0.82980969200 0.09352840413 
0.183114 0.93326643000 0.09375417496 
0.183672 0.90148666230 0.09570712600 
0.184229 0.96582981867 0.09333129697 
0.184786 0.89224730692 0.09157597217 
0.185344 0.96277283148 0.09355932038 
0.185901 0.95992715574 0.09437788091 
0.186458 0.82713598752 0.09303378018 
0.187016 0.98018070503 0.09309984936 
0.187573 0.91868452423 0.09404614753 
0.188131 0.97025964096 0.09467423181 
0.188688 0.81835367097 0.09290920765 
0.189245 0.95595791341 0.09483560057 
0.189803 0.89976945454 0.09374129777 
0.190360 0.92409559179 0.09233635553 
0.190917 0.92806400151 0.09226261614 
0.191475 0.91801317619 0.09232489993 
0.192032 0.88832304424 0.09220806056 
0.192590 0.79570570229 0.09070581648 
0.193147 0.91824743398 0.09104103096 
0.193704 0.85061517478 0.09198070938 
0.194262 0.88403285458 0.09289882870 
0.194819 0.95228214301 0.08993381726 
0.195376 0.97139446324 0.09240917433 
0.195934 0.94627175480 0.09062483259 
0.196491 0.87270764639 0.09021452024 
0.197048 0.90044681875 0.09091555455 
0.197606 0.87300828720 0.09380008873 
0.198163 0.94395064630 0.09130170504 
0.198721 0.74248962121 0.09132722475 
0.199278 0.79121759467 0.09085559211 
0.199835 0.82388973092 0.09029744135 
0.200393 0.85869662565 0.09048543481 
0.200950 0.91918370484 0.09034893386 
0.201507 0.94040502471 0.09061780660 
0.202065 0.83097390254 0.09005763563 
0.202622 0.85883068683 0.09030561862 
0.203179 1.04289336237 0.08948656891 
0.203737 0.92093990022 0.09071746191 
0.204294 0.77952449265 0.08841095595 
0.204851 0.94810253808 0.08824912505 
0.205409 0.91345591430 0.08810707470 
0.205966 0.80729379760 0.08629136157 
0.206524 0.95239336121 0.08886958701 
0.207081 0.91119319329 0.08640686932 
0.207638 0.87454449757 0.08652274118 
0.208196 1.04790629037 0.08751598763 
0.208753 0.89356574835 0.08808855159 
0.209310 0.89050811034 0.08791339392 
0.209868 0.94900601401 0.08819365139 
0.210425 0.80963137276 0.08474748490 
0.210982 0.79724338960 0.08514753401 
0.211540 0.90662361114 0.08566694596 
0.212097 0.94292417120 0.08551313683 
0.212654 0.92870957165 0.08635953917 
0.213212 0.88728007613 0.08840181096 
0.213769 0.86685538161 0.08541848540 
0.214326 0.93671091680 0.08750726763 
0.214884 0.96674630155 0.08511001312 
0.215441 0.80050063381 0.08618362637 
0.215999 0.79022029355 0.08675860670 
0.216556 0.86329936113 0.08572698130 
0.217113 0.90302422243 0.08628154144 
0.217671 1.00019759278 0.08496888842 
0.218228 0.95984167731 0.08425780916 
0.218785 0.83828966469 0.08411787047 
0.219343 1.02046873282 0.08367453781 
0.219900 0.94584782222 0.08427818350 
0.220457 0.96654346439 0.08456696229 
0.221015 0.89240965743 0.08534426653 
0.221572 0.92597240004 0.08361577812 
0.222129 0.94126138602 0.08467023275 
0.222687 0.89610399760 0.08524926791 
0.223244 0.81864105570 0.08598324070 
0.223801 0.91563008301 0.08129746636 
0.224359 0.98694195683 0.08458503797 
0.224916 0.84735387344 0.08473219385 
0.225473 0.87731361743 0.08227475389 
0.226031 0.82920224783 0.08501328752 
0.226588 0.94682516676 0.08351671976 
0.227145 0.88740141934 0.08364212191 
0.227703 0.88764405651 0.08464404145 
0.228260 0.89506855604 0.08446149375 
0.228817 0.91763975430 0.08419530819 
0.229375 0.93095305371 0.08202312917 
0.229932 0.94303019702 0.08298752758 
0.230489 0.94575599230 0.08209050879 
0.231047 0.92067284085 0.08231440943 
0.231604 0.93087559587 0.08093832400 
0.232161 0.87278031428 0.08297167417 
0.232719 0.93190604880 0.07888251370 
0.233276 0.86419694442 0.08331286959 
0.233833 0.89965235148 0.08128669671 
0.234391 1.02909245185 0.08051590471 
0.234948 0.80331864861 0.08205832922 
0.235505 0.92421224805 0.08127306457 
0.236063 1.01432580475 0.08145980273 
0.236620 0.86892065172 0.08095519995 
0.237177 0.84887470525 0.08036339788 
0.237735 0.81168661056 0.08164038893 
0.238292 0.89628070597 0.08178171456 
0.238849 0.92973583972 0.08270942480 
0.239407 0.95323043742 0.07999133634 
0.239964 0.78743280609 0.07917943182 
0.240521 0.90585426434 0.07918347262 
0.241079 0.83365303737 0.08023624747 
0.241636 0.87854606107 0.08095691696 
0.242193 0.87032565057 0.07978910014 
0.242750 0.87417770391 0.08084571464 
0.243308 0.91577769210 0.07899517933 
0.243865 0.93294417058 0.08224395806 
0.244422 0.96004506994 0.08066964490 
0.244980 0.90965032638 0.08032257197 
0.245537 0.86850010766 0.07892259425 
0.246094 0.92272664910 0.08162981175 
0.246652 0.93704547279 0.07939847337 
0.247209 1.00413984911 0.07929626225 
0.247766 0.86514151065 0.07929928472 
0.248324 0.85900424559 0.07990642059 
0.248881 0.88635491525 0.07833691709 
0.249438 0.87360985847 0.07880523872 
0.249996 0.83003204018 0.07989548165 
0.250553 0.87436420032 0.07904534296 
0.251110 0.88721960206 0.07746273116 
0.251667 0.85763877487 0.07825999752 
0.252225 0.91285058601 0.07730279863 
0.252782 0.95317605583 0.07857694244 
0.253339 0.92055333483 0.07957915961 
0.253897 0.88872238116 0.07845432315 
0.254454 0.87699770139 0.07819088677 
0.255011 0.85977985951 0.07746994292 
0.255569 0.96372310450 0.07806056739 
0.256126 0.73123440738 0.07641241362 
0.256683 0.85692041805 0.07741579920 
0.257241 0.81779142773 0.07494060816 
0.257798 0.89941000338 0.07700133374 
0.258355 0.84133847715 0.07518401309 
0.258912 0.94091661024 0.07721542535 
0.259470 0.88107269171 0.07741569966 
0.260027 0.88319178868 0.07807991993 
0.260584 0.85424623889 0.07729718551 
0.261142 0.88419493269 0.07611515083 
0.261699 0.92263745433 0.07722866385 
0.262256 0.85059590191 0.07616948334 
0.262814 0.83075284453 0.07795161434 
0.263371 0.97411983233 0.07481743740 
0.263928 0.88115536455 0.07530422602 
0.264485 0.86912632232 0.07485307843 
0.265043 0.81696864674 0.07597074191 
0.265600 0.79483789284 0.07611524085 
0.266157 0.91660499776 0.07579479485 
0.266715 0.86889009460 0.07674126731 
0.267272 0.77489446804 0.07613038877 
0.267829 0.81589338175 0.07618286546 
0.268386 0.90487854045 0.07489624866 
0.268944 0.82543603340 0.07742532614 
0.269501 0.86806551477 0.07501358004 
0.270058 0.81983207114 0.07392708134 
0.270616 0.89936588644 0.07451666584 
0.271173 0.85816845220 0.07629180105 
0.271730 0.89688968669 0.07725656257 
0.272287 0.88552572025 0.07779347464 
0.272845 0.86207420456 0.07810575218 
0.273402 0.84989037282 0.07607617679 
0.273959 0.80507718720 0.07800803857 
0.274517 0.90380498193 0.07734985743 
0.275074 0.85446935656 0.07790673675 
0.275631 0.87976190768 0.07894016134 
0.276188 0.83468025394 0.07802357752 
0.276746 0.94880241450 0.08146398713 
0.277303 0.89635103498 0.08014683320 
0.277860 0.86688246859 0.08209462279 
0.278418 0.84444588829 0.08051099054 
0.278975 0.87638266557 0.08044848568 
0.279532 0.85034610106 0.07872523081 
0.280089 0.89041096086 0.07996986677 
0.280647 0.75717848520 0.08025516832 
0.281204 0.91744755603 0.08005197531 
0.281761 0.85115438700 0.08025814803 
0.282318 0.80532211005 0.07872950327 
0.282876 0.84465958631 0.07954154561 
0.283433 0.81622356481 0.07707650574 
0.283990 0.86998480544 0.07630755989 
0.284548 0.96646947332 0.07714592024 
0.285105 0.81947637929 0.07766674985 
0.285662 0.89042737889 0.07686586073 
0.286219 0.91908613233 0.07686316355 
0.286777 0.82990553530 0.07714039201 
0.287334 0.83831404631 0.07646054808 
0.287891 0.86263078069 0.07660501744 
0.288448 0.84032831801 0.07593805307 
0.289006 0.81036941288 0.07586844387 
0.289563 0.79562355077 0.07605649234 
0.290120 0.84710525709 0.07580526996 
0.290677 0.80637017883 0.07444279204 
0.291235 0.90373600874 0.07589706423 
0.291792 0.89074503484 0.07523736795 
0.292349 0.87775011124 0.07563442986 
0.292906 0.91219794029 0.07604594270 
0.293464 0.83435288700 0.07725516144 
0.294021 0.82866260975 0.07584314015 
0.294578 0.89347828880 0.07637114932 
0.295136 0.87091755199 0.07517681759 
0.295693 0.75828426728 0.07564540004 
0.296250 0.89462892663 0.07710885677 
0.296807 0.81852841812 0.07693188708 
0.297365 0.78992613932 0.07768057817 
0.297922 0.87510316490 0.07590787502 
0.298479 0.88427011333 0.07682651316 
0.299036 0.73709591834 0.07627655855 
0.299594 0.80013898655 0.07588696714 
0.300151 0.85357236768 0.07801309414 
0.300708 0.91959594401 0.07756420083 
0.301265 0.80005141385 0.07455621772 
0.301823 0.84617502221 0.07780646375 
0.302380 0.86668721956 0.07577103600 
0.302937 0.76605418580 0.07752476632 
0.303494 0.89006672925 0.07571607004 
0.304052 0.88820520767 0.07578242883 
0.304609 0.81344697681 0.07763695262 
0.305166 0.81563995991 0.07636934594 
0.305723 0.88944544364 0.07541231564 
0.306280 0.88061901987 0.07554936326 
0.306838 0.93600850918 0.07491464746 
0.307395 0.90894578974 0.07609942096 
0.307952 0.81103689501 0.07718212681 
0.308509 0.82247447212 0.07669213006 
0.309067 0.75534914516 0.07552550172 
0.309624 0.87211129488 0.07508233457 
0.310181 0.80096262850 0.07531393401 
0.310738 0.80755088169 0.07646513013 
0.311296 0.93991770647 0.07575296332 
0.311853 0.80691729704 0.07601065847 
0.312410 0.82569020874 0.07641370021 
0.312967 0.77489413512 0.07619308074 
0.313525 0.88894699823 0.07631254983 
0.314082 0.91467924058 0.07668970481 
0.314639 0.87398315942 0.07664023051 
0.315196 0.85387512905 0.07678883484 
0.315753 0.93295098149 0.07730264861 
0.316311 0.89216210701 0.07679887583 
0.316868 1.01738555350 0.07718392250 
0.317425 0.82132396255 0.07609821303 
0.317982 0.92835613652 0.07610073200 
0.318540 0.96709280408 0.07728126198 
0.319097 0.81206731426 0.07768011579 
0.319654 0.95551315199 0.07809041004 
0.320211 0.87595857364 0.07725412637 
0.320768 0.87598411066 0.07773727363 
0.321326 0.90659636731 0.07767987179 
0.321883 0.91833561889 0.07733201272 
0.322440 0.96477718948 0.07889560051 
0.322997 0.93007663309 0.07658972268 
0.323555 0.92545660355 0.07632437566 
0.324112 0.92819844197 0.07770953142 
0.324669 0.85017858956 0.07717024386 
0.325226 0.83394527678 0.07809029479 
0.325783 0.90161161609 0.07636975353 
0.326341 0.88152740369 0.07668459609 
0.326898 0.91867550429 0.07658180231 
0.327455 1.05428632753 0.07762229793 
0.328012 0.94682606911 0.07753813351 
0.328569 0.90872493313 0.07826195781 
0.329127 0.90944086563 0.07693204183 
0.329684 1.00503041414 0.07790670022 
0.330241 1.02852258087 0.07827652294 
0.330798 0.91546812484 0.07890703533 
0.331355 0.95347221960 0.07885245200 
0.331913 1.04917926129 0.07988868313 
0.332470 1.01166986582 0.07958279383 
0.333027 0.97475248849 0.07846871341 
0.333584 0.93527992683 0.07914091393 
0.334141 0.93681847946 0.08116822533 
0.334699 0.98104302013 0.08066151502 
0.335256 0.88242852777 0.08206097879 
0.335813 0.92991407127 0.08111363718 
0.336370 0.96215778669 0.08019740909 
0.336927 0.89924418161 0.07843758709 
0.337485 1.02791852322 0.08057697551 
0.338042 0.96922614489 0.08122009294 
0.338599 1.02788056731 0.08055167267 
0.339156 1.00706540523 0.08131459928 
0.339713 1.09917140284 0.08305445647 
0.340271 1.00570007768 0.08218577619 
0.340828 1.01601770817 0.08170058837 
0.341385 1.02502916105 0.08217166352 
0.341942 1.06361219378 0.08370255090 
0.342499 1.06474084395 0.08247286160 
0.343057 0.95006622671 0.08410539743 
0.343614 1.12069916121 0.08291534700 
0.344171 1.11742384234 0.08353226719 
0.344728 1.12283900604 0.08307937690 
0.345285 1.11714483169 0.08273198820 
0.345842 1.13121507452 0.08341504235 
0.346400 1.06411584369 0.08374991775 
0.346957 1.12581071285 0.08652022935 
0.347514 1.20920193540 0.08427110348 
0.348071 1.00154139485 0.08653194688 
0.348628 1.15296178957 0.08518590375 
0.349186 1.13839326108 0.08476330196 
0.349743 1.15967604748 0.08558558254 
0.350300 1.06131005016 0.08468837544 
0.350857 1.24471119303 0.08389798000 
0.351414 1.13270076252 0.08471618042 
0.351971 1.17475560170 0.08677952380 
0.352529 1.18820261931 0.08919712769 
0.353086 1.14532396915 0.08904365984 
0.353643 1.23950884673 0.08833519259 
0.354200 1.24200885626 0.08981989162 
0.354757 1.19864616153 0.09067544587 
0.355314 1.15131396387 0.08987919856 
0.355872 1.22155124904 0.09017899853 
0.356429 1.14346923026 0.09112595317 
0.356986 1.21971695534 0.09314361363 
0.357543 1.12462390771 0.09158207213 
0.358100 1.11767222654 0.09065122768 
0.358657 1.18867699878 0.08955696084 
0.359215 1.23489453839 0.09104272995 
0.359772 1.25926449616 0.09443803349 
0.360329 1.23817749236 0.09172375591 
0.360886 1.23350616666 0.09189420309 
0.361443 1.22228147270 0.09301125744 
0.362000 1.08657361020 0.09012330651 
0.362558 1.22103349823 0.09291175744 
0.363115 1.25324799498 0.09121866620 
0.363672 1.18478291930 0.09150602675 
0.364229 1.15468891285 0.09167534148 
0.364786 1.23920337827 0.09385763583 
0.365343 1.22052487537 0.09228250530 
0.365900 1.17390337587 0.09034130314 
0.366458 1.13414583710 0.09085793258 
0.367015 1.14315184729 0.09005660752 
0.367572 1.05453994442 0.09076709282 
0.368129 1.14555792949 0.08989762806 
0.368686 1.18353046083 0.09061395550 
0.369243 1.16997378294 0.08985907065 
0.369801 1.14872605462 0.08784859645 
0.370358 1.13350001969 0.08932252593 
0.370915 1.14330574322 0.08725853178 
0.371472 1.08715581473 0.08866898012 
0.372029 1.02967896015 0.08856541203 
0.372586 1.04375034880 0.08648325554 
0.373143 1.02524799945 0.08946711572 
0.373700 1.04063631136 0.08669773343 
0.374258 1.10300008176 0.08663473515 
0.374815 1.06361672530 0.08737816377 
0.375372 0.98766669739 0.08669406656 
0.375929 1.04155468526 0.08612327296 
0.376486 0.91435295803 0.08581139549 
0.377043 0.94536883042 0.08578938384 
0.377600 1.01585309144 0.08496689777 
0.378158 0.87998318866 0.08381690641 
0.378715 1.04797064818 0.08520201360 
0.379272 0.96575755068 0.08394443575 
0.379829 0.97945178687 0.08381178279 
0.380386 0.85196481830 0.08244802173 
0.380943 0.91344353514 0.08363800123 
0.381500 0.90749785166 0.08428926582 
0.382057 0.90365059130 0.08158131646 
0.382615 0.94409155410 0.08256757677 
0.383172 0.94996108933 0.08317897034 
0.383729 0.87530985911 0.08208810652 
0.384286 0.98845535616 0.08247758236 
0.384843 1.01851088038 0.08105727653 
0.385400 0.86733747273 0.08194163046 
0.385957 0.97561531675 0.07958214975 
0.386514 0.96077063968 0.08166255844 
0.387072 0.95882650693 0.08070103745 
0.387629 0.92313195151 0.08181489092 
0.388186 0.91855996140 0.08058467041 
0.388743 0.99894232153 0.08033727789 
0.389300 0.90753863930 0.08207808977 
0.389857 1.00425792548 0.07939772703 
0.390414 0.87406713954 0.08126622276 
0.390971 0.87733570082 0.08090798537 
0.391528 0.82172907268 0.07900731377 
0.392086 0.89539266318 0.07966287652 
0.392643 0.89543234511 0.07936177459 
0.393200 0.92311468033 0.08184468580 
0.393757 0.76926256041 0.07998504591 
0.394314 0.86599558025 0.08010816958 
0.394871 0.82221291789 0.07846275681 
0.395428 0.90768628231 0.07948976055 
0.395985 0.83666894398 0.08103510369 
0.396542 0.83519422142 0.07998019428 
0.397099 0.83648754648 0.08158742640 
0.397657 0.86292528186 0.07880073476 
0.398214 1.03564421633 0.07930884540 
0.398771 0.79009634071 0.07746820331 
0.399328 0.85611409030 0.07827765802 
0.399885 0.80339561013 0.07822677856 
0.400442 0.87168596011 0.07629679817 
0.400999 0.91246210765 0.08063030209 
0.401556 0.83126962020 0.07930770985 
0.402113 0.87886600562 0.08201395449 
0.402670 0.86373247473 0.08413454092 
0.403227 0.89733440702 0.08840357717 
0.403785 0.92475065522 0.08424399330 
0.404342 0.84459797761 0.08532375401 
0.404899 0.78351821144 0.08730211025 
0.405456 0.93077341715 0.08612408984 
0.406013 0.81205690629 0.08617807040 
0.406570 0.75282505923 0.08878499219 
0.407127 0.78921775253 0.08877924881 
0.407684 0.83645136328 0.09073040991 
0.408241 0.77118385172 0.09157453859 
0.408798 0.80394557037 0.09275385020 
0.409355 0.78742276650 0.09304168803 
0.409912 0.83156860968 0.09639320961 
0.410469 0.91026146307 0.09440594074 
0.411027 0.86415837005 0.09802746065 
0.411584 0.90903656695 0.09658506353 
0.412141 0.97422796493 0.09489368053 
0.412698 0.81175248519 0.10008801179 
0.413255 0.74203061991 0.10044502110 
0.413812 0.81281594685 0.09893455844 
0.414369 0.74802356448 0.10316094808 
0.414926 0.91086027267 0.10133244442 
0.415483 0.63880375463 0.09864626609 
0.416040 0.80072899295 0.09977536685 
0.416597 0.84574681497 0.10273401953 
0.417154 0.81014283715 0.10642220168 
0.417711 0.88807331276 0.10396558282 
0.418268 0.81777351213 0.10483653690 
0.418825 0.74420466867 0.10104915333 
0.419382 0.79249893194 0.10025717528 
0.419940 0.80702789330 0.10225731389 
0.420497 0.85539081603 0.10235551396 
0.421054 0.85760846954 0.10341222001 
0.421611 0.87070719143 0.10138832461 
0.422168 0.75482036595 0.09852169605 
0.422725 0.82351953787 0.10147223175 
0.423282 0.68014143550 0.09992223548 
0.423839 0.79702577123 0.10059379136 
0.424396 0.78020048603 0.10003813234 
0.424953 0.79060650171 0.10221053853 
0.425510 0.79112064646 0.10325827388 
0.426067 0.91315360515 0.10143400913 
0.426624 0.85773520470 0.10296685174 
0.427181 0.82983135570 0.10275751124 
0.427738 0.84467723562 0.10296344367 
0.428295 0.85371069262 0.10412615353 
0.428852 0.86352993782 0.10270653088 
0.429409 0.72968447544 0.10094752437 
0.429966 0.74239799164 0.10055847854 
0.430523 0.87594806196 0.10301011822 
0.431080 0.91921495329 0.10358411638 
0.431637 0.77432757211 0.10654855092 
0.432194 0.85920238073 0.10416862381 
0.432752 0.79311208210 0.10503402534 
0.433309 0.84442601386 0.10502415091 
0.433866 0.77007908783 0.10757039894 
0.434423 0.92637288199 0.10755878638 
0.434980 0.93439468764 0.10382412740 
0.435537 0.87909108183 0.10641231373 
0.436094 0.89479354871 0.10970367644 
0.436651 0.78120069955 0.10669137778 
0.437208 0.78416682211 0.10787367814 
0.437765 0.78825293192 0.11207611983 
0.438322 0.90644248105 0.10628558508 
0.438879 0.81897303914 0.10540276248 
0.439436 0.85689394493 0.11009724677 
0.439993 0.76538307312 0.10779768065 
0.440550 0.78819361638 0.11110812627 
0.441107 0.77914291898 0.10867736856 
0.441664 0.88084418234 0.10897218147 
0.442221 0.78889967913 0.10859945750 
0.442778 0.89015133054 0.10902078542 
0.443335 0.66648884111 0.11151369681 
0.443892 0.82360432175 0.11124928574 
0.444449 0.78700692902 0.10843938075 
0.445006 0.73214651991 0.11159936464 
0.445563 0.86987685832 0.11166544425 
0.446120 0.80352454884 0.10996328272 
0.446677 0.64501051934 0.10921707029 
0.447234 0.68850104269 0.11048069860 
0.447791 0.74834357612 0.10983736627 
0.448348 0.75205555968 0.11099702844 
0.448905 0.80902423875 0.11029467284 
0.449462 0.69071137186 0.11127643171 
0.450019 0.68228537795 0.10922704559 
0.450576 0.60784458425 0.11052656247 
0.451133 0.66828968616 0.11006960746 
0.451690 0.83041839057 0.10875880654 
0.452247 0.79034444366 0.11066571492 
0.452804 0.71649907383 0.10847178524 
0.453361 0.76934466749 0.11036673032 
0.453918 0.87886262493 0.10652515746 
0.454475 0.73282947162 0.10601758547 
0.455032 0.74309920017 0.10976632638 
0.455589 0.75533609758 0.10817476533 
0.456146 0.83190178273 0.10982018122 
0.456703 0.69679574901 0.11166280933 
0.457260 0.89058632886 0.10633486014 
0.457817 0.82886493585 0.10707847600 
0.458374 0.75605812309 0.11089560751 
0.458931 0.78593084356 0.10914603105 
0.459488 0.87218046154 0.10932966050 
0.460045 0.74381019649 0.11153144132 
0.460602 0.71715674799 0.11106981485 
0.461159 0.71159205050 0.10851407241 
0.461716 0.94400623599 0.10809506928 
0.462273 0.79838688690 0.10614801472 
0.462830 0.72648949620 0.10972498539 
0.463387 0.85563219802 0.10884184121 
0.463943 0.86764219286 0.11036345646 
0.464500 0.74619097634 0.10500390316 
0.465057 0.73275954175 0.11038977191 
0.465614 0.81036242283 0.10930320237 
0.466171 0.78949395922 0.10986058664 
0.466728 0.70740839417 0.10931904280 
0.467285 0.74626093111 0.10819423673 
0.467842 0.86926779352 0.10777766444 
0.468399 0.70507097892 0.11043527223 
0.468956 0.71801236863 0.10760830339 
0.469513 0.67893014599 0.10573970470 
0.470070 0.77621082500 0.10612213072 
0.470627 0.82688396270 0.10934554831 
0.471184 0.90990539962 0.10803076207 
0.471741 0.77607895522 0.10857002634 
0.472298 0.83804048275 0.10874006493 
0.472855 0.86933899291 0.10679250117 
0.473412 0.74990200329 0.10590059646 
0.473969 0.83147167040 0.10840204307 
0.474526 0.71964070576 0.10541484282 
0.475083 0.70925442465 0.10753675937 
0.475640 0.66874758472 0.11056355107 
0.476196 0.73273178655 0.10727650076 
0.476753 0.77119039870 0.11389841965 
0.477310 0.86280065214 0.10441330284 
0.477867 0.80131361242 0.11108119726 
0.478424 0.78475887761 0.10963056061 
0.478981 0.91512718054 0.10937988765 
0.479538 0.81322440765 0.10606775394 
0.480095 0.79828154243 0.10800055092 
0.480652 0.76665355736 0.10966535275 
0.481209 0.70142225534 0.10644067916 
0.481766 0.61141625942 0.10574002949 
0.482323 0.84523814567 0.10454598474 
0.482880 0.85261960492 0.10559588591 
0.483437 0.67099586882 0.10590361092 
0.483994 0.88773732020 0.10744985389 
0.484550 0.83957969748 0.10926841111 
0.485107 0.87109073697 0.10645308205 
0.485664 0.86586431364 0.10685175487 
0.486221 0.67882440018 0.10764694856 
0.486778 0.75170600227 0.10597988320 
0.487335 0.77118415377 0.10602764937 
0.487892 0.83595030042 0.10962740656 
0.488449 0.55325638634 0.11203516199 
0.489006 0.75672199446 0.10713438347 
0.489563 0.89349879536 0.11041463947 
0.490120 0.79905190786 0.10809125756 
0.490677 0.85690664805 0.10754450599 
0.491233 0.74560954926 0.10858331388 
0.491790 0.65001969660 0.10834654960 
0.492347 0.81274444203 0.10540123189 
0.492904 0.76893664703 0.11043223815 
0.493461 0.71237835925 0.10833318959 
0.494018 0.82181998289 0.11002480249 
0.494575 0.72167208241 0.10800406369 
0.495132 0.77268761682 0.10807918823 
0.495689 0.71495604510 0.10590435613 
0.496246 0.75615421643 0.10506645181 
0.496802 0.74558757768 0.10966096959 
0.497359 0.83483031223 0.10883259564 
0.497916 0.77691117674 0.10632143642 
0.498473 0.78321544576 0.10877184693 
0.499030 0.80560279532 0.10850897215 
0.499587 0.77772282923 0.10681162851 
0.500144 0.70270200860 0.10924040623 
0.500701 0.64274908657 0.10820861663 
0.501258 0.82642356691 0.10645119697 
0.501815 0.83127040507 0.10901752240 
0.502371 0.88141480562 0.10675361865 
0.502928 0.65660887123 0.11059330264 
0.503485 0.70639374864 0.10988560497 
0.504042 0.87450870152 0.10775285359 
0.504599 0.84859542079 0.10774814819 
0.505156 0.75184402375 0.10742594309 
0.505713 0.88521761698 0.10592634970 
0.506270 0.88326378315 0.10879865886 
0.506826 0.86581595214 0.10640372957 
0.507383 0.76941221218 0.11091537151 
0.507940 0.77879016615 0.10930504231 
0.508497 0.83327601762 0.11109500322 
0.509054 0.71388908938 0.11212080483 
0.509611 0.84345712955 0.10826216043 
0.510168 0.78695365914 0.10852939927 
0.510725 0.77322705003 0.10687322013 
0.511281 0.70022447386 0.11267244991 
0.511838 0.69570433866 0.11239727848 
0.512395 0.82555962762 0.11273913800 
0.512952 0.73160322279 0.11391241775 
0.513509 0.85945618100 0.10758037595 
0.514066 0.85663279026 0.11347860915 
0.514623 0.86280721089 0.11093972938 
0.515179 0.63741771838 0.11458808586 
0.515736 0.89403133280 0.10946346889 
0.516293 0.69463213552 0.11253379065 
0.516850 0.81294064839 0.11439013121 
0.517407 0.77144493111 0.11245420910 
0.517964 0.75760237958 0.11564918886 
0.518521 0.79136001798 0.11417876713 
0.519077 0.75624596442 0.11867973707 
0.519634 0.67084391725 0.11593989870 
0.520191 0.82586039254 0.11720860079 
0.520748 0.75817035851 0.11680913541 
0.521305 0.65802999654 0.11898050338 
0.521862 0.68107479842 0.11823222433 
0.522418 0.65470130232 0.12031137936 
0.522975 0.81184071254 0.12252301857 
0.523532 0.75661491126 0.12145195274 
0.524089 0.86752970604 0.12127871015 
0.524646 0.72926134323 0.12661914399 
0.525203 0.81664341036 0.12190073445 
0.525759 0.78962078147 0.12328515731 
0.526316 0.75699491299 0.12227273548 
0.526873 0.94378227403 0.12587284799 
0.527430 0.69753879220 0.12876262410 
0.527987 0.95423124083 0.12489203221 
0.528544 0.76189425344 0.12355537814 
0.529100 0.92033985079 0.12812023796 
0.529657 0.76696905207 0.12457597572 
0.530214 0.80693741680 0.12744809433 
0.530771 0.74208120021 0.13264542364 
0.531328 0.72070740073 0.13059249234 
0.531884 0.75380852420 0.12747379093 
0.532441 0.75556060534 0.13791252063 
0.532998 0.79692937811 0.12843307451 
0.533555 0.69989554691 0.13236681527 
0.534112 0.70351674951 0.13579691108 
0.534669 0.68110591175 0.13542840140 
0.535225 0.73027510519 0.13586274625 
0.535782 0.71327345949 0.13384657872 
0.536339 0.85045715041 0.14010792351 
0.536896 0.80368076422 0.14394031838 
0.537453 0.63639743054 0.14211872672 
0.538009 0.81136131602 0.14445546684 
0.538566 0.75288372390 0.14231366943 
0.539123 0.87988106046 0.15521429252 
0.539680 0.70521130984 0.16535247811 
0.540237 0.77870556007 0.16527752490 
0.540793 0.71312964069 0.17555393732 
0.541350 0.56647244093 0.18827605693 
0.541907 0.88738198239 0.20971611938 
0.542464 0.73784543677 0.23207797312 
0.543021 0.76152682277 0.40974404529 
