0.011985 163.58162758332 0.00000000000 
0.012543 157.69962200797 9.24707259905 
0.013100 148.88296123972 13.36321682152 
0.013658 150.65526176840 9.97831186629 
0.014215 146.07442750076 9.32250011133 
0.014772 140.93319826264 7.45762370278 
0.015330 139.20276292002 5.68412374181 
0.015887 135.29089760577 5.13848849445 
0.016445 131.02651922100 4.07608946689 
0.017002 128.76039851319 3.90718462080 
0.017560 122.91764424726 3.74987218439 
0.018117 123.06157200202 2.92050672834 
0.018675 116.61740901978 2.33344404674 
0.019232 114.39094617289 2.55397499376 
0.019789 110.91223980671 2.26374089995 
0.020347 106.13153709172 2.07465419237 
0.020904 103.29771718690 1.73316589769 
0.021462 100.51150729287 1.82129367070 
0.022019 96.96488917643 1.52673657867 
0.022577 94.60676758762 1.50371343651 
0.023134 91.39042384362 1.22797408402 
0.023692 87.29515036686 1.33705438165 
0.024249 83.96347369360 1.09884852841 
0.024807 81.43248187532 1.17997917926 
0.025364 77.77595869106 1.02696368931 
0.025921 75.21650020581 0.98144255499 
0.026479 72.17227294422 1.00736416028 
0.027036 70.30114570116 0.83707617638 
0.027594 67.65570514936 0.82681197841 
0.028151 63.83664801434 0.76004294103 
0.028709 61.88823714563 0.75474059878 
0.029266 59.04344507542 0.71525659644 
0.029824 56.44247029746 0.67533504724 
0.030381 54.05520963099 0.62062374076 
0.030938 52.13072554250 0.61039845543 
0.031496 49.64362266048 0.56061936600 
0.032053 47.70525814167 0.51371295675 
0.032611 45.37815276291 0.58660547771 
0.033168 43.26583121705 0.50156988771 
0.033726 40.96010203487 0.51363222477 
0.034283 38.62992306773 0.47763179398 
0.034841 37.66447337842 0.50856128393 
0.035398 36.49810884708 0.47904704840 
0.035955 34.46910643471 0.44623357958 
0.036513 32.19101393274 0.44735765195 
0.037070 30.99134895372 0.42988473750 
0.037628 29.63403328756 0.42216006259 
0.038185 29.02520444618 0.41482717205 
0.038743 26.83366258526 0.41251215848 
0.039300 25.43122777168 0.41125521678 
0.039858 24.43334060039 0.38761857246 
0.040415 23.37544739204 0.37169675721 
0.040973 22.07543771509 0.37898558968 
0.041530 21.20179677652 0.36742736754 
0.042087 20.10116288005 0.34731802494 
0.042645 19.46060058638 0.36342086883 
0.043202 18.56869323678 0.34170100033 
0.043760 17.83793255435 0.34341230247 
0.044317 16.88688501384 0.33235331491 
0.044875 15.97376604749 0.32295369476 
0.045432 15.79244777908 0.33712526600 
0.045990 15.16550148374 0.31730426077 
0.046547 14.42299999283 0.31345505838 
0.047104 14.10893941068 0.31796033516 
0.047662 13.32983603220 0.30831166670 
0.048219 12.64194202961 0.29083133632 
0.048777 12.34711958853 0.27931660990 
0.049334 11.83491919898 0.28764854640 
0.049892 11.60003495253 0.27969762073 
0.050449 10.85939781607 0.29310122407 
0.051007 10.67558509900 0.29675480405 
0.051564 10.53756748959 0.28173054287 
0.052121 10.02381519666 0.26356670995 
0.052679 9.63018822155 0.26647285769 
0.053236 9.63871651276 0.25860261868 
0.053794 9.55155142135 0.25941790215 
0.054351 9.05650608818 0.24566730447 
0.054909 9.08019250347 0.25719599332 
0.055466 8.31567488989 0.25475854965 
0.056024 8.49295457446 0.26094532483 
0.056581 8.29173212953 0.24412159554 
0.057138 7.97850042733 0.25048123874 
0.057696 7.92990473948 0.23755154667 
0.058253 7.81148534865 0.23870329388 
0.058811 7.43675038239 0.24026447932 
0.059368 7.45629969951 0.24569367788 
0.059926 7.16405762946 0.24313491241 
0.060483 7.38338084809 0.22823495784 
0.061041 7.25172981838 0.22407858741 
0.061598 7.00766506276 0.22715913705 
0.062155 6.78473029383 0.22720351799 
0.062713 6.94863426716 0.22183773424 
0.063270 6.56903754449 0.22228803662 
0.063828 6.49250243571 0.23636962124 
0.064385 6.44679632964 0.22064688694 
0.064943 6.70099378286 0.21904076398 
0.065500 6.18405586075 0.22170905013 
0.066057 6.42606274082 0.21822601443 
0.066615 6.26326656867 0.22340087219 
0.067172 6.10734915171 0.21071660317 
0.067730 5.83946751968 0.21173223068 
0.068287 5.47943531561 0.20583054039 
0.068845 5.69180102260 0.20112005955 
0.069402 5.59181186577 0.19184120976 
0.069960 5.31411856472 0.19952471697 
0.070517 4.98009700576 0.19587418588 
0.071074 5.28097597192 0.20693145428 
0.071632 4.96848343429 0.19885488636 
0.072189 5.22230213661 0.19873283637 
0.072747 5.10994853884 0.19539131371 
0.073304 4.60107593309 0.19608063557 
0.073862 4.60877060909 0.19105795851 
0.074419 4.33360808527 0.19164487777 
0.074977 4.44668062362 0.19280379275 
0.075534 4.00305956904 0.19561313348 
0.076091 4.15074739909 0.19405677130 
0.076649 4.02468794798 0.19614175245 
0.077206 3.97729844105 0.19451217884 
0.077764 3.69602794091 0.18951735150 
0.078321 3.62629601995 0.18369828954 
0.078879 3.55685430980 0.18947791985 
0.079436 3.44147048252 0.17765083569 
0.079993 3.40043865759 0.17625461163 
0.080551 3.25834739204 0.18043941856 
0.081108 3.02535101084 0.17630344731 
0.081666 3.02889824305 0.17146761493 
0.082223 2.87999911624 0.18130713042 
0.082781 2.74374972751 0.16926224055 
0.083338 2.48159957973 0.17795625165 
0.083895 2.65819338706 0.17179843406 
0.084453 2.35647250907 0.16858213098 
0.085010 2.58881097055 0.17024333720 
0.085568 2.43359736692 0.16782911631 
0.086125 2.41527674612 0.16825524579 
0.086683 2.23515292845 0.16214592371 
0.087240 2.10276616096 0.16687330948 
0.087798 1.87319859350 0.16654388027 
0.088355 1.77439615127 0.16334564108 
0.088912 2.06719022059 0.16790503711 
0.089470 1.99055758465 0.16409012469 
0.090027 1.75193875251 0.15967412969 
0.090585 1.78259096388 0.15014182417 
0.091142 1.55178835503 0.15865494813 
0.091700 1.44644522896 0.15806999313 
0.092257 1.44185185724 0.15497733150 
0.092814 1.58702780125 0.15820208913 
0.093372 1.54327084034 0.15312087506 
0.093929 1.55106041884 0.16057326719 
0.094487 1.37198949321 0.15020986743 
0.095044 1.16155469043 0.15097406183 
0.095602 1.31651735699 0.14855425576 
0.096159 1.19742667548 0.14612494546 
0.096716 1.20914053410 0.15352220030 
0.097274 1.19229788091 0.14624392905 
0.097831 1.27527484407 0.15289833538 
0.098389 0.97395895749 0.15014971398 
0.098946 1.19103723986 0.15415964075 
0.099504 1.10999261014 0.14431661768 
0.100061 1.27083559538 0.14635696118 
0.100618 1.25717064449 0.14251156662 
0.101176 1.06454051509 0.15479592130 
0.101733 0.83267629493 0.15006795440 
0.102291 1.12858429046 0.14915253012 
0.102848 1.10670878817 0.14238893230 
0.103406 0.97779900510 0.14691788932 
0.103963 1.11085971249 0.14305558545 
0.104520 0.97328322721 0.14621896352 
0.105078 1.15003761399 0.14243791958 
0.105635 0.83548384091 0.14180748452 
0.106193 1.05343472494 0.13899550830 
0.106750 0.92347943669 0.13984656988 
0.107308 0.72006086282 0.14199662262 
0.107865 0.84243889576 0.13544221717 
0.108422 0.85621514611 0.13964480673 
0.108980 0.89317111267 0.13674898622 
0.109537 0.77216347517 0.14596942585 
0.110095 0.92435203893 0.14019281530 
0.110652 0.80503922671 0.13548872232 
0.111210 0.97888257021 0.13746251214 
0.111767 0.79569753050 0.13595316699 
0.112324 0.94475748508 0.13361362360 
0.112882 0.67298885673 0.13825232522 
0.113439 0.84423711485 0.13499879371 
0.113997 0.65205868245 0.13504689675 
0.114554 0.69278003921 0.13483070015 
0.115111 0.76521887001 0.13497490616 
0.115669 0.71463005001 0.13601527073 
0.116226 0.71279557673 0.13358741593 
0.116784 0.77879796152 0.13757321147 
0.117341 0.84227532198 0.13433671336 
0.117899 0.75715701174 0.13703432383 
0.118456 0.56597853063 0.13496966226 
0.119013 0.87123190758 0.13049641908 
0.119571 0.73111014954 0.13071457252 
0.120128 0.79200885017 0.13008454862 
0.120686 0.71232006230 0.13622860918 
0.121243 0.77280992779 0.13154739045 
0.121800 0.53512274679 0.13258391808 
0.122358 0.63935869080 0.12896686916 
0.122915 0.85905227042 0.12726391608 
0.123473 0.69040946125 0.12933605466 
0.124030 0.63865699338 0.12833760194 
0.124588 0.66236756694 0.13007057713 
0.125145 0.71850170469 0.13382086639 
0.125702 0.67947206827 0.13033295971 
0.126260 0.67834744882 0.12664620259 
0.126817 0.63997673686 0.12825311916 
0.127375 0.94343068832 0.12729852969 
0.127932 0.45340060364 0.12640070444 
0.128489 0.61120486552 0.12679209451 
0.129047 0.49713082982 0.12459741222 
0.129604 0.62850526086 0.12705771028 
0.130162 0.49669065972 0.12559195093 
0.130719 0.59514098326 0.12600340646 
0.131277 0.59924292765 0.12582042105 
0.131834 0.64499075833 0.12676940188 
0.132391 0.57081931793 0.12980155174 
0.132949 0.45004140001 0.12927191211 
0.133506 0.40819598411 0.12820642750 
0.134064 0.65465304135 0.13392716548 
0.134621 0.60307281174 0.13289049311 
0.135178 0.43937540522 0.13665976563 
0.135736 0.43161502545 0.13693903617 
0.136293 0.43824215743 0.13813488651 
0.136851 0.54864951700 0.13827778111 
0.137408 0.59068982921 0.13744617910 
0.137965 0.52645318064 0.13989467340 
0.138523 0.39791850979 0.13749874631 
0.139080 0.47763677269 0.13773827156 
0.139638 0.40220895460 0.14118604885 
0.140195 0.43887017134 0.13999942187 
0.140752 0.45099097346 0.14039642388 
0.141310 0.53620106075 0.13429570942 
0.141867 0.40412549661 0.13992864338 
0.142425 0.21613717709 0.14128243817 
0.142982 0.27522754426 0.14166078888 
0.143540 0.44515734241 0.13811081160 
0.144097 0.23713406188 0.13422614429 
0.144654 0.19586503050 0.13597962719 
0.145212 0.31849726512 0.13278109577 
0.145769 0.43105232925 0.12676171427 
0.146327 0.09645359729 0.13148953335 
0.146884 0.42604800575 0.13062492604 
0.147441 0.31240183842 0.12525884445 
0.147999 0.17347599390 0.12610898120 
0.148556 0.15629432089 0.12441437348 
0.149114 0.33716021717 0.12594836521 
0.149671 0.21430143169 0.12635009555 
0.150228 0.26085440508 0.12274353294 
0.150786 0.22593141421 0.12343782453 
0.151343 0.16530152454 0.12544182973 
0.151901 0.14632742395 0.12312181411 
0.152458 0.24412524488 0.12421635825 
0.153015 0.14803369245 0.12273731629 
0.153573 0.15097416573 0.11984923825 
0.154130 0.13941757469 0.12439143859 
0.154688 0.38489278542 0.11981344458 
0.155245 0.18176518982 0.12234834613 
0.155802 0.34619713461 0.12150894810 
0.156360 0.14586685854 0.11927388733 
0.156917 0.14023481969 0.12048414667 
0.157475 0.21762272683 0.12108219552 
0.158032 0.25153976877 0.11907022662 
0.158589 0.13832302567 0.11382358626 
0.159147 0.22654748333 0.12335039334 
0.159704 0.19469901673 0.11802907525 
0.160261 0.23297359133 0.11508182204 
0.160819 0.14586094111 0.11403992692 
0.161376 0.15245054573 0.11764406697 
0.161934 0.21987847843 0.11866934924 
0.162491 0.13186038741 0.11636851260 
0.163048 0.12649938179 0.11662880022 
0.163606 0.16225080160 0.11361330022 
0.164163 0.14825399632 0.11112670357 
0.164721 0.05180042732 0.11356908023 
0.165278 0.00730457519 0.11444818260 
0.165835 0.07561750344 0.11772972231 
0.166393 -0.04707817198 0.11350733053 
0.166950 0.07598437994 0.11481011077 
0.167508 0.01385264606 0.11163125172 
0.168065 0.19973637393 0.11221539177 
0.168622 0.10017223601 0.11538474739 
0.169180 0.19650907370 0.11125901047 
0.169737 0.07180885274 0.11465272822 
0.170294 -0.00568879513 0.11330486327 
0.170852 0.07178912007 0.11444103960 
0.171409 0.10739449029 0.11312139990 
0.171967 -0.01869233135 0.11346433119 
0.172524 0.10991126584 0.11182371690 
0.173081 0.02255850463 0.11056600036 
0.173639 0.06655204911 0.10824803591 
0.174196 0.10306626674 0.10908984853 
0.174754 -0.07969884506 0.11135477060 
0.175311 -0.08897362331 0.10850898904 
0.175868 0.08264800538 0.10800322518 
0.176426 -0.08515473866 0.10914159744 
0.176983 0.19723644022 0.10660728360 
0.177540 0.01636251683 0.10778566034 
0.178098 0.15734466059 0.10823840520 
0.178655 0.07745986153 0.10854307608 
0.179213 -0.01889756069 0.10743753584 
0.179770 0.09534665270 0.10793886414 
0.180327 0.09860553539 0.10583287420 
0.180885 0.14669829540 0.11035578655 
0.181442 0.02528794259 0.10696565251 
0.181999 0.14853491891 0.10863305172 
0.182557 0.02760335252 0.10484954506 
0.183114 0.18407714926 0.10583017946 
0.183672 -0.04673268877 0.10713767373 
0.184229 0.06752011662 0.10417215110 
0.184786 0.12766150599 0.10607984964 
0.185344 0.20044235348 0.10557733532 
0.185901 0.28908019784 0.10459147261 
0.186458 0.17228321530 0.10492425120 
0.187016 0.03568981821 0.10590800442 
0.187573 0.04327009353 0.10479160412 
0.188131 0.12279467842 0.10532008239 
0.188688 0.19978570690 0.10635648196 
0.189245 -0.06382263832 0.10636476692 
0.189803 0.01940024999 0.10436237374 
0.190360 0.03179997369 0.10433684924 
0.190917 0.26363235341 0.10651842163 
0.191475 0.07516966743 0.10556443564 
0.192032 0.14428343836 0.10171339013 
0.192590 0.14224676687 0.10203887997 
0.193147 0.15077030501 0.10294113754 
0.193704 0.11315229429 0.10425952507 
0.194262 0.09576133929 0.10388699807 
0.194819 0.24178495582 0.10241590742 
0.195376 0.04133655099 0.10383659606 
0.195934 0.11265930829 0.10490840638 
0.196491 0.03786926534 0.10248845756 
0.197048 0.18955022146 0.10519883531 
0.197606 0.09248840025 0.10237855397 
0.198163 -0.02334661144 0.10358799184 
0.198721 0.17109812783 0.10265359524 
0.199278 0.17819017996 0.10285844473 
0.199835 0.09434631281 0.10178325310 
0.200393 0.16291161547 0.10217172846 
0.200950 0.11219944159 0.10372117306 
0.201507 0.13301935782 0.10123420163 
0.202065 0.10914097783 0.10216736536 
0.202622 0.05857258110 0.10024305372 
0.203179 0.11842682471 0.10077266545 
0.203737 0.08863617104 0.10221645689 
0.204294 0.08351396510 0.10048400759 
0.204851 0.12228700882 0.10129319904 
0.205409 0.04736604509 0.10132359935 
0.205966 0.06911977851 0.10059359563 
0.206524 0.11929313275 0.10124025284 
0.207081 -0.01223644455 0.09804759301 
0.207638 0.06924938521 0.09923340927 
0.208196 -0.01794786985 0.09857733239 
0.208753 0.08475559306 0.09722885494 
0.209310 0.29610534535 0.09929054943 
0.209868 0.18829398422 0.09717700235 
0.210425 0.25759002990 0.09874721252 
0.210982 0.00536059638 0.09885544710 
0.211540 0.16143420699 0.09545887983 
0.212097 0.13138825959 0.09821730905 
0.212654 0.10830030656 0.09952317377 
0.213212 0.08477122732 0.09908623874 
0.213769 0.20812887641 0.09731692940 
0.214326 0.02693783284 0.09829272122 
0.214884 0.00073565172 0.09643386540 
0.215441 0.23154012361 0.09713880807 
0.215999 0.02735490060 0.09422496322 
0.216556 0.19109275003 0.09626689051 
0.217113 0.02357229397 0.09633051826 
0.217671 0.07893675350 0.09436959661 
0.218228 0.08729760255 0.09493313684 
0.218785 0.26408482156 0.09652603337 
0.219343 -0.04029914887 0.09718020851 
0.219900 0.05153593496 0.09456615352 
0.220457 0.19594945081 0.09528879145 
0.221015 0.21182024785 0.09455721491 
0.221572 0.10501523443 0.09643056701 
0.222129 0.30734468902 0.09385170041 
0.222687 0.11233373851 0.09621324294 
0.223244 0.11701055583 0.09212280141 
0.223801 0.16727045863 0.09523874968 
0.224359 0.14484952789 0.09367129907 
0.224916 0.09526469599 0.09549070222 
0.225473 0.06737914761 0.09296787294 
0.226031 0.12641214369 0.09322234769 
0.226588 0.16416688015 0.09507937655 
0.227145 0.10003900892 0.09232935368 
0.227703 0.19562730553 0.09493075724 
0.228260 0.11559743903 0.09355515797 
0.228817 0.14932651379 0.09122126113 
0.229375 0.28005877111 0.09319881722 
0.229932 0.13801531335 0.09347403799 
0.230489 0.14878731035 0.09189236104 
0.231047 0.17621715257 0.09222733819 
0.231604 0.09260478842 0.08996580222 
0.232161 0.16968761010 0.09584156614 
0.232719 0.14611993776 0.09037526337 
0.233276 0.07289258440 0.09209510352 
0.233833 0.24198197726 0.09201377554 
0.234391 0.26148718296 0.09336902214 
0.234948 0.19360690194 0.09196413727 
0.235505 0.16533519523 0.09036230275 
0.236063 0.16444888318 0.09056816213 
0.236620 0.17629029718 0.09024662149 
0.237177 0.11458604553 0.08978921791 
0.237735 0.07797712429 0.08930841085 
0.238292 0.16726562530 0.09266670901 
0.238849 0.13397854515 0.09098040999 
0.239407 0.09310794250 0.08967012373 
0.239964 0.13188689747 0.09027927620 
0.240521 0.19799767420 0.09092764910 
0.241079 0.14497395382 0.09224439960 
0.241636 0.09836088331 0.09045904283 
0.242193 0.03999663781 0.09148073059 
0.242750 0.11237708063 0.09066795126 
0.243308 0.10990959709 0.08978704479 
0.243865 -0.00462877677 0.09021988969 
0.244422 0.05105238298 0.08971389849 
0.244980 0.10606531898 0.08889726608 
0.245537 0.13100809617 0.08883344038 
0.246094 0.16801561227 0.08811467911 
0.246652 0.11256061761 0.08814286874 
0.247209 0.09646057271 0.09138686736 
0.247766 0.07077571043 0.09002495298 
0.248324 0.00047434434 0.08915466617 
0.248881 0.08890610909 0.08953303424 
0.249438 0.19250108799 0.08890922656 
0.249996 0.11519513035 0.08885214606 
0.250553 0.01590541570 0.08853125483 
0.251110 0.08038677680 0.08832092602 
0.251667 0.06217246331 0.08970113415 
0.252225 0.18679914499 0.08860479850 
0.252782 0.10694734591 0.08800849918 
0.253339 0.06731619771 0.08785588406 
0.253897 0.08204998826 0.08902034856 
0.254454 0.13288576694 0.08717531236 
0.255011 0.17264292188 0.08711318471 
0.255569 0.03105709080 0.08552892238 
0.256126 0.08512203892 0.08638313424 
0.256683 0.05710112081 0.08872330127 
0.257241 0.00475687516 0.08690500438 
0.257798 0.11657921865 0.08603435328 
0.258355 0.16514010836 0.08703421627 
0.258912 -0.00651900370 0.08807243087 
0.259470 0.16454922194 0.08540072170 
0.260027 0.14080289553 0.08568428102 
0.260584 0.08509120783 0.08736794771 
0.261142 0.07573267880 0.08602436349 
0.261699 0.11116587096 0.08749767755 
0.262256 0.09112594695 0.08703256970 
0.262814 0.09898676826 0.08743216149 
0.263371 0.05977551086 0.08617599664 
0.263928 0.09694390140 0.08696584274 
0.264485 0.10269426203 0.08543320477 
0.265043 0.06648370187 0.08646086458 
0.265600 0.03114504335 0.08549265020 
0.266157 0.11058600666 0.08539800148 
0.266715 -0.02478014038 0.08634725537 
0.267272 0.21741996999 0.08425031588 
0.267829 0.04900281108 0.08365320213 
0.268386 0.02363115407 0.08687446911 
0.268944 0.12847791615 0.08466582946 
0.269501 0.06252498690 0.08520738150 
0.270058 -0.02717475404 0.08461524060 
0.270616 0.17603085521 0.08654951727 
0.271173 -0.00669101929 0.08537551053 
0.271730 0.04406857585 0.08785512008 
0.272287 0.05023153385 0.08811265511 
0.272845 0.04218465668 0.08702026395 
0.273402 0.04066643428 0.08823203258 
0.273959 -0.02251237663 0.08798405912 
0.274517 0.07648648317 0.08830406698 
0.275074 0.07525176672 0.08902982752 
0.275631 0.11603192582 0.08898110486 
0.276188 0.15377007313 0.08851697087 
0.276746 0.10582008431 0.08995921931 
0.277303 -0.00495468185 0.08952895007 
0.277860 0.04317376717 0.09204313527 
0.278418 0.02978718490 0.09148855686 
0.278975 0.03591284060 0.09049253656 
0.279532 0.01818679113 0.09266095527 
0.280089 0.10397096650 0.09126331799 
0.280647 -0.01069325481 0.09204010239 
0.281204 -0.00867907901 0.09067000815 
0.281761 0.07598349953 0.08838776428 
0.282318 0.06168037275 0.08987042718 
0.282876 0.17836181670 0.08787731576 
0.283433 0.10414738321 0.08701313933 
0.283990 0.03618388811 0.08651932875 
0.284548 0.02921611295 0.08719541186 
0.285105 0.09842868944 0.08742191322 
0.285662 0.06805023507 0.08733147261 
0.286219 0.06889349226 0.08544846876 
0.286777 0.02367277101 0.08604087948 
0.287334 0.12641292271 0.08762811604 
0.287891 -0.05137889332 0.08497956180 
0.288448 0.07475806191 0.08438453467 
0.289006 0.07191653872 0.08558396623 
0.289563 0.09693820593 0.08544700240 
0.290120 0.07713825957 0.08470138495 
0.290677 -0.00865736533 0.08476549964 
0.291235 0.03635737240 0.08367515278 
0.291792 -0.00542281201 0.08554197272 
0.292349 0.06410828668 0.08571831943 
0.292906 0.06637428161 0.08710538314 
0.293464 0.11304784275 0.08560302401 
0.294021 0.13012267818 0.08576833434 
0.294578 0.13370051952 0.08682141908 
0.295136 0.17774604700 0.08504578986 
0.295693 0.08415652322 0.08693550776 
0.296250 0.07287496520 0.08865598987 
0.296807 0.12562793184 0.08708172724 
0.297365 0.09947006006 0.08707396679 
0.297922 0.08166206539 0.08631138456 
0.298479 0.09124592067 0.08655423702 
0.299036 0.14455148931 0.08518587543 
0.299594 0.08163401899 0.08665158693 
0.300151 0.06183545848 0.08519062329 
0.300708 0.04003942571 0.08654246592 
0.301265 -0.00196389766 0.08879908086 
0.301823 0.02332401006 0.08599741234 
0.302380 0.11092070183 0.08692232784 
0.302937 0.03356095077 0.08516386333 
0.303494 0.10096061651 0.08365660249 
0.304052 0.10851555624 0.08569581893 
0.304609 0.11533025445 0.08824982983 
0.305166 0.13788290271 0.08505279362 
0.305723 0.03910101388 0.08804100266 
0.306280 0.05721128987 0.08626564871 
0.306838 0.04513255098 0.08554476074 
0.307395 0.07445043462 0.08511460856 
0.307952 -0.00690658771 0.08849387060 
0.308509 0.18931211321 0.08757074263 
0.309067 0.08168698367 0.08801564042 
0.309624 0.06767990358 0.08621870431 
0.310181 0.04582335630 0.08528111395 
0.310738 0.08151943806 0.08537988295 
0.311296 0.09483325397 0.08544108390 
0.311853 0.12245079779 0.08805700716 
0.312410 0.07478769407 0.08705281411 
0.312967 0.05303751605 0.08890177099 
0.313525 0.03914361842 0.08611419927 
0.314082 0.04753234446 0.08684785769 
0.314639 0.09845218044 0.08760023238 
0.315196 0.14643561389 0.08555994178 
0.315753 0.12084740509 0.08531979061 
0.316311 0.03815639616 0.08527431830 
0.316868 0.07374299364 0.08700382493 
0.317425 0.06748704645 0.08645329824 
0.317982 0.04816810774 0.08735208777 
0.318540 0.16200793068 0.08487785668 
0.319097 0.17504129449 0.08671937196 
0.319654 0.10313028064 0.08499256217 
0.320211 0.12046214294 0.08602780893 
0.320768 0.11994092851 0.08688938671 
0.321326 0.02706394306 0.08574611001 
0.321883 0.07292731961 0.08677264201 
0.322440 0.10602133354 0.08739811138 
0.322997 0.00257799631 0.08742463474 
0.323555 0.01686531267 0.08948698137 
0.324112 0.06713018582 0.08724510079 
0.324669 0.12210982718 0.08697781848 
0.325226 0.04650596007 0.08619109809 
0.325783 0.09532248226 0.08793559269 
0.326341 0.06904406667 0.08740938342 
0.326898 0.15888873879 0.08524082926 
0.327455 0.18706116939 0.08886839729 
0.328012 0.16335182720 0.08785098202 
0.328569 0.22037422756 0.08836545493 
0.329127 0.07860619114 0.08936341979 
0.329684 0.24839417448 0.08970304759 
0.330241 -0.01242391106 0.08851371096 
0.330798 -0.00426353423 0.08993947703 
0.331355 -0.01724650877 0.08901238804 
0.331913 -0.00878665062 0.08993763925 
0.332470 0.00086566430 0.08882406488 
0.333027 0.08125324525 0.08924794223 
0.333584 0.07423454288 0.08825545697 
0.334141 0.04159170885 0.08885083443 
0.334699 0.10061310791 0.08912094705 
0.335256 0.02411542868 0.09006761748 
0.335813 0.10690023307 0.08907580827 
0.336370 0.11475817967 0.09028060625 
0.336927 0.25132710234 0.09045543940 
0.337485 0.10432535649 0.09042136294 
0.338042 0.07690236942 0.09182115891 
0.338599 0.05377984649 0.09057046611 
0.339156 0.10795304824 0.09139726040 
0.339713 0.16438172829 0.09394144536 
0.340271 0.12144523565 0.09334346807 
0.340828 0.04144246360 0.09312156802 
0.341385 0.01452648430 0.09366720965 
0.341942 0.00721041190 0.09455259326 
0.342499 0.06945646714 0.09375444620 
0.343057 0.19000578224 0.09454552522 
0.343614 0.10345577824 0.09453821529 
0.344171 0.16848924231 0.09480277437 
0.344728 0.06480889457 0.09520570508 
0.345285 0.06454129217 0.09335471472 
0.345842 0.16194183798 0.09498141182 
0.346400 0.16685444975 0.09365670824 
0.346957 0.02276369105 0.09474740853 
0.347514 0.20926171861 0.09769428304 
0.348071 0.18454172931 0.09747077363 
0.348628 0.10457830500 0.09699762293 
0.349186 0.12413520416 0.09624701038 
0.349743 0.13107404091 0.09622328875 
0.350300 0.05031760428 0.09879614445 
0.350857 0.00889837155 0.09695628660 
0.351414 0.11029458316 0.09864814294 
0.351971 0.14154993466 0.09860749392 
0.352529 0.09759202290 0.10338438178 
0.353086 0.03292864169 0.10206299696 
0.353643 0.11154486649 0.10371643446 
0.354200 0.08361458210 0.09784332809 
0.354757 0.02634176930 0.10162480318 
0.355314 0.16038290904 0.10120576745 
0.355872 0.03942085618 0.10539858993 
0.356429 0.05249694999 0.10265845984 
0.356986 0.08292681569 0.10349202082 
0.357543 0.12952092506 0.10446216542 
0.358100 0.07777917966 0.10192874806 
0.358657 0.07388427512 0.10440147281 
0.359215 0.15832234081 0.10471044959 
0.359772 0.05918573633 0.10413312642 
0.360329 0.09084031073 0.10030723160 
0.360886 0.03523919965 0.10399232797 
0.361443 0.03180286580 0.10547730545 
0.362000 0.02379792609 0.10378061727 
0.362558 0.11472013441 0.10238894155 
0.363115 0.04967324756 0.10234493557 
0.363672 0.11138147033 0.10458687912 
0.364229 0.04665565215 0.10239355074 
0.364786 0.13009902588 0.10467497263 
0.365343 0.01974773935 0.10188248238 
0.365900 0.16159255961 0.09989646118 
0.366458 0.10329570694 0.10081671479 
0.367015 0.13353288906 0.10301479809 
0.367572 0.01454642577 0.10190233099 
0.368129 0.09844202527 0.10100766451 
0.368686 -0.00015163208 0.09827310663 
0.369243 -0.04206997031 0.10128060482 
0.369801 0.10861945620 0.09886037824 
0.370358 0.10741790792 0.09898455817 
0.370915 0.02959425682 0.09902591327 
0.371472 0.17775813040 0.10129837750 
0.372029 0.16122155136 0.09842540571 
0.372586 0.04801171258 0.09826022510 
0.373143 0.05942349909 0.10142031810 
0.373700 -0.01737152940 0.09808588766 
0.374258 0.05589331044 0.09504195734 
0.374815 0.12465373133 0.09723623137 
0.375372 0.03458621042 0.09724192629 
0.375929 0.15451650315 0.09591571645 
0.376486 0.13309064254 0.09825102307 
0.377043 0.11673766369 0.09609007283 
0.377600 0.16333072436 0.09402183464 
0.378158 0.23608473634 0.09606679614 
0.378715 0.02917937466 0.09488740423 
0.379272 0.09035536500 0.09720157004 
0.379829 0.05962943577 0.09443337851 
0.380386 0.04459926784 0.09457873523 
0.380943 0.02540476497 0.09639956417 
0.381500 0.10230641059 0.09341019960 
0.382057 -0.01852281848 0.09366423347 
0.382615 0.10216046976 0.09379796514 
0.383172 0.23232014080 0.09380230583 
0.383729 0.07713257479 0.09375280111 
0.384286 0.09586007589 0.09132746955 
0.384843 0.11378782917 0.09117788816 
0.385400 -0.03459456923 0.09355508025 
0.385957 0.10137459714 0.09128156960 
0.386514 0.05766533060 0.09154563313 
0.387072 0.17164313175 0.09197200658 
0.387629 0.14207226429 0.08995818153 
0.388186 0.08975962620 0.09000468522 
0.388743 -0.01877578680 0.09078732456 
0.389300 0.08937426274 0.09067506465 
0.389857 0.09547751617 0.09153244425 
0.390414 0.00493829783 0.09070959187 
0.390971 0.07439018969 0.09081079001 
0.391528 0.07999508682 0.09006917132 
0.392086 0.11355544796 0.09155666908 
0.392643 0.07715609874 0.08892428804 
0.393200 0.11394138536 0.09111824121 
0.393757 0.14723138125 0.08897359201 
0.394314 0.14094432577 0.08947493346 
0.394871 0.17260985692 0.08832050683 
0.395428 -0.00355189360 0.08829651141 
0.395985 -0.02182444686 0.08729296116 
0.396542 -0.04123997345 0.09032752946 
0.397099 0.09453285219 0.09087435855 
0.397657 0.10771754742 0.08821968592 
0.398214 0.05885767072 0.09005539877 
0.398771 -0.04152137118 0.08808138177 
0.399328 0.13419074913 0.08932201357 
0.399885 0.09255092132 0.08834546717 
0.400442 0.10053817379 0.08804225483 
0.400999 0.00057561468 0.09021298570 
0.401556 0.02360622173 0.08944869070 
0.402113 0.14244848856 0.09280206542 
0.402670 -0.06260180356 0.09528566184 
0.403227 0.01573778683 0.09613578333 
0.403785 0.06154802370 0.09525494020 
0.404342 0.05758288397 0.09657988173 
0.404899 0.02706419754 0.09723351307 
0.405456 0.05931518958 0.09936483466 
0.406013 0.14280682353 0.09669021683 
0.406570 0.08952574362 0.09717749926 
0.407127 0.17316424807 0.09913624841 
0.407684 0.05589543419 0.10051944825 
0.408241 0.18734427525 0.10421052286 
0.408798 0.17900156329 0.10373844767 
0.409355 0.07270658081 0.09882153840 
0.409912 0.06646768004 0.10516344708 
0.410469 0.04903345332 0.10632380555 
0.411027 0.05840100604 0.10555373151 
0.411584 0.24785570136 0.10775650734 
0.412141 0.00182330096 0.11138832963 
0.412698 0.14693508723 0.11139206627 
0.413255 0.11364939144 0.10822562096 
0.413812 0.06155725261 0.11245864775 
0.414369 0.11272128919 0.11363378106 
0.414926 0.09442053769 0.11500465331 
0.415483 0.15615614479 0.11126084534 
0.416040 0.01823613081 0.11740791869 
0.416597 0.19804393462 0.11497758563 
0.417154 0.04982326184 0.11757929361 
0.417711 0.14063477565 0.11779313695 
0.418268 0.15866982809 0.11654445270 
0.418825 -0.03237275057 0.11577743022 
0.419382 0.00355617577 0.11235582960 
0.419940 0.13155383105 0.11730896852 
0.420497 -0.07677514253 0.11731168763 
0.421054 0.07404706000 0.11530779795 
0.421611 -0.09106946575 0.11719289471 
0.422168 0.01278251157 0.11649941452 
0.422725 0.01351561979 0.11304838512 
0.423282 0.05010843324 0.11383936390 
0.423839 -0.00051487676 0.11342891375 
0.424396 0.03762064245 0.11301402441 
0.424953 0.21682189137 0.11710700969 
0.425510 0.08797110570 0.11600624341 
0.426067 -0.12112907488 0.11488542477 
0.426624 0.14277855835 0.11567670342 
0.427181 0.10940397562 0.11593699335 
0.427738 0.02415389224 0.11787704895 
0.428295 0.04143230857 0.11570246927 
0.428852 0.07338653144 0.11744177236 
0.429409 0.17763679990 0.11279359544 
0.429966 0.19192399038 0.11922940968 
0.430523 0.03895364681 0.11933422408 
0.431080 0.09765872015 0.11539203986 
0.431637 0.03617883689 0.11849225458 
0.432194 0.12843554916 0.11603099929 
0.432752 0.18786854446 0.11800164871 
0.433309 0.16670243782 0.11703048985 
0.433866 0.21356663246 0.11923815771 
0.434423 0.13484803456 0.11806855587 
0.434980 0.16448536248 0.11929946049 
0.435537 0.05856406906 0.11899052208 
0.436094 0.09064995350 0.12435305690 
0.436651 0.10449846036 0.12005973338 
0.437208 0.05707431674 0.11689223602 
0.437765 0.03222508490 0.11993165931 
0.438322 0.10306239597 0.12272971630 
0.438879 0.03630902259 0.12166448661 
0.439436 0.15532772212 0.11860323867 
0.439993 -0.10225504389 0.12359588433 
0.440550 0.00065744415 0.12509574453 
0.441107 0.02046444084 0.12355278147 
0.441664 0.12116676170 0.12143146265 
0.442221 0.12643264673 0.12139752302 
0.442778 -0.07936947386 0.12247257292 
0.443335 0.14836776912 0.12716352790 
0.443892 -0.00885519582 0.12157772993 
0.444449 0.28282413382 0.12427317931 
0.445006 0.09490046651 0.12132249944 
0.445563 0.14597548371 0.12273377763 
0.446120 0.09721565054 0.12277944820 
0.446677 0.07078974153 0.12440495195 
0.447234 0.02760796478 0.12476114426 
0.447791 0.09391756058 0.11930270238 
0.448348 0.22357486044 0.12309848727 
0.448905 0.08744665448 0.12596802034 
0.449462 -0.10836767397 0.12302045913 
0.450019 0.11086185704 0.12745756219 
0.450576 0.03759393000 0.12422970252 
0.451133 0.00771363351 0.12471232681 
0.451690 0.18690458840 0.12081090834 
0.452247 0.10902019700 0.12148941789 
0.452804 0.19840799360 0.12692074563 
0.453361 0.19276358318 0.12271552045 
0.453918 0.19716740189 0.12020871033 
0.454475 0.04953437825 0.12367174114 
0.455032 0.18611345255 0.12700372676 
0.455589 0.00916964824 0.12224704720 
0.456146 0.04219330924 0.12296266650 
0.456703 0.05123093725 0.12530479638 
0.457260 0.10102160406 0.11934308686 
0.457817 0.03940087271 0.12408889138 
0.458374 0.02423448927 0.12270577973 
0.458931 0.05869623965 0.11799018449 
0.459488 0.03073640329 0.11622525022 
0.460045 0.13010039463 0.12313747419 
0.460602 0.18987886847 0.12577011859 
0.461159 0.15647675352 0.12201865742 
0.461716 0.21418043315 0.12190937503 
0.462273 -0.02133725792 0.12452151820 
0.462830 0.16442467079 0.12209606558 
0.463387 0.23382065967 0.12127042423 
0.463943 -0.03076693968 0.12475114364 
0.464500 -0.00360615116 0.12264959146 
0.465057 0.06373447159 0.12079458690 
0.465614 0.15167814730 0.11805640333 
0.466171 0.10853243445 0.11826490620 
0.466728 0.12833791337 0.11996330883 
0.467285 0.11436535023 0.12158676263 
0.467842 0.13797036024 0.12330279748 
0.468399 -0.04598666602 0.12412499202 
0.468956 0.01138996530 0.12056099875 
0.469513 0.05981036921 0.12209169824 
0.470070 0.17869288239 0.11939591984 
0.470627 0.00176967487 0.12118243138 
0.471184 0.14421825220 0.12135944747 
0.471741 0.29560202455 0.11924248071 
0.472298 0.27188801690 0.12122521705 
0.472855 0.09353073984 0.12248161344 
0.473412 0.12956396886 0.11659836727 
0.473969 -0.04540713636 0.12177850322 
0.474526 0.20374543000 0.11889728949 
0.475083 0.02143540843 0.12345574662 
0.475640 0.08277869693 0.12429999992 
0.476196 0.02192077394 0.11961955470 
0.476753 0.12214240890 0.12308335882 
0.477310 0.10374326004 0.12503142048 
0.477867 -0.06524107902 0.12171920454 
0.478424 0.07098890033 0.12397176282 
0.478981 0.07066041665 0.12085153313 
0.479538 0.01809905299 0.12385062439 
0.480095 0.15232869252 0.12323228349 
0.480652 0.00180070912 0.12371237518 
0.481209 0.18693144886 0.11692461403 
0.481766 0.17326489844 0.11822889756 
0.482323 0.06443522898 0.11968880221 
0.482880 -0.01378011122 0.12108770310 
0.483437 0.22084580561 0.12018166725 
0.483994 0.11465178077 0.12009679118 
0.484550 0.12401867781 0.12179225433 
0.485107 0.14276266509 0.12067032374 
0.485664 -0.04004766510 0.11936120718 
0.486221 0.00227422210 0.12475651130 
0.486778 0.14090213560 0.11935785108 
0.487335 0.14101356725 0.12479093999 
0.487892 0.04932339371 0.11931531604 
0.488449 0.01698281166 0.12330415435 
0.489006 0.14771012847 0.12474917126 
0.489563 0.15523631433 0.11877562150 
0.490120 0.12217678619 0.12371528181 
0.490677 0.10680516777 0.12472937818 
0.491233 0.12178973890 0.12119930154 
0.491790 0.16440651531 0.12402189051 
0.492347 0.08409245303 0.12071139448 
0.492904 0.11686926357 0.11660683455 
0.493461 -0.00463331413 0.12164325401 
0.494018 0.03985787000 0.11726180139 
0.494575 0.14971572469 0.12322921810 
0.495132 0.00861482979 0.11865228971 
0.495689 0.23442697131 0.12441782393 
0.496246 -0.11702012357 0.12668985290 
0.496802 0.21406568365 0.12507174475 
0.497359 0.17092008728 0.12083025743 
0.497916 0.03390966447 0.11868701490 
0.498473 0.03771310449 0.12384793498 
0.499030 0.17626865646 0.12265118915 
0.499587 0.07697358994 0.12193867239 
0.500144 0.20351665160 0.12387486867 
0.500701 -0.05971280919 0.12230574656 
0.501258 0.07433976447 0.12076665798 
0.501815 0.01089586128 0.12194655634 
0.502371 -0.18250807328 0.12168916080 
0.502928 0.06631378045 0.12537760302 
0.503485 0.06906714912 0.12130446998 
0.504042 0.22453990600 0.12344691834 
0.504599 0.07959047988 0.11940057006 
0.505156 0.10748461405 0.11998692214 
0.505713 0.22018063315 0.11899961701 
0.506270 0.01571670654 0.12110685542 
0.506826 0.01812462406 0.12157118497 
0.507383 0.01658123258 0.11902388049 
0.507940 -0.09823534237 0.11993771644 
0.508497 0.03273479675 0.12383586813 
0.509054 0.06607639470 0.12115449328 
0.509611 -0.01918476090 0.12272527843 
0.510168 0.04190781084 0.12480598975 
0.510725 0.16471277310 0.12788350088 
0.511281 0.25415772039 0.12108139416 
0.511838 0.10677618426 0.12682358486 
0.512395 0.31634198397 0.12166832613 
0.512952 0.01577588971 0.12530268497 
0.513509 0.16446413414 0.12812407661 
0.514066 0.16455769310 0.12163472618 
0.514623 0.08602798180 0.12448477487 
0.515179 0.18413605314 0.12699023137 
0.515736 0.10451283689 0.12486360534 
0.516293 0.04043460881 0.12779967030 
0.516850 0.19292868918 0.12755409820 
0.517407 0.02874844706 0.12764008828 
0.517964 0.07798781963 0.12897876644 
0.518521 0.09935439391 0.13182138741 
0.519077 0.08391972953 0.12797733174 
0.519634 0.24718270776 0.13046530692 
0.520191 -0.04709849107 0.13240174032 
0.520748 0.16721618437 0.13649060918 
0.521305 0.11707786871 0.13108775883 
0.521862 0.04902314502 0.13319195968 
0.522418 0.23727062888 0.13256628337 
0.522975 0.03226790922 0.13607110213 
0.523532 0.13903060021 0.13244594804 
0.524089 0.09773748731 0.13838841107 
0.524646 0.27553780075 0.13853531455 
0.525203 0.06781907522 0.13793589335 
0.525759 0.06094327015 0.13770270137 
0.526316 0.03429197535 0.13853391206 
0.526873 -0.12901116351 0.13616675488 
0.527430 0.11425047502 0.14210875438 
0.527987 0.19116002146 0.14091679322 
0.528544 0.14271687293 0.13756036462 
0.529100 0.04415934564 0.14328298935 
0.529657 0.00055186050 0.14484719532 
0.530214 0.14180642342 0.14634477311 
0.530771 -0.01472491047 0.15035004429 
0.531328 0.07912185669 0.14839887584 
0.531884 0.16854914870 0.14533473135 
0.532441 0.10463163553 0.14751288673 
0.532998 0.02179653741 0.15559721030 
0.533555 0.06148499336 0.15333711106 
0.534112 0.12086670615 0.14603153452 
0.534669 0.11641472845 0.15617802042 
0.535225 0.33220019436 0.15566201088 
0.535782 0.28619533797 0.14768683476 
0.536339 -0.01119356447 0.16089116186 
0.536896 0.19047260755 0.16877876249 
0.537453 -0.00091348413 0.15883813767 
0.538009 -0.17632464715 0.16399979125 
0.538566 0.14389476267 0.17349877396 
0.539123 0.23364129958 0.18307956375 
0.539680 -0.00559987864 0.18766434794 
0.540237 0.12794556195 0.18489228740 
0.540793 0.08694809075 0.19239110854 
0.541350 0.15265770046 0.20288126968 
0.541907 0.13427072320 0.23006992877 
0.542464 0.08161064457 0.27232486711 
0.543021 0.28252409953 0.42006900853 
