0.011985 156.85929483361 0.00000000000 
0.012543 152.68539331803 10.91067424669 
0.013100 150.26146805222 12.36851090782 
0.013658 150.52538072522 10.51062359403 
0.014215 142.26511622181 9.34893325947 
0.014772 139.63835101736 7.30835422350 
0.015330 135.80190822116 5.45224650148 
0.015887 134.11185254798 5.14628858977 
0.016445 133.57832038296 4.00445993775 
0.017002 126.54331687923 4.18373514215 
0.017560 123.63892277224 3.53342223414 
0.018117 121.63867682258 2.79147216222 
0.018675 116.73223520905 2.16809422835 
0.019232 113.93061035744 2.36857039497 
0.019789 111.75180542270 2.25683511264 
0.020347 106.57534231309 2.26856787306 
0.020904 104.13206888854 1.83598687295 
0.021462 99.28368898059 1.71818783252 
0.022019 97.48381828651 1.60402188303 
0.022577 93.75472660200 1.42654086801 
0.023134 91.79920671403 1.26672440377 
0.023692 87.39972671700 1.23871832257 
0.024249 84.33973862961 1.07346583415 
0.024807 81.53498220924 1.09656350823 
0.025364 78.09114756552 1.05596374219 
0.025921 75.45429247637 0.90371386056 
0.026479 72.08204214218 0.84645326308 
0.027036 69.80156836080 0.87880247162 
0.027594 66.69297355749 0.86851172518 
0.028151 63.66648519575 0.73086738849 
0.028709 61.15582519107 0.73947867858 
0.029266 59.55646784187 0.71548716934 
0.029824 56.41598173195 0.65705248892 
0.030381 54.77612167596 0.65683987858 
0.030938 51.89048793706 0.54768219315 
0.031496 49.18154916856 0.57898252496 
0.032053 47.44868569913 0.53626297530 
0.032611 44.70700229662 0.50929555212 
0.033168 43.42590618248 0.52872928299 
0.033726 40.89905623478 0.54252051118 
0.034283 39.13174029717 0.48951947720 
0.034841 37.69882703868 0.47351439159 
0.035398 36.82805159789 0.49238212063 
0.035955 34.86224327839 0.47716093019 
0.036513 32.27379306633 0.45331054754 
0.037070 31.07251022985 0.43859464637 
0.037628 29.05996310047 0.43200820451 
0.038185 27.93430694137 0.42338978747 
0.038743 26.36811226834 0.40636481040 
0.039300 25.72637217871 0.41946729456 
0.039858 24.96706591816 0.37510141231 
0.040415 23.16590602115 0.37275242277 
0.040973 22.19127265243 0.40539843060 
0.041530 20.68273879496 0.35641782215 
0.042087 20.34691224112 0.36054316517 
0.042645 19.90295635092 0.35531118196 
0.043202 18.82536809048 0.34553908137 
0.043760 17.75032470780 0.33450471046 
0.044317 16.56864870908 0.33075561255 
0.044875 16.22155808940 0.32500124165 
0.045432 15.91663527303 0.33504129411 
0.045990 15.31196694535 0.30376090824 
0.046547 14.30074271115 0.31240251637 
0.047104 13.75900405389 0.30787890566 
0.047662 13.16114376754 0.29289062919 
0.048219 12.79049610001 0.30537257665 
0.048777 12.31841516294 0.30582445009 
0.049334 11.98551337185 0.27219892351 
0.049892 11.61385063623 0.27792274434 
0.050449 11.10360736992 0.26387498263 
0.051007 10.95107026446 0.27353378882 
0.051564 10.15346452891 0.28209840566 
0.052121 10.22237204945 0.27420376301 
0.052679 9.79639166871 0.27063243532 
0.053236 9.67547841347 0.26208058824 
0.053794 8.96705597492 0.25747590958 
0.054351 9.23377045184 0.25496684144 
0.054909 8.94419018240 0.25817252700 
0.055466 8.67050073872 0.24346176320 
0.056024 8.79391781560 0.25990882015 
0.056581 8.16006440343 0.26058103765 
0.057138 8.01884753237 0.24119278998 
0.057696 8.03497764099 0.23872882171 
0.058253 7.86417598778 0.23676769122 
0.058811 7.64226029948 0.24909985018 
0.059368 7.81287060611 0.24448664319 
0.059926 7.54293372610 0.23496203117 
0.060483 7.17878951238 0.23079691082 
0.061041 7.03938710324 0.22735605471 
0.061598 7.39681362057 0.23506346105 
0.062155 6.92735164377 0.23736286127 
0.062713 6.85238719443 0.22411167641 
0.063270 6.58369613960 0.22412544002 
0.063828 6.73311381131 0.22593261273 
0.064385 6.70443752623 0.22130124945 
0.064943 6.09819574106 0.22070295934 
0.065500 6.26000424989 0.21433268009 
0.066057 5.76504878435 0.21740452742 
0.066615 6.35364179613 0.21595449752 
0.067172 6.11726099241 0.21721337851 
0.067730 5.92691429293 0.20961051350 
0.068287 5.76179685652 0.20680299402 
0.068845 5.40976862766 0.21004646508 
0.069402 5.47808410843 0.19638102658 
0.069960 5.35164915697 0.20061500904 
0.070517 5.27601763356 0.19408937008 
0.071074 4.94225186526 0.19172249598 
0.071632 5.13142805038 0.19401185510 
0.072189 4.94181782740 0.19050172727 
0.072747 4.92743368890 0.19462495674 
0.073304 4.71253128565 0.19439577166 
0.073862 4.58061576340 0.19458002449 
0.074419 4.37590955144 0.19457155812 
0.074977 4.44536190985 0.18795082135 
0.075534 4.36829023417 0.19091232877 
0.076091 4.03838544209 0.18837379351 
0.076649 3.69688577087 0.18214229719 
0.077206 3.74991193532 0.19121821648 
0.077764 4.06675551604 0.17827195279 
0.078321 3.72834168742 0.18049969066 
0.078879 3.49343554311 0.18097585532 
0.079436 3.39989592307 0.18158362459 
0.079993 3.35877961102 0.17200589274 
0.080551 3.34026531248 0.17585697184 
0.081108 3.14097162087 0.17276805624 
0.081666 2.97326226800 0.17510709520 
0.082223 2.98959240414 0.17383530984 
0.082781 2.85258979840 0.17184892152 
0.083338 2.68128912478 0.16875458141 
0.083895 2.67643508118 0.16876398696 
0.084453 2.82919748469 0.16972898645 
0.085010 2.44634947751 0.17000397396 
0.085568 2.21312475066 0.16997333921 
0.086125 2.14791399150 0.17192874316 
0.086683 2.30950901966 0.16810974303 
0.087240 1.93928007171 0.16969287080 
0.087798 2.12642607728 0.16484428681 
0.088355 2.04548120942 0.15869105603 
0.088912 2.19329136529 0.16578977265 
0.089470 1.75104208835 0.16142135535 
0.090027 1.90131178690 0.15952597201 
0.090585 1.71672572310 0.15635107769 
0.091142 1.60803467996 0.15313371828 
0.091700 1.66592893879 0.15614137917 
0.092257 1.44986575594 0.15740219113 
0.092814 1.48059982234 0.15438944598 
0.093372 1.18364382948 0.15896395077 
0.093929 1.47087605955 0.15627146257 
0.094487 1.23408800609 0.15632031787 
0.095044 1.43892315192 0.15579098010 
0.095602 1.38489620711 0.15392769515 
0.096159 1.23391250647 0.15254695134 
0.096716 1.37060933590 0.14928480072 
0.097274 1.21719376909 0.15133862086 
0.097831 1.17507328732 0.15214765182 
0.098389 1.17384533985 0.15276853139 
0.098946 1.04736938946 0.15237684741 
0.099504 1.13507427042 0.14463199330 
0.100061 1.07450032184 0.15189970445 
0.100618 1.19603643904 0.14500239988 
0.101176 1.04030819827 0.14890671440 
0.101733 1.11371921908 0.14485619299 
0.102291 1.16544542685 0.14338415417 
0.102848 0.99127424956 0.14394034715 
0.103406 1.05426621943 0.14763030557 
0.103963 0.89660235804 0.14225662064 
0.104520 1.02558550454 0.14076955826 
0.105078 0.85170863269 0.14459650919 
0.105635 0.84395055160 0.14806775854 
0.106193 0.98364823546 0.14663759048 
0.106750 0.79765364814 0.14429420888 
0.107308 0.92008693416 0.14298858816 
0.107865 0.84212395266 0.14342539133 
0.108422 0.88812882681 0.14022457823 
0.108980 0.67942741707 0.14036188892 
0.109537 0.93575465605 0.13984804310 
0.110095 0.67798424756 0.14178279652 
0.110652 0.76293578569 0.13990343901 
0.111210 0.90055211203 0.13934776157 
0.111767 0.84685592869 0.13455124514 
0.112324 0.77458772488 0.13032753760 
0.112882 0.77665907132 0.13312606495 
0.113439 0.69974197641 0.13513446792 
0.113997 0.81128080600 0.13097899170 
0.114554 0.66222226608 0.13603669876 
0.115111 0.86548307165 0.13479225559 
0.115669 0.88076653054 0.13318414225 
0.116226 0.65985215322 0.13596855142 
0.116784 0.81630156762 0.13739499700 
0.117341 0.59238140098 0.13674225683 
0.117899 0.76983863967 0.13455931928 
0.118456 0.68826564014 0.13365651746 
0.119013 0.63566946222 0.13394529224 
0.119571 0.69869032373 0.13403906358 
0.120128 0.71037930269 0.13255894925 
0.120686 0.64539112144 0.13255823267 
0.121243 0.71912703246 0.13386180362 
0.121800 0.62357160629 0.13385988788 
0.122358 0.53974470884 0.13060034634 
0.122915 0.62867650507 0.12934967649 
0.123473 0.75567546825 0.12857026916 
0.124030 0.41390892411 0.13055580682 
0.124588 0.65942317788 0.13130471368 
0.125145 0.51557216194 0.12860155952 
0.125702 0.61656307451 0.13429617721 
0.126260 0.67073936977 0.12806007487 
0.126817 0.46392944490 0.12945013711 
0.127375 0.57520400967 0.12747161580 
0.127932 0.64525012895 0.12947619109 
0.128489 0.59731615367 0.12791703101 
0.129047 0.63141532823 0.12969967285 
0.129604 0.53234011823 0.12577770864 
0.130162 0.53821292398 0.12350234221 
0.130719 0.43208053600 0.12421985606 
0.131277 0.65154067862 0.12582416959 
0.131834 0.48842362515 0.12621364771 
0.132391 0.60894589809 0.12905025939 
0.132949 0.45362636277 0.12994909109 
0.133506 0.54117609840 0.13262733624 
0.134064 0.40736314566 0.13278504642 
0.134621 0.44984501145 0.12945688425 
0.135178 0.46277874165 0.14003783124 
0.135736 0.42968820762 0.13547935977 
0.136293 0.55105516584 0.13844330415 
0.136851 0.57045825510 0.13290311754 
0.137408 0.34017216707 0.13786500295 
0.137965 0.57569173384 0.13665114972 
0.138523 0.46090927076 0.13585137283 
0.139080 0.30464259629 0.13870949336 
0.139638 0.42432861695 0.13476165775 
0.140195 0.24932895897 0.13972082757 
0.140752 0.58010679661 0.13696433902 
0.141310 0.42306935578 0.13999477343 
0.141867 0.52208290723 0.14249986673 
0.142425 0.30450455169 0.14388939788 
0.142982 0.28204573528 0.13994027826 
0.143540 0.46709780242 0.13884896017 
0.144097 0.22803207646 0.13896512675 
0.144654 0.49880259136 0.13242283511 
0.145212 0.51313688760 0.13415045018 
0.145769 0.24196155813 0.13596145121 
0.146327 0.29218902553 0.12642220953 
0.146884 0.45135013805 0.12806315572 
0.147441 0.28892259503 0.12718345810 
0.147999 0.48132313909 0.12952964303 
0.148556 0.27720206489 0.12548511308 
0.149114 0.51499719040 0.12528327753 
0.149671 0.30203332755 0.12528475310 
0.150228 0.26460124295 0.12418236215 
0.150786 0.22402772095 0.12460665072 
0.151343 0.22798347356 0.12852536432 
0.151901 0.37196613877 0.12047520533 
0.152458 0.22974017695 0.12203831433 
0.153015 0.29573578465 0.12054905812 
0.153573 0.35791273895 0.12318453384 
0.154130 0.25254174485 0.11850566104 
0.154688 0.28172810496 0.11693398262 
0.155245 0.09226674625 0.11833135185 
0.155802 0.32901191894 0.11888350615 
0.156360 0.10602412207 0.11938970385 
0.156917 0.19137446623 0.11978698344 
0.157475 0.09864930050 0.11822317810 
0.158032 0.00471914748 0.11776900197 
0.158589 0.23919561935 0.11737683603 
0.159147 0.19443225889 0.11897336638 
0.159704 0.15240617688 0.11582434206 
0.160261 0.14544751393 0.11745448476 
0.160819 0.09941859074 0.11472785756 
0.161376 0.09828317419 0.11362282451 
0.161934 0.10648242418 0.11761434188 
0.162491 0.15385744206 0.11747859090 
0.163048 0.15743129228 0.11682664633 
0.163606 0.21711805812 0.11366445536 
0.164163 0.17009407945 0.11705195328 
0.164721 0.13203193755 0.11409676722 
0.165278 0.11191114300 0.11265131672 
0.165835 0.03279584450 0.11506615877 
0.166393 0.23535266725 0.11096538073 
0.166950 0.18493080325 0.11273109416 
0.167508 0.16981906896 0.11540149688 
0.168065 0.12920758745 0.11575487650 
0.168622 -0.06331908413 0.11176500354 
0.169180 0.15847390448 0.11040648539 
0.169737 0.05826756102 0.11111825918 
0.170294 0.18880745888 0.11339565003 
0.170852 0.13855805646 0.11021442493 
0.171409 0.09024294134 0.11018798801 
0.171967 0.02579956578 0.11131298553 
0.172524 0.24422675261 0.10790721930 
0.173081 -0.05020489488 0.11238035530 
0.173639 -0.08661950149 0.11224668796 
0.174196 -0.08953303856 0.11015081061 
0.174754 0.07193768823 0.10995048972 
0.175311 0.10687184246 0.10757137924 
0.175868 0.05438971574 0.10796696326 
0.176426 -0.05359431359 0.10658581473 
0.176983 0.04547073615 0.10930510352 
0.177540 -0.01526615009 0.10824431821 
0.178098 -0.00004130031 0.10516359282 
0.178655 0.04983347121 0.10917468682 
0.179213 0.01817106281 0.10824089091 
0.179770 -0.06314380611 0.10430614575 
0.180327 0.09462567954 0.10686407873 
0.180885 0.02620301768 0.10785935006 
0.181442 -0.01929829031 0.10620226212 
0.181999 0.07467748971 0.10785906373 
0.182557 0.00591080627 0.10680478328 
0.183114 0.03978643226 0.10370504786 
0.183672 0.20008592294 0.10692382446 
0.184229 0.20935405137 0.10499626472 
0.184786 0.06111273899 0.10340332812 
0.185344 -0.07519209589 0.10492347382 
0.185901 0.08827592765 0.10652761830 
0.186458 0.04935417751 0.10472754419 
0.187016 0.13992137666 0.10430969597 
0.187573 0.10017591883 0.10613788425 
0.188131 0.07651436318 0.10606191132 
0.188688 0.19966572672 0.10852665160 
0.189245 0.13938048117 0.10403400515 
0.189803 0.26029498426 0.10614539875 
0.190360 0.09152652551 0.10362082361 
0.190917 0.18620835168 0.10649737199 
0.191475 0.03467165538 0.10699843675 
0.192032 0.02554799695 0.10674804813 
0.192590 0.03105188864 0.10361683132 
0.193147 0.08818353835 0.10697361255 
0.193704 0.06931225650 0.10371010435 
0.194262 0.15710484158 0.10397670217 
0.194819 0.04375929370 0.10588288015 
0.195376 0.05750256436 0.10383933205 
0.195934 0.04171637345 0.10294034299 
0.196491 0.06836296490 0.10300698802 
0.197048 0.30392976354 0.10120419634 
0.197606 0.07902233699 0.10462455324 
0.198163 0.08890025535 0.10111548738 
0.198721 0.08578206807 0.10192182995 
0.199278 0.24589395374 0.10174941784 
0.199835 0.22705871306 0.10116309390 
0.200393 0.21995329401 0.10268278259 
0.200950 0.07996351268 0.10017481231 
0.201507 0.11431917387 0.10312710300 
0.202065 0.06052706079 0.10209336216 
0.202622 0.05511845144 0.09883636991 
0.203179 0.13820333665 0.10112651923 
0.203737 0.19110250915 0.10058267039 
0.204294 0.11232048749 0.09824613320 
0.204851 0.10250102262 0.10072559296 
0.205409 0.14143805070 0.10061322341 
0.205966 0.07530682683 0.09937090340 
0.206524 0.09612274779 0.10127862481 
0.207081 0.16865592481 0.09730851154 
0.207638 0.20833065350 0.09872458764 
0.208196 0.15161298730 0.09531731083 
0.208753 0.07159855542 0.09855167696 
0.209310 0.16427629150 0.09626726591 
0.209868 0.08204345071 0.09832329502 
0.210425 0.17309259989 0.09608862906 
0.210982 -0.05336942326 0.09845302874 
0.211540 0.01651178908 0.09855067298 
0.212097 -0.03824841946 0.09776848872 
0.212654 0.04504632304 0.09980009169 
0.213212 0.18483755919 0.09563072218 
0.213769 0.14140595750 0.09652619124 
0.214326 0.17906739549 0.09528188827 
0.214884 0.10873214666 0.09894401353 
0.215441 0.10528321483 0.09641251233 
0.215999 -0.00319587858 0.09559295349 
0.216556 0.06513644628 0.09715313867 
0.217113 0.07158270774 0.09637702633 
0.217671 0.14779181361 0.09649720629 
0.218228 0.11522954966 0.09361379308 
0.218785 0.10390526700 0.09553107305 
0.219343 0.15843647890 0.09439811217 
0.219900 0.20604110598 0.09480606979 
0.220457 0.20014466074 0.09465887161 
0.221015 0.08149811111 0.09780766594 
0.221572 0.13776436546 0.09521969657 
0.222129 0.08454611707 0.09417328040 
0.222687 0.13571060366 0.09491302059 
0.223244 0.19950538434 0.09344245566 
0.223801 0.15443533205 0.09545986996 
0.224359 0.21233515306 0.09316658656 
0.224916 0.04697869089 0.09380666803 
0.225473 0.20323724912 0.09436245804 
0.226031 0.09091738607 0.09253389704 
0.226588 0.13493987046 0.09389188058 
0.227145 0.11748069860 0.09147921612 
0.227703 0.14115526502 0.09365184985 
0.228260 0.14319593389 0.09194362636 
0.228817 0.06840709436 0.09479400958 
0.229375 0.13083567985 0.09327195101 
0.229932 0.15641080468 0.09186999069 
0.230489 0.14314920753 0.09120521711 
0.231047 0.13501328014 0.08893282385 
0.231604 0.17779315824 0.09003816585 
0.232161 0.12835245198 0.09304704497 
0.232719 0.06175249405 0.09250170475 
0.233276 0.08843001043 0.09102063195 
0.233833 0.09975655609 0.09421466646 
0.234391 0.02584918403 0.09146489660 
0.234948 0.26236740495 0.09095241444 
0.235505 0.12294826784 0.09220651259 
0.236063 0.09737734938 0.09018476147 
0.236620 0.07371039004 0.08932804661 
0.237177 0.20411162316 0.09273444136 
0.237735 0.11540098325 0.09095627729 
0.238292 0.11041351319 0.09156953102 
0.238849 0.16267263289 0.08821438248 
0.239407 0.03298264896 0.08928171633 
0.239964 0.17245592118 0.09126390467 
0.240521 0.13495592997 0.08906645228 
0.241079 0.11794687526 0.09056407865 
0.241636 0.15001632715 0.09240179778 
0.242193 0.16307383656 0.09007660487 
0.242750 0.10644655978 0.09045096329 
0.243308 0.00019887059 0.09102321283 
0.243865 0.06118741439 0.09173400401 
0.244422 0.08976900149 0.08996523404 
0.244980 0.07650416869 0.09115570043 
0.245537 0.10080270156 0.09054816253 
0.246094 0.04428466936 0.09189645375 
0.246652 0.03507311677 0.09015138166 
0.247209 0.09539571390 0.08965375456 
0.247766 0.13871391699 0.08901135779 
0.248324 0.13661475861 0.08854861690 
0.248881 0.03222408422 0.09048184503 
0.249438 -0.01878941276 0.08906953298 
0.249996 0.06093658107 0.08911601384 
0.250553 0.05172151701 0.08805707798 
0.251110 0.09032446383 0.08759142444 
0.251667 0.03193575739 0.08897812064 
0.252225 -0.02391479926 0.08866194834 
0.252782 0.14080360431 0.08839597834 
0.253339 0.01953100159 0.08714973504 
0.253897 0.15443147825 0.08855054028 
0.254454 0.07922060694 0.08715760445 
0.255011 0.04019428174 0.08869483716 
0.255569 0.06355993891 0.08642325728 
0.256126 0.05037945590 0.08894364474 
0.256683 0.11414951446 0.08760269997 
0.257241 -0.01226705481 0.08736008625 
0.257798 0.02438933033 0.08722596661 
0.258355 0.03947959822 0.08495569351 
0.258912 0.11248488978 0.08696527959 
0.259470 0.02700788397 0.08693675504 
0.260027 0.01487445428 0.08608025441 
0.260584 0.11850144799 0.08507207873 
0.261142 0.13756969875 0.08760792859 
0.261699 0.09467049582 0.08456069593 
0.262256 -0.02468985354 0.08520928575 
0.262814 0.00777517293 0.08819464194 
0.263371 0.06549330785 0.08512737095 
0.263928 0.04661631840 0.08555498817 
0.264485 0.10183671367 0.08593467549 
0.265043 0.22438593262 0.08601110333 
0.265600 0.06927695018 0.08556021278 
0.266157 -0.11883910444 0.08616505441 
0.266715 0.19957243240 0.08585184615 
0.267272 0.06581847696 0.08425593521 
0.267829 -0.01690747101 0.08450700392 
0.268386 0.15987286443 0.08557880290 
0.268944 0.16473857936 0.08567743725 
0.269501 0.01010491530 0.08428917927 
0.270058 0.08140719321 0.08319257191 
0.270616 0.07915453205 0.08488606768 
0.271173 0.07741763282 0.08611494600 
0.271730 0.10641875878 0.08551306614 
0.272287 0.06389076978 0.08776133886 
0.272845 -0.00852131186 0.08638235629 
0.273402 0.04859920467 0.08709712657 
0.273959 0.01965935846 0.08880414314 
0.274517 0.10206514922 0.08702402017 
0.275074 0.08545510725 0.08893555360 
0.275631 0.01160736361 0.09021795143 
0.276188 0.05778913943 0.08976975843 
0.276746 0.00781221730 0.09080394442 
0.277303 0.12254188089 0.09091684589 
0.277860 0.05690969987 0.09126285246 
0.278418 0.09306689948 0.09163306721 
0.278975 -0.01825375952 0.09138711849 
0.279532 0.05641750043 0.09102265566 
0.280089 0.17441974851 0.09053489078 
0.280647 0.09296370307 0.09127338717 
0.281204 0.04394125497 0.09010529306 
0.281761 0.02582797719 0.09066528967 
0.282318 -0.05230932192 0.08938911304 
0.282876 0.06417258592 0.08736413128 
0.283433 0.07479925194 0.08551968528 
0.283990 0.13221281208 0.08695373327 
0.284548 0.09850348361 0.08597117729 
0.285105 0.17269685348 0.08651667295 
0.285662 0.10201040190 0.08605872698 
0.286219 0.02836118966 0.08443186676 
0.286777 0.05329944056 0.08717367631 
0.287334 0.07622761502 0.08449041998 
0.287891 -0.01788629124 0.08464468793 
0.288448 0.13862476600 0.08457469224 
0.289006 0.05745667978 0.08495269581 
0.289563 0.00600752207 0.08399813876 
0.290120 -0.01826873453 0.08522658724 
0.290677 0.11517625155 0.08507217788 
0.291235 0.11535104641 0.08524983593 
0.291792 0.04215672994 0.08334302484 
0.292349 0.08133234408 0.08518564211 
0.292906 0.04662880754 0.08543883024 
0.293464 0.14566961803 0.08611938147 
0.294021 0.08738105169 0.08476350210 
0.294578 0.09051891107 0.08532936436 
0.295136 0.00671000285 0.08594848159 
0.295693 -0.00587701688 0.08675762796 
0.296250 0.09264244608 0.08444843927 
0.296807 0.07115742087 0.08597415551 
0.297365 0.03066900767 0.08749391328 
0.297922 0.03911672366 0.08527594162 
0.298479 0.04463998079 0.08448093128 
0.299036 0.03560476392 0.08503600580 
0.299594 0.08809693327 0.08654161677 
0.300151 0.17584105275 0.08487245115 
0.300708 0.14338608312 0.08396374772 
0.301265 0.18590953596 0.08608119780 
0.301823 0.05109290923 0.08463684677 
0.302380 0.10845918456 0.08349540467 
0.302937 0.05806755651 0.08590755802 
0.303494 0.16451036693 0.08412867017 
0.304052 0.13740756397 0.08607589911 
0.304609 0.08210444510 0.08592180169 
0.305166 0.06146848631 0.08472523699 
0.305723 0.09525053107 0.08736727368 
0.306280 -0.00022777614 0.08528708434 
0.306838 0.04123930971 0.08784340228 
0.307395 0.08883797582 0.08383438048 
0.307952 -0.01883284930 0.08708059928 
0.308509 0.08880437261 0.08673826759 
0.309067 0.05450729102 0.08587705557 
0.309624 0.19023795277 0.08811230701 
0.310181 0.08856497821 0.08564012612 
0.310738 0.15381918740 0.08675047130 
0.311296 0.12685277389 0.08641343025 
0.311853 0.12229103726 0.08500566470 
0.312410 0.07228546927 0.08785861692 
0.312967 0.08903078150 0.08682034097 
0.313525 0.04363654303 0.08625190377 
0.314082 0.11774982032 0.08650280020 
0.314639 0.06110963736 0.08727716230 
0.315196 0.06561349013 0.08715829592 
0.315753 0.01332950734 0.08553059557 
0.316311 0.01591394196 0.08558457575 
0.316868 0.11794767797 0.08491590141 
0.317425 0.03382989788 0.08777242330 
0.317982 0.07619057327 0.08729980930 
0.318540 0.07900331764 0.08530845027 
0.319097 0.16738216098 0.08648840739 
0.319654 0.14636517585 0.08582558827 
0.320211 0.09044660209 0.08387025468 
0.320768 0.10219170060 0.08737791610 
0.321326 0.11050343742 0.08666379059 
0.321883 0.12724754274 0.08544872061 
0.322440 0.09885058478 0.08627777732 
0.322997 0.02031300894 0.08604257957 
0.323555 0.04486456384 0.08697092814 
0.324112 0.08340088049 0.08717602748 
0.324669 0.07563718056 0.08678097287 
0.325226 0.00084639920 0.08829599980 
0.325783 -0.03933570975 0.08816806103 
0.326341 -0.01307529122 0.08782802642 
0.326898 0.00467722686 0.08642407412 
0.327455 0.06765256946 0.08949364086 
0.328012 0.05647608837 0.08760052411 
0.328569 0.06616366804 0.08705959907 
0.329127 0.10226467621 0.08823430360 
0.329684 0.06010509974 0.08628434553 
0.330241 0.15049871228 0.08886656352 
0.330798 0.00627058319 0.08826700832 
0.331355 0.01098399742 0.08803591178 
0.331913 0.13833225427 0.08774592620 
0.332470 0.09903129586 0.08852037319 
0.333027 0.00196298698 0.08790374730 
0.333584 0.12123562613 0.09062394093 
0.334141 0.10537289609 0.09007308731 
0.334699 -0.02386750334 0.08902192741 
0.335256 0.11292289604 0.08988261304 
0.335813 0.18076670545 0.09062322699 
0.336370 0.07081272556 0.08891196280 
0.336927 0.01547036952 0.08970239742 
0.337485 -0.00531546654 0.09017623943 
0.338042 0.09183618017 0.09012522741 
0.338599 0.02458714941 0.08857265538 
0.339156 0.09841654836 0.09298976442 
0.339713 -0.04910024857 0.09280372635 
0.340271 0.10015872539 0.09344481201 
0.340828 0.05816373794 0.09268542937 
0.341385 0.05481407633 0.09275149805 
0.341942 -0.00974646769 0.09427612689 
0.342499 0.11334622055 0.09453264212 
0.343057 0.10531827478 0.09492728902 
0.343614 0.05556202483 0.09353370263 
0.344171 0.19587920122 0.09622272918 
0.344728 0.19829595515 0.09483674510 
0.345285 0.06487468257 0.09649231095 
0.345842 0.14658940926 0.09451722629 
0.346400 0.08948754158 0.09450229791 
0.346957 0.03942638148 0.09658823807 
0.347514 0.03673927918 0.09688907594 
0.348071 0.07099370939 0.09799075893 
0.348628 -0.05524343266 0.09695341120 
0.349186 -0.00401585919 0.09776065979 
0.349743 0.09923031194 0.09496358273 
0.350300 0.02645781422 0.09785991179 
0.350857 0.06776388473 0.09825062471 
0.351414 0.20675602898 0.09552441999 
0.351971 -0.02519972231 0.09988071060 
0.352529 0.15278544291 0.09982676260 
0.353086 -0.00033836128 0.09985502760 
0.353643 0.17875133235 0.10171860455 
0.354200 0.13621338576 0.10131365141 
0.354757 0.08374778540 0.10117892302 
0.355314 0.08241814329 0.10349620412 
0.355872 0.05986041579 0.10245135516 
0.356429 0.05292661361 0.10463770235 
0.356986 0.03762178073 0.10253887847 
0.357543 0.00226323808 0.10455421672 
0.358100 0.11855175480 0.10355732322 
0.358657 0.19378436601 0.10370892016 
0.359215 0.06958173902 0.10213915184 
0.359772 0.02191121131 0.10449534179 
0.360329 0.09675925873 0.10292285563 
0.360886 0.06962823253 0.10534945476 
0.361443 0.19721713430 0.10391461894 
0.362000 0.10619482335 0.10297573219 
0.362558 0.24051195147 0.10136623604 
0.363115 0.18705802792 0.10320986847 
0.363672 0.21432383010 0.10245404773 
0.364229 0.08322000700 0.10237257350 
0.364786 0.02976449057 0.10347541086 
0.365343 0.10094519502 0.10316471468 
0.365900 0.05905228088 0.10254464340 
0.366458 -0.05510390297 0.10262484431 
0.367015 -0.00886790275 0.10329932236 
0.367572 0.10475916232 0.10312725761 
0.368129 0.06069736301 0.10073489025 
0.368686 0.06127201645 0.10201127246 
0.369243 0.06417676362 0.10213028989 
0.369801 0.06522864110 0.09880246309 
0.370358 0.10387751513 0.10095453802 
0.370915 0.15725807685 0.10054987264 
0.371472 -0.00605332947 0.09831701730 
0.372029 0.12514330784 0.09920388117 
0.372586 0.15797912275 0.09867837764 
0.373143 0.12455956553 0.09865206380 
0.373700 0.14626000806 0.10023548427 
0.374258 0.02660654842 0.09724997460 
0.374815 -0.07494306862 0.09626135302 
0.375372 0.19891230800 0.09708088492 
0.375929 0.09205612826 0.09625848417 
0.376486 0.04355795668 0.09672623326 
0.377043 0.13497835725 0.09608582038 
0.377600 0.08310603442 0.09587439922 
0.378158 0.01461407026 0.09520345994 
0.378715 0.08809883536 0.09446575845 
0.379272 0.16446009316 0.09294630253 
0.379829 -0.01922631643 0.09491351084 
0.380386 -0.01404167109 0.09533403742 
0.380943 0.08890109401 0.09550045651 
0.381500 0.04425442706 0.09509727163 
0.382057 0.10484142666 0.09281262670 
0.382615 0.09253789172 0.09302973344 
0.383172 -0.00138767507 0.09345893113 
0.383729 0.03054485675 0.09336465015 
0.384286 0.09936396543 0.09279085614 
0.384843 0.07469376381 0.09407651124 
0.385400 0.09867258435 0.09115711547 
0.385957 0.12292463082 0.09318394367 
0.386514 -0.03757127279 0.09180446300 
0.387072 0.20571793127 0.09002403422 
0.387629 0.01542580921 0.09101866761 
0.388186 0.04619509621 0.09183558823 
0.388743 -0.02565642420 0.09186502502 
0.389300 0.09500327661 0.09018276687 
0.389857 0.07419658495 0.09004413823 
0.390414 0.02780108962 0.08974052812 
0.390971 -0.05231950841 0.09130572135 
0.391528 0.16501643532 0.08970303394 
0.392086 0.10006755126 0.08869722189 
0.392643 0.01013340426 0.08913991448 
0.393200 -0.05835659476 0.08858711878 
0.393757 0.01785484526 0.08981075719 
0.394314 -0.01283362606 0.08921582660 
0.394871 0.03678414749 0.09055972433 
0.395428 0.19094281405 0.08893181401 
0.395985 0.01996769777 0.08743729774 
0.396542 0.03840518514 0.08936570282 
0.397099 0.05269627105 0.08946932354 
0.397657 0.09945609691 0.08736248689 
0.398214 -0.07454376735 0.09140578591 
0.398771 0.09434325833 0.08998026207 
0.399328 0.07974234231 0.08965492074 
0.399885 -0.06062790948 0.08699855561 
0.400442 0.08868042314 0.08819801638 
0.400999 0.13040177673 0.09016940180 
0.401556 0.08140256070 0.09073605560 
0.402113 0.02808297787 0.09433531717 
0.402670 -0.03604004898 0.09520200555 
0.403227 0.13854329723 0.09444070475 
0.403785 0.06280122721 0.09510016025 
0.404342 0.03211685816 0.09917775766 
0.404899 0.01865091778 0.09883703829 
0.405456 0.00877433098 0.09855222470 
0.406013 0.02514818918 0.09986495819 
0.406570 0.15452459615 0.09957635309 
0.407127 0.12500662524 0.10095130451 
0.407684 0.16960544356 0.10070915666 
0.408241 0.17122063473 0.10498489248 
0.408798 0.03828151541 0.10587025808 
0.409355 0.09923404847 0.10389744069 
0.409912 0.18716974678 0.10898341620 
0.410469 0.09617440621 0.10718073325 
0.411027 0.03983316785 0.10961994935 
0.411584 0.04799941607 0.10610475913 
0.412141 0.06891512555 0.11040225381 
0.412698 0.02732202624 0.11198359136 
0.413255 0.03467586474 0.11156062679 
0.413812 0.17992963933 0.11280626439 
0.414369 0.02252002493 0.11244827301 
0.414926 0.09531298444 0.11597772193 
0.415483 0.24059605023 0.11422092197 
0.416040 0.16211632263 0.11493842876 
0.416597 0.09326062551 0.11701589007 
0.417154 0.23884551313 0.11880262925 
0.417711 0.15866168486 0.12100206392 
0.418268 0.16871124298 0.11940968681 
0.418825 0.11022054745 0.11353054477 
0.419382 0.09987166712 0.11532169081 
0.419940 0.01412751737 0.11446043027 
0.420497 0.20886847155 0.11867579210 
0.421054 -0.02153554344 0.11491333185 
0.421611 0.17976907269 0.11272965837 
0.422168 0.16861718847 0.11800249031 
0.422725 0.05165965141 0.11504946219 
0.423282 0.20832695152 0.11415662423 
0.423839 0.10011791067 0.11418908722 
0.424396 0.19118759662 0.11667196311 
0.424953 0.14148549796 0.11642314081 
0.425510 0.09907413517 0.11444185587 
0.426067 0.06608759706 0.11588100540 
0.426624 0.13657022759 0.11321180409 
0.427181 -0.06776304834 0.11785736257 
0.427738 0.07081616903 0.11732587775 
0.428295 0.09287686984 0.11501243238 
0.428852 -0.08984508109 0.11690176604 
0.429409 0.02468825132 0.11612505040 
0.429966 0.08300482435 0.11836028326 
0.430523 0.09808697200 0.11261580553 
0.431080 0.05918317665 0.11680206850 
0.431637 0.14211032177 0.11638154777 
0.432194 0.15382278974 0.11571650248 
0.432752 0.13452563260 0.12124123749 
0.433309 0.03485087947 0.11579113666 
0.433866 0.08996495488 0.11865218543 
0.434423 0.09843496341 0.11259056751 
0.434980 0.07936268300 0.11695498355 
0.435537 0.18093691210 0.12106455619 
0.436094 0.19260705986 0.12227164090 
0.436651 0.08514070896 0.11870475644 
0.437208 0.21412825867 0.11905297420 
0.437765 0.00556054660 0.12026827643 
0.438322 -0.02002172195 0.12129725011 
0.438879 0.07957376079 0.11810604850 
0.439436 0.00508175217 0.12307484250 
0.439993 0.15838004683 0.12143190595 
0.440550 -0.07619955450 0.12009417544 
0.441107 0.28551157562 0.12281919609 
0.441664 0.07589662666 0.12082942309 
0.442221 0.13493097911 0.11992853696 
0.442778 0.16652460824 0.11861253050 
0.443335 0.06213052671 0.12740573119 
0.443892 0.05923684884 0.12235748394 
0.444449 -0.02036714126 0.12758185167 
0.445006 0.09220282048 0.12700269308 
0.445563 -0.01576100614 0.12502983809 
0.446120 -0.01300106486 0.12723633091 
0.446677 0.14466937872 0.11998485035 
0.447234 0.10668783062 0.12797593261 
0.447791 0.13092821641 0.12327448611 
0.448348 0.03941001232 0.12568581035 
0.448905 0.08905176760 0.12392767250 
0.449462 0.15110806438 0.12254572517 
0.450019 0.18522184405 0.12679422139 
0.450576 -0.09644039627 0.12358700387 
0.451133 0.02497718862 0.11929153893 
0.451690 0.13648949135 0.11806189236 
0.452247 0.06037058444 0.12533772987 
0.452804 0.12226077339 0.12318222402 
0.453361 0.13531103050 0.12457537023 
0.453918 0.06346617623 0.12259199957 
0.454475 -0.01264916847 0.12360191146 
0.455032 0.07409455681 0.12799848304 
0.455589 0.08512347784 0.11917870966 
0.456146 0.06427176736 0.12421950158 
0.456703 0.04693126033 0.12259038569 
0.457260 0.19045895680 0.12224893238 
0.457817 0.07441181366 0.11950346558 
0.458374 0.05151199194 0.12208457239 
0.458931 0.05442622056 0.12517316720 
0.459488 0.10720883799 0.12047067477 
0.460045 0.09491660987 0.12561728494 
0.460602 0.03942196664 0.12399570453 
0.461159 0.24102173122 0.12176092785 
0.461716 0.20258892775 0.12056327094 
0.462273 0.09522130433 0.12789207311 
0.462830 0.01761738477 0.12020353414 
0.463387 0.02269087057 0.12279199710 
0.463943 0.15752670119 0.12585666199 
0.464500 0.20282211772 0.11835250029 
0.465057 0.08278648409 0.12351430552 
0.465614 0.09457504711 0.12027921475 
0.466171 -0.00039037641 0.12034270267 
0.466728 0.15504685159 0.12488041427 
0.467285 -0.06441402770 0.11930887576 
0.467842 0.18374796834 0.12251513899 
0.468399 0.03921493773 0.12087386868 
0.468956 -0.02234315583 0.12602920065 
0.469513 0.06866576944 0.12249167517 
0.470070 0.04447334331 0.12386390325 
0.470627 0.15845446303 0.12226902132 
0.471184 0.16501455991 0.12425776661 
0.471741 0.03509357298 0.12345106558 
0.472298 0.05473484712 0.11912527436 
0.472855 0.08549545301 0.12129335607 
0.473412 0.21779233030 0.11805387730 
0.473969 0.04834926241 0.11996466808 
0.474526 0.07307844785 0.12169097563 
0.475083 0.13746125912 0.12675443986 
0.475640 0.01036657112 0.12105484587 
0.476196 0.18239691276 0.12276414283 
0.476753 0.13905829376 0.12763665126 
0.477310 0.02507550257 0.12276008529 
0.477867 0.10842053929 0.12645788923 
0.478424 0.11067315230 0.12436051537 
0.478981 -0.00306146329 0.12116740452 
0.479538 0.16811899430 0.12487769123 
0.480095 0.10161764100 0.11829049539 
0.480652 0.03998040213 0.12422758815 
0.481209 0.16790963858 0.11927480220 
0.481766 0.23008076741 0.11963553674 
0.482323 -0.01887121034 0.11770174236 
0.482880 0.11431634217 0.12120788889 
0.483437 0.08921620759 0.12044069828 
0.483994 0.00782162422 0.12063973296 
0.484550 -0.02255542509 0.12142148673 
0.485107 0.02754479731 0.11717033739 
0.485664 0.06820293415 0.12392770533 
0.486221 0.07945206764 0.11691244157 
0.486778 0.10330343249 0.12455481438 
0.487335 0.03969938362 0.12035155705 
0.487892 0.00072291585 0.12314377876 
0.488449 -0.02749982118 0.12150717115 
0.489006 0.15040994308 0.11904482593 
0.489563 0.04883718208 0.11963375059 
0.490120 -0.09324940959 0.12165208866 
0.490677 0.14219483798 0.12156967490 
0.491233 0.12926299078 0.11850133494 
0.491790 0.05221008348 0.12716346272 
0.492347 0.02833916830 0.12125461636 
0.492904 0.08433654558 0.12139597409 
0.493461 0.12817433713 0.12146420827 
0.494018 0.18958396720 0.12308010128 
0.494575 0.03273676919 0.12069319788 
0.495132 0.12559648619 0.12202658021 
0.495689 0.06411050430 0.11926413809 
0.496246 0.12894953778 0.12295063881 
0.496802 0.17635671565 0.12588985158 
0.497359 0.03221935074 0.11838686745 
0.497916 0.11095881346 0.11887262601 
0.498473 0.10643295681 0.12060588487 
0.499030 -0.16190857908 0.12310447721 
0.499587 0.05283376788 0.12360669045 
0.500144 0.17725913118 0.11997326378 
0.500701 0.15429112428 0.12529046399 
0.501258 0.12944988039 0.11981577437 
0.501815 0.06944982812 0.12272411410 
0.502371 0.01336943911 0.12086722914 
0.502928 -0.06387895675 0.11846427243 
0.503485 0.03915445280 0.11999538144 
0.504042 -0.06664463000 0.12433346332 
0.504599 -0.06221860453 0.12096336510 
0.505156 0.03834332206 0.12199077082 
0.505713 0.09249252984 0.12794003222 
0.506270 0.01359403582 0.12305829299 
0.506826 0.26510216171 0.11853683645 
0.507383 0.09396033027 0.12283360280 
0.507940 -0.02911468782 0.12151574475 
0.508497 0.20650721277 0.12542715876 
0.509054 0.13309100608 0.11948480633 
0.509611 0.03133354256 0.11936797787 
0.510168 0.02347662706 0.12283862534 
0.510725 -0.15601901570 0.12456884166 
0.511281 0.06045288646 0.12294700208 
0.511838 0.05895477177 0.12259601965 
0.512395 0.16349591816 0.12539436651 
0.512952 0.10739032116 0.12374839975 
0.513509 -0.05202596400 0.12165649895 
0.514066 0.11391568853 0.12408679581 
0.514623 -0.08770476106 0.13209480914 
0.515179 0.21312756720 0.12868154103 
0.515736 -0.05958863091 0.12858704465 
0.516293 0.14909496990 0.12774877793 
0.516850 0.13847747002 0.12475895494 
0.517407 0.31549898440 0.12751145550 
0.517964 0.12396423759 0.12983335589 
0.518521 0.00232478130 0.13207659442 
0.519077 0.20653203041 0.13008105744 
0.519634 0.09584788991 0.13429419988 
0.520191 0.03798997205 0.12966611392 
0.520748 0.09653965984 0.12824113825 
0.521305 0.04164893871 0.12974475315 
0.521862 -0.05502839330 0.13201286148 
0.522418 0.05622713515 0.13243623736 
0.522975 0.10232605895 0.14184390464 
0.523532 0.06779887007 0.13503014132 
0.524089 -0.10522114082 0.13473502991 
0.524646 -0.03316648151 0.13899449043 
0.525203 -0.01067951405 0.13813267745 
0.525759 0.19817938018 0.13795227755 
0.526316 0.04788708563 0.13654554724 
0.526873 0.04986254554 0.14469070825 
0.527430 0.09703813559 0.14135388333 
0.527987 0.08040568389 0.13718080721 
0.528544 0.18577573130 0.14194850574 
0.529100 0.11993089913 0.15370324206 
0.529657 0.00190910424 0.14522148681 
0.530214 0.12294976858 0.14332714191 
0.530771 -0.03395915560 0.14869948268 
0.531328 0.07596365830 0.13979785224 
0.531884 0.12300291806 0.14836074797 
0.532441 0.05066740973 0.14916724182 
0.532998 0.26334759813 0.14784475798 
0.533555 0.21919380151 0.15009059784 
0.534112 0.12849615365 0.16039702990 
0.534669 0.15334783606 0.16024861224 
0.535225 0.09966287407 0.16105513954 
0.535782 0.08204556174 0.16232468796 
0.536339 0.05159968949 0.16590502854 
0.536896 -0.04138891701 0.16268244175 
0.537453 -0.11550499282 0.16114572533 
0.538009 0.19753484116 0.16825456764 
0.538566 0.18169966335 0.17244729873 
0.539123 -0.05214935661 0.17442855752 
0.539680 -0.05876405875 0.18609870257 
0.540237 0.08421502131 0.17977197790 
0.540793 0.11052411340 0.19698345311 
0.541350 0.22456505384 0.20981326209 
0.541907 -0.19176998821 0.24073082462 
0.542464 0.11871533994 0.26471579655 
0.543021 -0.11306311762 0.48291357294 
