0.011985 178.79474367869 0.00000000000 
0.012543 157.33160662657 8.80889706210 
0.013100 152.92154807055 13.91165437821 
0.013658 143.49674685745 9.84508171111 
0.014215 146.64235549271 9.50977583150 
0.014772 142.95667664765 7.02057137255 
0.015330 137.79915317812 5.72691988172 
0.015887 136.03184427104 5.06815892545 
0.016445 131.17138369334 4.34190465738 
0.017002 128.81030436833 4.18410405570 
0.017560 125.88443652577 3.60048970928 
0.018117 122.14028630326 2.78993843663 
0.018675 117.12141730459 2.30083482544 
0.019232 115.37435482174 2.50993762107 
0.019789 110.88208359149 2.23250970487 
0.020347 108.74566582149 2.21352970832 
0.020904 103.48683879533 1.82986596290 
0.021462 100.62952909458 1.73800473498 
0.022019 95.64536164687 1.37410039905 
0.022577 94.46555361070 1.38022583561 
0.023134 91.13772396863 1.43476835932 
0.023692 87.20809062638 1.23420437142 
0.024249 85.70762255725 1.04399369221 
0.024807 81.51461644557 1.11664908296 
0.025364 77.83209761443 0.99362439962 
0.025921 75.21490299940 0.96829163607 
0.026479 71.42519273013 0.93360197550 
0.027036 69.45945338515 0.76134905347 
0.027594 66.70313736582 0.81804971886 
0.028151 64.13992057204 0.74585992530 
0.028709 60.93787868994 0.71467435525 
0.029266 59.88854558201 0.73471044418 
0.029824 56.37969755774 0.67109076204 
0.030381 54.51237267480 0.66118873440 
0.030938 51.82669717744 0.61782118250 
0.031496 48.92930007079 0.56465159929 
0.032053 47.35102742991 0.54744861729 
0.032611 45.15437258993 0.53209521572 
0.033168 43.30400979316 0.53843348278 
0.033726 40.98948583844 0.55780807331 
0.034283 39.48947071433 0.48528250009 
0.034841 38.25642548961 0.48912064377 
0.035398 35.46229134064 0.47282130921 
0.035955 34.40519974810 0.43956257059 
0.036513 32.78102226883 0.45534087509 
0.037070 30.95984098447 0.45140550127 
0.037628 29.66926845386 0.42095274418 
0.038185 28.54049708449 0.41557823223 
0.038743 27.10001519339 0.38293656708 
0.039300 25.39666993847 0.39346003319 
0.039858 24.61507777925 0.39427649813 
0.040415 23.29525626664 0.38550788965 
0.040973 22.46581063853 0.38634873377 
0.041530 21.63643096944 0.36114026983 
0.042087 20.16382509411 0.35578378394 
0.042645 19.90413841348 0.36289194597 
0.043202 19.17197354209 0.35585819548 
0.043760 17.76621723095 0.34146619972 
0.044317 17.19110961814 0.32365172474 
0.044875 16.70704966900 0.32719742465 
0.045432 15.94508021404 0.33479851009 
0.045990 15.05195798604 0.31065531207 
0.046547 14.97750310134 0.31658847187 
0.047104 13.84566956384 0.32087665588 
0.047662 12.73496574716 0.29370589881 
0.048219 12.60811408234 0.31004531388 
0.048777 12.14005101776 0.28203939578 
0.049334 11.76781904359 0.28200107633 
0.049892 11.43661739383 0.28416153383 
0.050449 11.10584103466 0.28433910768 
0.051007 11.06229301470 0.27893078317 
0.051564 10.23231556243 0.27244259314 
0.052121 9.84621965336 0.27865473564 
0.052679 9.92775884269 0.25733104305 
0.053236 9.43959121590 0.27650628276 
0.053794 9.91475977664 0.25542528122 
0.054351 9.11992273250 0.26482000078 
0.054909 8.90485980012 0.25671720932 
0.055466 8.98218321771 0.25185410262 
0.056024 8.89436332284 0.24038618565 
0.056581 8.42824265722 0.23602959858 
0.057138 8.30612917452 0.24487797454 
0.057696 7.96028699042 0.23686366007 
0.058253 7.90246822394 0.24654400496 
0.058811 7.60323816586 0.24253522454 
0.059368 7.32577169623 0.24162721663 
0.059926 7.34603306858 0.24108257095 
0.060483 7.19556503759 0.24002051134 
0.061041 7.37993100847 0.23383763804 
0.061598 7.40381118166 0.23574077783 
0.062155 6.64818018438 0.22356351507 
0.062713 6.44133853546 0.22843985131 
0.063270 6.73506025492 0.21971433429 
0.063828 6.48980002938 0.22299808535 
0.064385 6.55946537364 0.21306742974 
0.064943 6.50828799579 0.21790831371 
0.065500 6.36711926552 0.21194217427 
0.066057 6.16053606380 0.22398351352 
0.066615 6.12736179708 0.22100246513 
0.067172 5.96360780504 0.21305628100 
0.067730 5.76014014306 0.21352857937 
0.068287 5.51105478711 0.20383801287 
0.068845 5.81141987003 0.20762102707 
0.069402 5.43817065815 0.20115583730 
0.069960 5.17351790848 0.20236743150 
0.070517 5.41739604795 0.19126833472 
0.071074 5.21310892638 0.20230425374 
0.071632 4.97566193778 0.19665071057 
0.072189 4.75135746837 0.19962506861 
0.072747 4.85009922745 0.18889054256 
0.073304 4.25144625254 0.19858154907 
0.073862 4.69442123109 0.19759335416 
0.074419 4.62398238652 0.19308962088 
0.074977 4.43824021429 0.19381338950 
0.075534 4.10250782338 0.19394150033 
0.076091 4.29163786331 0.18515303556 
0.076649 3.98234137428 0.17968431516 
0.077206 3.72636530133 0.18496597700 
0.077764 3.73879516952 0.17990604981 
0.078321 3.70562401950 0.17969195449 
0.078879 3.63016585744 0.18090946928 
0.079436 3.38913695101 0.18886056760 
0.079993 3.28956765489 0.18211557858 
0.080551 3.26685821908 0.18303934123 
0.081108 3.27761117199 0.17660551452 
0.081666 2.72604175749 0.17241087212 
0.082223 3.05714308496 0.17568975537 
0.082781 3.04406420131 0.17411337908 
0.083338 2.70931421664 0.18010395182 
0.083895 2.66961846878 0.16847296700 
0.084453 2.61804174907 0.16602529668 
0.085010 2.59821573521 0.17036498054 
0.085568 2.62908540946 0.17056330645 
0.086125 2.24734007325 0.16703056515 
0.086683 2.28872417758 0.17255514439 
0.087240 2.27482097459 0.17232797469 
0.087798 2.16463178735 0.16880567304 
0.088355 1.96818832469 0.16597723716 
0.088912 1.96613034443 0.15929314222 
0.089470 1.86363051282 0.16440528279 
0.090027 1.87419106979 0.16178605641 
0.090585 1.81597564859 0.16434411916 
0.091142 1.65437657622 0.15908182384 
0.091700 1.59384958308 0.15306199481 
0.092257 1.97412142620 0.15594479301 
0.092814 1.50847564094 0.15552197561 
0.093372 1.28885709056 0.15980642077 
0.093929 1.58589785458 0.15199746124 
0.094487 1.26830887385 0.15324106357 
0.095044 1.32421045216 0.15105664084 
0.095602 1.21048688704 0.15714378632 
0.096159 1.24910594318 0.15485596821 
0.096716 1.25523807104 0.15630825137 
0.097274 1.22268136515 0.14879233077 
0.097831 1.13238779791 0.14634906159 
0.098389 1.18658151657 0.14544352685 
0.098946 1.21826259425 0.14914662274 
0.099504 1.15213886680 0.14900288285 
0.100061 1.13459573442 0.14484385894 
0.100618 1.17884285464 0.14726030058 
0.101176 0.95800621395 0.14293104678 
0.101733 1.08300754936 0.14859425311 
0.102291 1.01216386314 0.14661711866 
0.102848 1.07420838288 0.14517755174 
0.103406 1.04033305130 0.14363166711 
0.103963 0.93868195837 0.14627227707 
0.104520 1.03995016177 0.14465607236 
0.105078 1.00910760179 0.14036288342 
0.105635 0.77572281686 0.13906175577 
0.106193 1.00925459506 0.14434249584 
0.106750 1.09293926620 0.14558736104 
0.107308 0.80228880603 0.14340612787 
0.107865 0.93551099298 0.13811144389 
0.108422 0.83928659151 0.14000239390 
0.108980 0.92195256841 0.13676600352 
0.109537 0.97198274575 0.13836765758 
0.110095 0.79574989408 0.13802202103 
0.110652 0.92482109952 0.14050511143 
0.111210 0.89313067289 0.14193467234 
0.111767 0.68116183089 0.14004935023 
0.112324 0.82307514915 0.13895071990 
0.112882 0.76498091133 0.14005152308 
0.113439 0.93293158396 0.13990614837 
0.113997 0.71432785836 0.13379550037 
0.114554 0.77798368608 0.13692916220 
0.115111 0.71215429364 0.13383536884 
0.115669 0.64015640747 0.13351101728 
0.116226 0.76155496915 0.13373843418 
0.116784 0.78819263432 0.13435736103 
0.117341 0.81752894083 0.13767428328 
0.117899 0.72313667027 0.13593368256 
0.118456 0.86260668477 0.13298891245 
0.119013 0.65245996469 0.13000024410 
0.119571 0.77038451262 0.13398142794 
0.120128 0.77910836608 0.13293862834 
0.120686 0.42145189610 0.12970080222 
0.121243 0.67465638627 0.12846640779 
0.121800 0.58966943426 0.12967299969 
0.122358 0.63322300688 0.13495926228 
0.122915 0.67314651247 0.12885641298 
0.123473 0.50676225668 0.13389359488 
0.124030 0.89659959232 0.13017654629 
0.124588 0.57867300329 0.12922184432 
0.125145 0.47417150186 0.12984424736 
0.125702 0.52236279880 0.13008585482 
0.126260 0.52015958070 0.12902934349 
0.126817 0.80142708279 0.12906906761 
0.127375 0.61142596626 0.12970866649 
0.127932 0.52781539578 0.12356645085 
0.128489 0.68633459633 0.12464601960 
0.129047 0.61042925017 0.12440982738 
0.129604 0.57515090918 0.12748746983 
0.130162 0.63409408472 0.12819828619 
0.130719 0.50043202508 0.12405103759 
0.131277 0.51952652873 0.12525613627 
0.131834 0.59676613438 0.12304624135 
0.132391 0.62216799342 0.12880037676 
0.132949 0.64486250075 0.13008476403 
0.133506 0.54094879734 0.13005192334 
0.134064 0.51452144411 0.13006928542 
0.134621 0.53975709510 0.13297344683 
0.135178 0.45242226232 0.13561540739 
0.135736 0.42265715161 0.13910255882 
0.136293 0.43267882017 0.13833924118 
0.136851 0.32547158890 0.14096047173 
0.137408 0.26263799368 0.13887775505 
0.137965 0.32441387152 0.13750556695 
0.138523 0.48570203525 0.13773610528 
0.139080 0.37291080387 0.13724829254 
0.139638 0.37493489751 0.13894694870 
0.140195 0.48611914395 0.13848210368 
0.140752 0.51318309497 0.14172234241 
0.141310 0.35086180672 0.14183575821 
0.141867 0.22752970059 0.13841972325 
0.142425 0.38001286642 0.13568250667 
0.142982 0.37198787050 0.13792830681 
0.143540 0.32577180774 0.13893409030 
0.144097 0.46932603644 0.13648633055 
0.144654 0.29332742085 0.13623244966 
0.145212 0.53661936175 0.13356478585 
0.145769 0.47945131040 0.12839684538 
0.146327 0.38032718887 0.13069248016 
0.146884 0.29043162708 0.13146078558 
0.147441 0.13621770623 0.12531615467 
0.147999 0.40327925694 0.12656559485 
0.148556 0.28379185444 0.12456578971 
0.149114 0.30997469587 0.12556916723 
0.149671 0.17214613767 0.12540421954 
0.150228 0.21654041335 0.12433013325 
0.150786 0.27355450272 0.12640019026 
0.151343 0.35124135019 0.12531403971 
0.151901 0.22475960759 0.12239332999 
0.152458 0.34702910033 0.12308285415 
0.153015 0.36482582384 0.12337220985 
0.153573 0.30891108797 0.11865924643 
0.154130 0.13148783268 0.12028625434 
0.154688 0.30959895611 0.11686151859 
0.155245 0.18994608899 0.12185921433 
0.155802 0.01381329447 0.12113478090 
0.156360 0.26420642802 0.12081114100 
0.156917 0.10810573099 0.12017432558 
0.157475 0.17891875632 0.11707681891 
0.158032 0.14981402858 0.12288300697 
0.158589 0.17926062548 0.11553713658 
0.159147 0.32379331664 0.11599786909 
0.159704 -0.03016504244 0.11718537795 
0.160261 0.24783510483 0.11916227800 
0.160819 0.14207712777 0.11658059164 
0.161376 0.25529745783 0.11547296622 
0.161934 0.21940163021 0.11853903834 
0.162491 0.12318187156 0.11542473632 
0.163048 0.12146836447 0.11915409673 
0.163606 0.20798628843 0.11665478428 
0.164163 0.13512954048 0.11828555811 
0.164721 0.17826944310 0.11546766283 
0.165278 0.27560850127 0.11677517071 
0.165835 0.19439200654 0.11724348932 
0.166393 -0.02008306551 0.11667451909 
0.166950 0.16840207013 0.11344673571 
0.167508 0.12915176253 0.11225144521 
0.168065 -0.00159177662 0.11326122129 
0.168622 0.37533199243 0.11085914640 
0.169180 0.12482722025 0.11159986407 
0.169737 0.04126376856 0.11271235916 
0.170294 0.19087650288 0.10912087306 
0.170852 0.01407149075 0.11120019327 
0.171409 0.19047473915 0.11114082332 
0.171967 0.18765625244 0.10827123031 
0.172524 0.11121849498 0.10852920825 
0.173081 0.13635571930 0.11226628754 
0.173639 -0.08424324265 0.11046448776 
0.174196 0.29287141933 0.11051211633 
0.174754 0.23834012773 0.10963449615 
0.175311 0.05542415492 0.11255132553 
0.175868 0.15944604445 0.10932879289 
0.176426 0.16208654705 0.10815647834 
0.176983 0.16604090934 0.10842402959 
0.177540 0.10428495827 0.11109227267 
0.178098 0.04974837626 0.10692223388 
0.178655 0.22410807622 0.10803629220 
0.179213 0.08640409072 0.10648541679 
0.179770 0.04630064472 0.10895525054 
0.180327 0.04560947578 0.10580617015 
0.180885 0.24337783456 0.10729885215 
0.181442 0.20082897261 0.10552431866 
0.181999 0.08258529361 0.10555840991 
0.182557 0.09486999101 0.10599809130 
0.183114 0.07805170200 0.10745376088 
0.183672 0.09458808856 0.10576899916 
0.184229 0.16179788224 0.10693336733 
0.184786 0.03470787650 0.10395073724 
0.185344 0.19245545952 0.10630529404 
0.185901 -0.03975925679 0.10638769880 
0.186458 0.15437804963 0.10362848018 
0.187016 0.08282544653 0.10437421411 
0.187573 0.18117231271 0.10844232666 
0.188131 0.03950972193 0.10464777398 
0.188688 0.01567056669 0.10481938949 
0.189245 0.20014346063 0.10625247557 
0.189803 0.01696757022 0.10414694773 
0.190360 0.01309982032 0.10618119149 
0.190917 0.05029430671 0.10718019447 
0.191475 0.06535863290 0.10701934917 
0.192032 0.17913742752 0.10524937388 
0.192590 0.08802458051 0.10537029663 
0.193147 0.06376862203 0.10430174632 
0.193704 0.20985130583 0.10252981749 
0.194262 0.11856760998 0.10566735678 
0.194819 -0.06184838906 0.10259520757 
0.195376 0.14239625980 0.10140590175 
0.195934 0.08247823243 0.10198006047 
0.196491 0.15387669443 0.10280492731 
0.197048 0.10417791938 0.10139480609 
0.197606 0.12923264387 0.10097160965 
0.198163 0.09587905113 0.10120786157 
0.198721 0.19772966351 0.10324290776 
0.199278 0.02852469190 0.10219336834 
0.199835 0.11037958681 0.10162044251 
0.200393 0.19125336536 0.10078594543 
0.200950 0.16482621235 0.10100413986 
0.201507 0.22355766269 0.10486028932 
0.202065 0.15995493834 0.10035699286 
0.202622 -0.03088409666 0.10137295345 
0.203179 0.12623003440 0.10114182003 
0.203737 0.05899881829 0.10207733586 
0.204294 0.07308271882 0.09860839654 
0.204851 0.13529322145 0.10010636065 
0.205409 0.19312389781 0.10255707576 
0.205966 0.01880538495 0.09899534325 
0.206524 0.12850827976 0.10010242560 
0.207081 0.15038788758 0.09859373140 
0.207638 0.17230999773 0.09853973233 
0.208196 0.08779471376 0.09771436653 
0.208753 0.08298551730 0.09762600855 
0.209310 0.19190470687 0.09906121328 
0.209868 0.06415716516 0.09820426261 
0.210425 0.03473368618 0.09634314011 
0.210982 0.16108208727 0.09709602860 
0.211540 0.10171798581 0.09730723486 
0.212097 0.07686030978 0.09771843674 
0.212654 0.16827238887 0.09549300254 
0.213212 0.14546782829 0.09628487960 
0.213769 0.23450195669 0.09687404680 
0.214326 0.05645429610 0.09485352428 
0.214884 0.12342894190 0.09699035396 
0.215441 0.11892098845 0.09716638560 
0.215999 0.11166462679 0.09219667479 
0.216556 0.10442278595 0.09664939390 
0.217113 0.06479989508 0.09901519228 
0.217671 0.19962531779 0.09717387176 
0.218228 -0.00137066343 0.09528673696 
0.218785 0.17786341111 0.09560821660 
0.219343 0.09485047143 0.09675613705 
0.219900 0.19747496148 0.09777694815 
0.220457 0.26053951413 0.09639715911 
0.221015 0.17750389274 0.09499015881 
0.221572 0.06029938937 0.09564294170 
0.222129 0.15475718232 0.09427559509 
0.222687 0.12202929324 0.09446923675 
0.223244 0.01571377709 0.09425588439 
0.223801 0.05167784179 0.09556875472 
0.224359 0.16188752115 0.09392941150 
0.224916 0.12519797402 0.09415718013 
0.225473 0.17088989350 0.09766436701 
0.226031 0.04555454515 0.09312737517 
0.226588 0.11073206364 0.09487842570 
0.227145 0.13130759260 0.09103750333 
0.227703 0.12542227389 0.09410211011 
0.228260 0.06262929261 0.09309769389 
0.228817 0.08961884713 0.09323582321 
0.229375 0.22757783170 0.09417997811 
0.229932 0.13245818051 0.09123959193 
0.230489 0.12819962219 0.09348717984 
0.231047 0.05273459487 0.09282209900 
0.231604 0.16293596535 0.08994218125 
0.232161 0.00012800963 0.09217561693 
0.232719 0.17211368820 0.09174950251 
0.233276 0.08686182060 0.09089859034 
0.233833 0.12318751834 0.09298861961 
0.234391 0.13003473461 0.09163556363 
0.234948 0.19525544490 0.08984967934 
0.235505 0.18222909841 0.09318320574 
0.236063 0.10740186443 0.09188522623 
0.236620 0.13503481615 0.09022283915 
0.237177 0.09058628014 0.09253870297 
0.237735 0.15284812590 0.09069600726 
0.238292 0.10751517123 0.09151912055 
0.238849 0.06754472693 0.09017837064 
0.239407 0.10648145302 0.09119899585 
0.239964 0.11646105373 0.08995569610 
0.240521 0.03885454881 0.09108962198 
0.241079 0.26169514850 0.08965248004 
0.241636 0.12461246758 0.08983657155 
0.242193 0.10935602394 0.08942354746 
0.242750 0.19347580435 0.09089974023 
0.243308 0.02454607842 0.08854910388 
0.243865 0.14499814861 0.08968047320 
0.244422 0.09237506540 0.08878076887 
0.244980 0.10683394686 0.08901912045 
0.245537 0.09955761709 0.09125029508 
0.246094 0.13169657049 0.09020868136 
0.246652 0.04869029340 0.08819026821 
0.247209 0.13243117277 0.08885843539 
0.247766 0.17910206275 0.08933062765 
0.248324 -0.01215261355 0.08835984412 
0.248881 0.02170815047 0.08838903727 
0.249438 0.03426844008 0.08930994122 
0.249996 0.22207141344 0.08889745882 
0.250553 0.14988771451 0.08871934517 
0.251110 0.16982322245 0.08749130565 
0.251667 0.00924360815 0.08687178692 
0.252225 0.15253642979 0.08927241347 
0.252782 0.10889169848 0.08793914877 
0.253339 0.05644180730 0.08969428156 
0.253897 0.01967347902 0.08824032145 
0.254454 0.10747181218 0.08767046716 
0.255011 0.11538939978 0.08758113286 
0.255569 0.24491372270 0.08662635719 
0.256126 0.08550421358 0.08750041569 
0.256683 0.08086532844 0.08602639126 
0.257241 0.07729153540 0.08472060836 
0.257798 0.10774099985 0.08765703974 
0.258355 0.09998975045 0.08566469148 
0.258912 0.11939162513 0.08736403286 
0.259470 0.08597567138 0.08689036352 
0.260027 0.19052019952 0.08580551216 
0.260584 0.06995764833 0.08807469428 
0.261142 0.21006784759 0.08534418525 
0.261699 0.13665416469 0.08584714048 
0.262256 0.11118997533 0.08487105952 
0.262814 0.12338868105 0.08494538850 
0.263371 -0.01272718465 0.08388963910 
0.263928 0.09843891443 0.08744147859 
0.264485 0.09009962371 0.08709527136 
0.265043 0.02627585746 0.08454477589 
0.265600 0.04978864853 0.08571552259 
0.266157 0.09628462731 0.08613755074 
0.266715 -0.03171216864 0.08517102147 
0.267272 0.12331987305 0.08520642474 
0.267829 0.01883952047 0.08443796358 
0.268386 0.04904979231 0.08554160273 
0.268944 -0.00259897451 0.08500659356 
0.269501 0.04248214419 0.08467064108 
0.270058 0.03835189632 0.08439167370 
0.270616 0.15977619166 0.08411792637 
0.271173 0.12865551338 0.08412352918 
0.271730 0.12187297633 0.08688682678 
0.272287 0.12962632670 0.08704026270 
0.272845 0.02724414420 0.08666038392 
0.273402 0.04885871815 0.08987135979 
0.273959 -0.01067228000 0.08943126578 
0.274517 0.00682101528 0.08842076601 
0.275074 0.06812857740 0.08983046622 
0.275631 -0.00099523917 0.09001851998 
0.276188 -0.06367281799 0.08893131742 
0.276746 0.12043589569 0.08944338095 
0.277303 0.03576467623 0.09055748435 
0.277860 -0.01224793814 0.09072810496 
0.278418 0.07887652664 0.09087728160 
0.278975 -0.04424844424 0.09060331134 
0.279532 0.06953718820 0.09145117096 
0.280089 0.13233905307 0.09147373218 
0.280647 0.02861399199 0.09036970231 
0.281204 0.02680751541 0.08956395812 
0.281761 -0.03667926237 0.08924874283 
0.282318 0.07029737492 0.08885534858 
0.282876 0.06750617625 0.08750828560 
0.283433 0.18927910260 0.08801550637 
0.283990 0.07556568700 0.08666074833 
0.284548 0.03088955469 0.08797336518 
0.285105 0.09130427095 0.08657809690 
0.285662 0.17015289451 0.08662974652 
0.286219 0.13205674153 0.08401736650 
0.286777 -0.03182485743 0.08758835540 
0.287334 0.17638580476 0.08717565607 
0.287891 -0.00914988026 0.08506523494 
0.288448 0.04684506793 0.08505582146 
0.289006 0.16206743404 0.08550403589 
0.289563 0.10096695363 0.08457567316 
0.290120 0.08158256687 0.08485733655 
0.290677 0.10894947910 0.08514861447 
0.291235 0.10049040861 0.08442607898 
0.291792 0.01967816935 0.08391236401 
0.292349 0.10776668989 0.08530534603 
0.292906 0.00169641395 0.08353500143 
0.293464 0.19378209755 0.08487665317 
0.294021 0.11633565352 0.08571328714 
0.294578 0.00314911006 0.08567304175 
0.295136 0.10504276083 0.08716563397 
0.295693 0.00238754556 0.08531882804 
0.296250 0.22199634462 0.08595886210 
0.296807 0.04778488265 0.08640529268 
0.297365 0.13430087488 0.08420359520 
0.297922 0.12793932373 0.08391995973 
0.298479 0.00668534240 0.08479780395 
0.299036 0.06691602651 0.08539958512 
0.299594 0.05860000922 0.08602963462 
0.300151 0.03396590238 0.08775843286 
0.300708 0.11134435493 0.08666018237 
0.301265 0.03133639376 0.08582320789 
0.301823 0.11471183172 0.08547887292 
0.302380 0.07095293318 0.08750040856 
0.302937 0.03651328262 0.08609620154 
0.303494 -0.04278549738 0.08592196160 
0.304052 0.05430162251 0.08548859124 
0.304609 0.04685868211 0.08587846641 
0.305166 0.06828354110 0.08754945862 
0.305723 0.13280934000 0.08496581357 
0.306280 0.05637238960 0.08639822442 
0.306838 0.09395902085 0.08603478397 
0.307395 0.14979939311 0.08537397936 
0.307952 0.18522616344 0.08690486104 
0.308509 0.13273223221 0.08689591088 
0.309067 0.11021741493 0.08558225176 
0.309624 0.02847015710 0.08532289003 
0.310181 0.02669098711 0.08655464492 
0.310738 0.13974734972 0.08322478073 
0.311296 0.07855872503 0.08687416550 
0.311853 0.02703290504 0.08531557668 
0.312410 0.24155360466 0.08579747629 
0.312967 0.09940447881 0.08735580504 
0.313525 0.06093709823 0.08586245909 
0.314082 0.07810671212 0.08603734722 
0.314639 0.06560924043 0.08496990279 
0.315196 0.01816992681 0.08606327307 
0.315753 0.08198100676 0.08686870975 
0.316311 0.07648806117 0.08742682714 
0.316868 0.08336294877 0.08594764141 
0.317425 0.16209811033 0.08577950659 
0.317982 0.12332595639 0.08550366745 
0.318540 0.17843792947 0.08701500470 
0.319097 0.03397076832 0.08704356793 
0.319654 0.15245444375 0.08684191984 
0.320211 -0.02875631292 0.08789104921 
0.320768 0.05803020751 0.08688109912 
0.321326 0.20871961148 0.08619193082 
0.321883 0.01070124189 0.08791622044 
0.322440 0.11912760693 0.08590388054 
0.322997 0.17499216325 0.08586953377 
0.323555 0.01519108792 0.08677154287 
0.324112 0.03078002971 0.08793872691 
0.324669 0.09391983346 0.08702854533 
0.325226 0.06338488620 0.08738842662 
0.325783 0.06734059401 0.08656924030 
0.326341 0.15963187329 0.08598348698 
0.326898 0.12980825847 0.08826336723 
0.327455 0.00195319026 0.08837450599 
0.328012 0.01397035361 0.08795359889 
0.328569 0.06613509469 0.08646449661 
0.329127 0.06848156732 0.08909099985 
0.329684 0.11627966782 0.08724727461 
0.330241 0.09693674570 0.08708753421 
0.330798 0.12715841033 0.08925114262 
0.331355 0.11594033820 0.08799347406 
0.331913 0.12232597622 0.08941622721 
0.332470 0.15693941529 0.08780063387 
0.333027 0.18974449489 0.08956696435 
0.333584 0.08089718608 0.08934180091 
0.334141 0.21409310389 0.08966633483 
0.334699 0.00627014728 0.09005915425 
0.335256 -0.02364968281 0.08965120205 
0.335813 0.05808320983 0.08859340390 
0.336370 0.11354148724 0.08962194032 
0.336927 0.15156207489 0.08963693967 
0.337485 0.10772483183 0.08997556594 
0.338042 0.14881694129 0.09189074579 
0.338599 0.03550249587 0.09028505653 
0.339156 -0.05290334979 0.09253957034 
0.339713 0.04556803081 0.09308606314 
0.340271 -0.00948217477 0.09332888454 
0.340828 0.14502259794 0.09235610163 
0.341385 0.17358557845 0.09281178964 
0.341942 0.16810622036 0.09522059252 
0.342499 0.06849585703 0.09473426282 
0.343057 0.11304110803 0.09571454043 
0.343614 0.03533126411 0.09512213282 
0.344171 0.09605433304 0.09430782946 
0.344728 0.03488093336 0.09511125942 
0.345285 0.14820818738 0.09330292088 
0.345842 0.04942975929 0.09330103330 
0.346400 0.12136438095 0.09423627204 
0.346957 -0.00955021432 0.09443973931 
0.347514 0.08598249287 0.09760004045 
0.348071 0.12672813377 0.09564739049 
0.348628 0.15550031254 0.09777903349 
0.349186 0.04556518247 0.09578964067 
0.349743 0.19465714861 0.09762960121 
0.350300 0.20944843169 0.09453820282 
0.350857 0.02057269506 0.09727678128 
0.351414 0.05485634533 0.09654238263 
0.351971 0.07202297078 0.09903972093 
0.352529 0.03062508408 0.09756808935 
0.353086 0.00431374944 0.10311717216 
0.353643 0.03537150797 0.10174827242 
0.354200 0.03609685745 0.10150003266 
0.354757 -0.01923985377 0.10086410470 
0.355314 0.03943706728 0.10144536768 
0.355872 0.07001035831 0.10183048964 
0.356429 -0.00154840332 0.09982306700 
0.356986 0.30762160796 0.10294179659 
0.357543 0.12174277508 0.10401484260 
0.358100 0.14718556190 0.10222302288 
0.358657 0.14404143342 0.10255931913 
0.359215 0.15312344990 0.10259695878 
0.359772 0.05250938586 0.10346329167 
0.360329 -0.02410477361 0.10504401466 
0.360886 0.11918538181 0.10364930513 
0.361443 0.14021488426 0.10504103772 
0.362000 0.18046258852 0.10351488126 
0.362558 0.14607210389 0.10411669029 
0.363115 0.00820333200 0.10267349533 
0.363672 0.09807116923 0.10286276859 
0.364229 0.18619062449 0.10147222805 
0.364786 0.01212117432 0.10330368930 
0.365343 0.19321126711 0.10317003793 
0.365900 0.06592531333 0.10144120913 
0.366458 0.10968032417 0.10083137543 
0.367015 0.03426671945 0.10271772230 
0.367572 0.22841708859 0.10211428067 
0.368129 0.04390322102 0.10204004808 
0.368686 0.05085541337 0.09883437334 
0.369243 0.04140735447 0.10110136267 
0.369801 0.00995535138 0.09794102523 
0.370358 0.02123972727 0.09837919543 
0.370915 0.15866342232 0.09896367119 
0.371472 0.12192010881 0.09968273145 
0.372029 0.11257907650 0.09978645980 
0.372586 0.16327512115 0.09849392418 
0.373143 -0.00897828338 0.09897681295 
0.373700 0.18279419458 0.09874627274 
0.374258 -0.02622357289 0.09904115650 
0.374815 0.11146124099 0.09842073010 
0.375372 0.00125049506 0.09589865183 
0.375929 0.19776113377 0.09803211845 
0.376486 0.06699002393 0.09539111218 
0.377043 0.06841885708 0.09718443287 
0.377600 -0.00530730210 0.09574350975 
0.378158 0.09328566531 0.09331732676 
0.378715 0.00833979833 0.09684361021 
0.379272 0.11531514737 0.09402967151 
0.379829 0.11738808332 0.09358292589 
0.380386 0.07330710690 0.09471147653 
0.380943 0.10526344728 0.09491199223 
0.381500 0.13141301956 0.09334292160 
0.382057 -0.01220813982 0.09201766183 
0.382615 0.16921731538 0.09199466118 
0.383172 0.10352005713 0.09193229631 
0.383729 0.11180784040 0.09363445311 
0.384286 0.04331409303 0.09105974633 
0.384843 0.06772522068 0.09422166017 
0.385400 0.03341439642 0.09317122501 
0.385957 0.07499288070 0.08942679220 
0.386514 0.08070736427 0.09071628693 
0.387072 0.15503763964 0.09026902906 
0.387629 0.16783835223 0.09238472596 
0.388186 0.02558332297 0.09178269308 
0.388743 0.03170181998 0.09140054308 
0.389300 0.04993459000 0.09062841650 
0.389857 0.01450799424 0.08821156789 
0.390414 0.16477531202 0.09000224929 
0.390971 0.08307020658 0.09142982009 
0.391528 0.20430786487 0.08995488758 
0.392086 0.02513966488 0.08919828104 
0.392643 0.10242415516 0.09017065506 
0.393200 0.10409043424 0.08958963875 
0.393757 0.03259019526 0.08962580205 
0.394314 0.15484137296 0.09036740327 
0.394871 0.05219832251 0.08884606498 
0.395428 0.08262581240 0.08879601399 
0.395985 0.01372576648 0.08937575029 
0.396542 0.08927132012 0.08896278313 
0.397099 0.16981434944 0.08938092094 
0.397657 0.06339942113 0.08681791793 
0.398214 0.04652787134 0.08933528157 
0.398771 0.20076386005 0.08840258529 
0.399328 0.08256158533 0.08903837013 
0.399885 0.13796016402 0.08804086455 
0.400442 0.17009962784 0.08964080009 
0.400999 0.14181570269 0.09032369496 
0.401556 -0.03304296376 0.09153030699 
0.402113 0.13310901763 0.09371119057 
0.402670 0.07379991929 0.09409252279 
0.403227 0.16284736854 0.09461438989 
0.403785 0.09639086587 0.09502250103 
0.404342 0.13860517573 0.10009876727 
0.404899 0.02095720831 0.09766479895 
0.405456 0.16969827513 0.09850695250 
0.406013 0.18362396535 0.09706202700 
0.406570 -0.04688808991 0.09994166428 
0.407127 0.02833797422 0.09896861633 
0.407684 0.18666250900 0.10321801487 
0.408241 -0.04095976531 0.10194003037 
0.408798 0.20110424156 0.10246786449 
0.409355 0.09569573462 0.10496880237 
0.409912 0.02832661310 0.10718048169 
0.410469 0.05390514866 0.10722969848 
0.411027 0.05492931557 0.10660351542 
0.411584 0.05014053801 0.10591080690 
0.412141 -0.04215553707 0.11004612730 
0.412698 0.24939290572 0.11216637155 
0.413255 0.19182500094 0.10992233904 
0.413812 0.10267558615 0.11411959967 
0.414369 0.18514924674 0.11143541622 
0.414926 0.15972835602 0.11331525135 
0.415483 -0.07087638043 0.11545046614 
0.416040 0.07079828155 0.11775525654 
0.416597 0.15818699184 0.11442841395 
0.417154 0.11439614424 0.11455839537 
0.417711 0.03706680717 0.11989758188 
0.418268 0.10085976586 0.11852096910 
0.418825 0.11820867350 0.11514571773 
0.419382 0.04005493697 0.11757934066 
0.419940 0.12694496373 0.11653500691 
0.420497 0.02755932729 0.11429244377 
0.421054 0.06810604369 0.11480851587 
0.421611 0.08942526004 0.11114134234 
0.422168 0.12492636618 0.11659662261 
0.422725 0.02656648270 0.11516661773 
0.423282 0.05851517389 0.11120968443 
0.423839 0.16229680325 0.11027505705 
0.424396 0.08290938005 0.11414957509 
0.424953 0.04594461588 0.11547036418 
0.425510 0.28853995928 0.11474729413 
0.426067 0.08045400802 0.11277154770 
0.426624 -0.00739047854 0.11603269272 
0.427181 0.14033042702 0.11611895362 
0.427738 0.05713878894 0.11646369468 
0.428295 0.03678470794 0.11688344934 
0.428852 0.00574325340 0.11612642953 
0.429409 0.15389489256 0.11566105291 
0.429966 0.07478774326 0.12003358729 
0.430523 0.10977970155 0.11744317463 
0.431080 0.12458804152 0.11387481872 
0.431637 0.10620387645 0.11971452758 
0.432194 -0.00618551435 0.11629048306 
0.432752 0.04140903434 0.11668458715 
0.433309 0.04620281175 0.11866024457 
0.433866 0.06184604390 0.11864982124 
0.434423 0.15282069630 0.11852255221 
0.434980 0.08459709791 0.11885731460 
0.435537 0.08170020606 0.12220491220 
0.436094 0.19692461286 0.11896115450 
0.436651 0.05348329482 0.12162726184 
0.437208 0.14792256685 0.11970396075 
0.437765 0.09721230648 0.12161174026 
0.438322 0.12580484873 0.11990897192 
0.438879 0.11402686651 0.12211564476 
0.439436 -0.00896593143 0.11978287770 
0.439993 0.05211356257 0.12031741000 
0.440550 0.09376960843 0.12309104305 
0.441107 0.07552538488 0.11878356649 
0.441664 0.18325399772 0.12603257855 
0.442221 0.06063400956 0.12516056148 
0.442778 0.12177954231 0.12306375237 
0.443335 0.19776107069 0.12269297156 
0.443892 0.11394908723 0.12136204356 
0.444449 0.06831968938 0.12489040656 
0.445006 -0.11587482603 0.12363494469 
0.445563 0.06599405019 0.12282030746 
0.446120 0.08825609593 0.12300561585 
0.446677 0.19066512618 0.12522640097 
0.447234 0.24757170734 0.12446710401 
0.447791 0.06781539978 0.12775354174 
0.448348 0.12431958794 0.12574970042 
0.448905 -0.05236112504 0.12206084764 
0.449462 -0.02855825825 0.11896788434 
0.450019 -0.04345271458 0.12499076571 
0.450576 0.17414914225 0.12343725275 
0.451133 0.16829168161 0.12281542030 
0.451690 0.14951818912 0.12577359279 
0.452247 0.24943996737 0.12620346530 
0.452804 0.06588227479 0.12030243608 
0.453361 0.05896003224 0.12217371702 
0.453918 0.10761357527 0.12603729850 
0.454475 0.21239983161 0.11892254146 
0.455032 0.10550835113 0.12370744649 
0.455589 0.05143018980 0.12042758525 
0.456146 0.03819534412 0.12558361415 
0.456703 0.22150569647 0.12067011702 
0.457260 0.07839530469 0.12121855093 
0.457817 0.16547395153 0.12394998648 
0.458374 0.23978281532 0.12233396844 
0.458931 0.27465199468 0.12091215694 
0.459488 0.22413836087 0.12337568635 
0.460045 0.03569105867 0.12635255343 
0.460602 0.06374265474 0.12350602712 
0.461159 0.04137267819 0.12298607910 
0.461716 0.04563502907 0.12212354267 
0.462273 0.08749653190 0.12475607673 
0.462830 0.00574720114 0.12053612333 
0.463387 0.18957310911 0.12306431214 
0.463943 0.15301803180 0.12125133065 
0.464500 0.08122442037 0.12124233157 
0.465057 -0.00698046352 0.12212486872 
0.465614 0.19520175066 0.12320675634 
0.466171 0.08579740229 0.12351369153 
0.466728 0.10407750111 0.12079552724 
0.467285 0.06866787622 0.11951072940 
0.467842 0.20024084790 0.12197842779 
0.468399 -0.02144848926 0.12110428032 
0.468956 0.19000440914 0.12400471137 
0.469513 0.11925236375 0.12312050121 
0.470070 0.12297774272 0.12583199148 
0.470627 -0.00812672914 0.12139231964 
0.471184 0.23791114973 0.12295150181 
0.471741 0.05525694266 0.12490368232 
0.472298 0.17281491631 0.12408239050 
0.472855 0.06127966440 0.12235545079 
0.473412 0.17428054460 0.12038810125 
0.473969 0.12322909222 0.12261153386 
0.474526 0.12841261823 0.12121029257 
0.475083 0.03664507469 0.12083327584 
0.475640 0.17274007245 0.12304848813 
0.476196 0.02392735697 0.12365297539 
0.476753 0.14756909639 0.12238089155 
0.477310 0.17641934445 0.12215418902 
0.477867 0.16715672064 0.12413477128 
0.478424 0.05196728606 0.12456789003 
0.478981 0.20936077286 0.12181419464 
0.479538 0.17686922541 0.11952150847 
0.480095 0.03828337180 0.12168554905 
0.480652 0.05179015748 0.12008367365 
0.481209 0.21255394534 0.12121159424 
0.481766 0.22347306590 0.11821253703 
0.482323 -0.06598516764 0.11831013553 
0.482880 0.05088631161 0.11783981084 
0.483437 0.16995411269 0.12298089082 
0.483994 0.14992523146 0.12210143375 
0.484550 -0.06656843305 0.11555442796 
0.485107 0.21120231970 0.11790224062 
0.485664 0.05194459241 0.11877889273 
0.486221 -0.00219036747 0.12128444173 
0.486778 0.14874848217 0.12379484414 
0.487335 0.18618794047 0.12346448707 
0.487892 0.19932323015 0.12214124892 
0.488449 0.16122728755 0.11840512139 
0.489006 0.14589818396 0.12239122516 
0.489563 0.20371020515 0.11753773036 
0.490120 0.11294366338 0.11790267098 
0.490677 0.28941877141 0.11982175050 
0.491233 0.10184418852 0.12054675480 
0.491790 0.13876147583 0.12063492458 
0.492347 0.10449919566 0.12137363838 
0.492904 0.20405016533 0.12355722757 
0.493461 0.11838201761 0.12050267800 
0.494018 0.18025639273 0.12520026493 
0.494575 0.08808609533 0.12068569124 
0.495132 -0.06255591857 0.12508832899 
0.495689 0.09669710526 0.12261430704 
0.496246 0.27549817672 0.12387405823 
0.496802 0.18440317780 0.11998986748 
0.497359 0.09003265704 0.11921531731 
0.497916 0.14661287832 0.11870582619 
0.498473 0.11695871289 0.11805992244 
0.499030 0.18150853281 0.12238835890 
0.499587 0.09830323821 0.11910019057 
0.500144 0.10138771061 0.12581108563 
0.500701 0.13398597944 0.12604277507 
0.501258 0.03599302931 0.11942290488 
0.501815 0.07303301643 0.11977422220 
0.502371 0.13652970083 0.12193032720 
0.502928 -0.01447708680 0.11978497917 
0.503485 0.19225677838 0.12154122078 
0.504042 0.16790894154 0.12216801546 
0.504599 0.14953511047 0.12393585891 
0.505156 0.24076705792 0.12171678640 
0.505713 0.15347989959 0.12239276104 
0.506270 0.11803728477 0.12415685131 
0.506826 0.14639359490 0.12204201740 
0.507383 0.11761191524 0.12127356676 
0.507940 0.06057168817 0.12355582372 
0.508497 0.17154261476 0.12580505635 
0.509054 0.20042918851 0.12310095530 
0.509611 0.27233319729 0.11792811228 
0.510168 0.05475100947 0.11809767094 
0.510725 0.11876036431 0.12330356065 
0.511281 0.02599991130 0.12378001765 
0.511838 0.19690573565 0.12362754455 
0.512395 0.01831980939 0.12789850546 
0.512952 0.03239795071 0.12593449763 
0.513509 0.00234353029 0.12524225634 
0.514066 0.13880183966 0.12075051023 
0.514623 0.10275632220 0.12614799446 
0.515179 0.11713701949 0.12879022559 
0.515736 0.05787664477 0.12398211367 
0.516293 0.09734374679 0.12922590613 
0.516850 0.18569008572 0.12909187816 
0.517407 0.12245452004 0.12556326351 
0.517964 0.11414841549 0.12934956303 
0.518521 0.22092441654 0.12942992604 
0.519077 0.04456916383 0.13221631166 
0.519634 -0.00455890502 0.12940590148 
0.520191 0.08077517920 0.13417829344 
0.520748 -0.03530881359 0.12795650221 
0.521305 -0.00401701053 0.13399978455 
0.521862 0.08243409118 0.13610720418 
0.522418 0.13218220181 0.13416187240 
0.522975 -0.11223407860 0.13573532917 
0.523532 0.12805686041 0.13525733358 
0.524089 0.12363652511 0.13543006763 
0.524646 0.33365253687 0.14483531251 
0.525203 0.16875479191 0.13734773527 
0.525759 0.26399621349 0.14079098685 
0.526316 0.07460369273 0.13882809953 
0.526873 0.08648197194 0.14149255574 
0.527430 0.28379708984 0.14084018411 
0.527987 0.16951598294 0.13780426515 
0.528544 0.17367639423 0.14062954823 
0.529100 -0.00346862860 0.13768626590 
0.529657 0.35307097720 0.14499901075 
0.530214 0.09419777565 0.13944256865 
0.530771 0.23351018351 0.14135003359 
0.531328 0.10423378796 0.14871258457 
0.531884 0.02003859113 0.14497706484 
0.532441 0.14866674212 0.14890118977 
0.532998 -0.17859012249 0.15350540594 
0.533555 0.03012323627 0.15751703363 
0.534112 0.14344718632 0.15504584112 
0.534669 0.13688664794 0.15625306761 
0.535225 0.29488923588 0.15799769677 
0.535782 0.01890488835 0.15940157478 
0.536339 0.15224439387 0.16786348526 
0.536896 0.11778731255 0.16659394500 
0.537453 0.05860901000 0.15846132176 
0.538009 -0.04373857338 0.16186730297 
0.538566 0.11333262324 0.17596064745 
0.539123 0.19125474197 0.17775547126 
0.539680 0.20238907463 0.17704416083 
0.540237 0.03078815240 0.17774196348 
0.540793 0.10185669971 0.20266215188 
0.541350 -0.03866789926 0.21273853712 
0.541907 0.19814647459 0.23395702359 
0.542464 -0.05950477669 0.27147411903 
0.543021 0.82002484353 0.44622730646 
