0.011985 180.85640058799 0.00000000000 
0.012543 161.14444658199 8.29153609017 
0.013100 152.78333592208 12.66462039013 
0.013658 146.17022243535 10.61879851398 
0.014215 147.18760048510 9.49237363876 
0.014772 144.14838181258 6.90729462296 
0.015330 140.38925883505 5.53158313525 
0.015887 135.34291811494 5.44802572240 
0.016445 130.22168760814 4.45736611292 
0.017002 128.34482987240 3.82082360354 
0.017560 127.49708323451 3.79061279439 
0.018117 121.98462416917 3.17663173724 
0.018675 117.45804548300 2.53099811237 
0.019232 114.72991081926 2.55172352901 
0.019789 111.72985889624 2.16764506412 
0.020347 107.35955066522 2.24047223363 
0.020904 105.26526508537 1.76112656942 
0.021462 100.56133608883 1.70641111858 
0.022019 99.23376613405 1.55778152096 
0.022577 95.40611214332 1.39768386358 
0.023134 91.03496388751 1.29075896260 
0.023692 88.02566771117 1.36287021005 
0.024249 84.89349434350 1.10274096973 
0.024807 82.23257034570 1.24029793531 
0.025364 79.10462556468 0.98690818545 
0.025921 74.89066962297 0.97142122327 
0.026479 72.34062144751 0.93123943462 
0.027036 69.16663353740 0.76851920889 
0.027594 66.35614856598 0.81626132313 
0.028151 63.88477178884 0.71954613660 
0.028709 61.53437542480 0.73640559908 
0.029266 58.57943888235 0.70216454150 
0.029824 56.73603541442 0.64271143587 
0.030381 54.15591114817 0.64780121418 
0.030938 51.60254140701 0.64144375547 
0.031496 48.67925630611 0.57240097561 
0.032053 47.40943815214 0.58687521375 
0.032611 44.22044678179 0.53847543766 
0.033168 42.55065362950 0.48512430269 
0.033726 40.53398594939 0.53597116217 
0.034283 38.89127855486 0.48355698553 
0.034841 36.76868164410 0.46961799619 
0.035398 34.89521803188 0.48402709974 
0.035955 33.50053969082 0.45374287201 
0.036513 32.05573938483 0.43366926313 
0.037070 30.15491411592 0.40580230315 
0.037628 29.00451400068 0.44087576457 
0.038185 27.78277257589 0.41976082623 
0.038743 26.61209453482 0.42271679707 
0.039300 24.93724002950 0.40861225808 
0.039858 23.76543477537 0.38787858860 
0.040415 22.82066397965 0.37577175322 
0.040973 21.71076750083 0.40369282800 
0.041530 20.23720697467 0.38575961406 
0.042087 19.73766358590 0.38119355295 
0.042645 18.83755346465 0.34306866190 
0.043202 18.06869194015 0.35230042074 
0.043760 17.30925579817 0.32998757934 
0.044317 16.18393301671 0.35049761581 
0.044875 15.51872971411 0.32974701541 
0.045432 14.87889485320 0.31509361420 
0.045990 14.72681458271 0.29958302327 
0.046547 13.47180104986 0.30471260677 
0.047104 13.28224488062 0.31090294036 
0.047662 12.71011558415 0.30512830482 
0.048219 12.52514849321 0.29740580844 
0.048777 11.38765513611 0.29581599290 
0.049334 11.53463840534 0.28034919256 
0.049892 10.73094184999 0.28680326845 
0.050449 10.40083922317 0.27978275645 
0.051007 10.63586695611 0.28192344352 
0.051564 10.50120002362 0.28311788753 
0.052121 9.69592463962 0.26474958657 
0.052679 9.41050534913 0.25964331676 
0.053236 9.30190601581 0.25608791497 
0.053794 9.03504667717 0.26574277295 
0.054351 8.49874884997 0.24403943672 
0.054909 8.61064685689 0.23860284008 
0.055466 8.09874327232 0.26010972869 
0.056024 8.20606523464 0.25001198847 
0.056581 7.67218604017 0.24838054308 
0.057138 7.60780405007 0.23905239210 
0.057696 7.63973924940 0.24730029939 
0.058253 7.65517463934 0.24209330079 
0.058811 7.48250517839 0.23452761664 
0.059368 7.52489426468 0.23620948374 
0.059926 7.08596274590 0.23857850584 
0.060483 6.93688299038 0.24200287273 
0.061041 7.09690314378 0.23054592428 
0.061598 7.22591105491 0.22641318241 
0.062155 6.64043969700 0.22616591422 
0.062713 6.70055307856 0.22514194508 
0.063270 6.46033721765 0.23297281017 
0.063828 6.59818789312 0.22532023180 
0.064385 6.26874134867 0.21890697359 
0.064943 6.29626187923 0.21598966298 
0.065500 6.08613521283 0.20380672035 
0.066057 5.81900934221 0.22322890093 
0.066615 5.87975238652 0.21850582655 
0.067172 5.55787149725 0.21738799768 
0.067730 5.75054448608 0.20957074324 
0.068287 5.64026217028 0.20474176118 
0.068845 5.56968076980 0.20765977398 
0.069402 5.64239080761 0.19793916941 
0.069960 5.63634032853 0.20110355136 
0.070517 5.30500367519 0.19788848718 
0.071074 5.19389401723 0.20235985329 
0.071632 4.66209327742 0.19606252723 
0.072189 4.94246512972 0.18421390504 
0.072747 4.60067213197 0.19318515972 
0.073304 4.71748851796 0.19174134325 
0.073862 4.39374250299 0.19517214597 
0.074419 4.77988982854 0.18778674656 
0.074977 4.34633858356 0.19018775826 
0.075534 3.97922677958 0.18819055980 
0.076091 4.30334186081 0.18437185407 
0.076649 3.98674059302 0.18317018979 
0.077206 4.04582276020 0.18925795496 
0.077764 3.72705156014 0.18488105254 
0.078321 3.68432486886 0.17933103915 
0.078879 3.86090760092 0.17948020609 
0.079436 3.40554334697 0.17942106258 
0.079993 3.34438924158 0.17586585511 
0.080551 3.25716098673 0.16502581262 
0.081108 3.35351011351 0.17479235318 
0.081666 3.17228641104 0.18275718547 
0.082223 3.14778634371 0.17812644750 
0.082781 2.75559323642 0.17230412706 
0.083338 2.74503123657 0.17488698657 
0.083895 2.68131687069 0.16722049164 
0.084453 2.59665477735 0.17105219332 
0.085010 2.27924867580 0.16619531057 
0.085568 2.36308472400 0.17116056719 
0.086125 2.46705378493 0.16463809293 
0.086683 2.16579297952 0.16383318584 
0.087240 1.99455844970 0.16702019762 
0.087798 2.12007068659 0.16550506651 
0.088355 1.98942792283 0.16516535484 
0.088912 1.90043983440 0.16097564799 
0.089470 2.05562295730 0.16120241247 
0.090027 1.80566432595 0.16556432450 
0.090585 1.85261063714 0.16016384551 
0.091142 1.68476021916 0.16310188781 
0.091700 1.46394564474 0.15978573116 
0.092257 1.34902806199 0.15745532326 
0.092814 1.56509360249 0.15374999995 
0.093372 1.27679875359 0.15651437693 
0.093929 1.54594734978 0.15162377332 
0.094487 1.22086923834 0.15212027876 
0.095044 1.06687239714 0.15919237843 
0.095602 1.20794840640 0.14725673695 
0.096159 1.33829003311 0.15109071483 
0.096716 1.22919256763 0.15404561543 
0.097274 1.20535037775 0.15343740753 
0.097831 1.10395667435 0.14664813525 
0.098389 1.05512051640 0.15275659933 
0.098946 0.99709191414 0.14846009054 
0.099504 1.05926521951 0.14322391747 
0.100061 1.25054852874 0.14582380641 
0.100618 1.01010957441 0.14671561425 
0.101176 1.05321717563 0.14682398873 
0.101733 1.06489190819 0.14479775163 
0.102291 0.98924419918 0.14572918901 
0.102848 0.98546242585 0.14615236257 
0.103406 0.96292067998 0.14647319255 
0.103963 1.02369518671 0.14525986638 
0.104520 0.86940716343 0.14265843195 
0.105078 0.84183919326 0.14027230439 
0.105635 0.79312601883 0.14371691931 
0.106193 0.97704991869 0.14419380789 
0.106750 0.92242149798 0.14444830344 
0.107308 0.90848398005 0.13815757292 
0.107865 0.95920897810 0.13995672114 
0.108422 0.98405968775 0.14247818267 
0.108980 0.97274445099 0.13684768599 
0.109537 0.78076075468 0.13720726804 
0.110095 0.80543194862 0.14011485600 
0.110652 0.77396652045 0.13715732659 
0.111210 0.79705462087 0.13856452351 
0.111767 0.82883975241 0.13875823179 
0.112324 0.71308266305 0.14019540718 
0.112882 0.77183702363 0.13710643444 
0.113439 0.81393844473 0.13494944458 
0.113997 0.72975494094 0.13172135179 
0.114554 0.73522516311 0.13608763815 
0.115111 0.91397899812 0.13611393580 
0.115669 0.73239016406 0.13438653675 
0.116226 0.73420166463 0.13176394107 
0.116784 0.76083584886 0.13483240347 
0.117341 0.73159137748 0.13624570929 
0.117899 0.75134807260 0.14005246521 
0.118456 0.70498748983 0.13081150080 
0.119013 0.58130928567 0.13155551256 
0.119571 0.68927235229 0.12997329458 
0.120128 0.73125714298 0.13032757363 
0.120686 0.58953873326 0.13366216122 
0.121243 0.73418440347 0.13257349299 
0.121800 0.60250600729 0.13106413041 
0.122358 0.46507569898 0.12998409462 
0.122915 0.62739030251 0.12978785411 
0.123473 0.68858570304 0.13021612365 
0.124030 0.74259105646 0.13078558169 
0.124588 0.63607538284 0.12549864538 
0.125145 0.62771959378 0.12714563249 
0.125702 0.71354752494 0.13169132792 
0.126260 0.52270358722 0.12577042300 
0.126817 0.73326924261 0.13098694962 
0.127375 0.75066146375 0.12513035222 
0.127932 0.55939413122 0.12756649187 
0.128489 0.59852467693 0.12978880872 
0.129047 0.59314392083 0.12585524812 
0.129604 0.52686925604 0.12434519820 
0.130162 0.56320078236 0.12965341391 
0.130719 0.60108426530 0.12495537676 
0.131277 0.52202161934 0.12613476418 
0.131834 0.62298048612 0.12180434965 
0.132391 0.65385813014 0.12677009566 
0.132949 0.62215886038 0.12628344950 
0.133506 0.50282350894 0.12820976476 
0.134064 0.47412071339 0.12906445015 
0.134621 0.49655484298 0.13552006478 
0.135178 0.47817450734 0.13505076590 
0.135736 0.46168318187 0.13574804060 
0.136293 0.42282393819 0.14294355108 
0.136851 0.34059980643 0.12856065297 
0.137408 0.60440112269 0.13451976958 
0.137965 0.24534293933 0.13785477630 
0.138523 0.39388695389 0.13505248404 
0.139080 0.31686829128 0.13855733668 
0.139638 0.35872630279 0.13836717868 
0.140195 0.37573593826 0.13924710749 
0.140752 0.48853329441 0.14254470459 
0.141310 0.38793939877 0.14234408726 
0.141867 0.38314279521 0.13831442905 
0.142425 0.36395616073 0.14027678618 
0.142982 0.43098232692 0.13820533364 
0.143540 0.42062371902 0.13892632575 
0.144097 0.29094157988 0.12994186558 
0.144654 0.29116328332 0.13450931162 
0.145212 0.37478609896 0.12634507905 
0.145769 0.43503661920 0.12748943632 
0.146327 0.44767669147 0.13323594463 
0.146884 0.31367955524 0.12531363637 
0.147441 0.31438623959 0.12711862913 
0.147999 0.26596696690 0.12577783682 
0.148556 0.32835606007 0.12481215008 
0.149114 0.32139648109 0.12636289080 
0.149671 0.29263486566 0.12626221551 
0.150228 0.35108134924 0.12805005176 
0.150786 0.25204615223 0.12601828191 
0.151343 0.25416322387 0.12889297189 
0.151901 0.16776212692 0.12361708744 
0.152458 0.30968971000 0.12444444662 
0.153015 0.23277739377 0.12010672865 
0.153573 0.30616187511 0.12219390010 
0.154130 0.21683979860 0.12039789810 
0.154688 0.19527303221 0.11648611691 
0.155245 0.07405332974 0.12117866462 
0.155802 0.14012582829 0.11627028538 
0.156360 0.35506375562 0.12174201071 
0.156917 0.21992918761 0.12045369445 
0.157475 0.31764398106 0.11878828515 
0.158032 0.12479296097 0.12014433402 
0.158589 0.20928442554 0.11591393967 
0.159147 0.14789329893 0.11714903439 
0.159704 0.11246611107 0.11893278331 
0.160261 0.05940671617 0.12049744699 
0.160819 0.12950893034 0.11407177887 
0.161376 0.23178674259 0.11778165436 
0.161934 0.16032089444 0.11967824525 
0.162491 0.10751394459 0.11699141689 
0.163048 0.17207942132 0.11752819324 
0.163606 0.09538563779 0.11665131901 
0.164163 -0.01460000345 0.11544851375 
0.164721 0.13795219478 0.11570025276 
0.165278 0.03132012440 0.11474356963 
0.165835 0.09252145987 0.11239426734 
0.166393 0.06195830041 0.11328726720 
0.166950 0.15192005483 0.11495951427 
0.167508 0.11370865770 0.11213770835 
0.168065 0.11451245437 0.11577548511 
0.168622 0.15875000243 0.11341575119 
0.169180 -0.05887879891 0.11093295005 
0.169737 0.08363601566 0.11097323853 
0.170294 0.12925141484 0.11073258356 
0.170852 0.08197612407 0.11451746066 
0.171409 0.12408161765 0.11220904402 
0.171967 0.06429312133 0.11124862249 
0.172524 0.06996423138 0.10935447854 
0.173081 0.02736527442 0.11033053218 
0.173639 0.20841630755 0.10886253901 
0.174196 0.01830753573 0.10815446069 
0.174754 0.24556532397 0.11162997569 
0.175311 0.15283495128 0.11020302013 
0.175868 0.10120887470 0.10891378889 
0.176426 0.15282599996 0.10878454317 
0.176983 0.21326045614 0.10854419945 
0.177540 -0.00533018838 0.11042498782 
0.178098 0.19360093841 0.10619338564 
0.178655 0.05174663264 0.10843227468 
0.179213 0.00117359996 0.10826037331 
0.179770 0.17322765851 0.10719964094 
0.180327 0.06494437177 0.10882823330 
0.180885 0.16140344080 0.10745353775 
0.181442 -0.01230165332 0.10639596434 
0.181999 0.08873885066 0.10577110375 
0.182557 0.01542125245 0.10426696083 
0.183114 0.01670042974 0.10768842278 
0.183672 0.18063467923 0.10612255771 
0.184229 0.08325297239 0.10654966140 
0.184786 0.13756908895 0.10496223138 
0.185344 0.07044091314 0.10319260411 
0.185901 0.13976171389 0.10743851086 
0.186458 -0.07126258064 0.10423822667 
0.187016 0.05501740731 0.10773893976 
0.187573 0.15670834385 0.10574424018 
0.188131 0.06786765588 0.10670048973 
0.188688 -0.03776288873 0.10365941098 
0.189245 0.01869049207 0.10640813738 
0.189803 0.05521599773 0.10490708139 
0.190360 0.12372141173 0.10295896622 
0.190917 0.05501111502 0.10421984641 
0.191475 0.11504267387 0.10403452407 
0.192032 0.27228871167 0.10696274981 
0.192590 0.17489325682 0.10393614533 
0.193147 0.14150206474 0.10558021004 
0.193704 0.11587290698 0.10285016302 
0.194262 0.13712525504 0.10400882228 
0.194819 0.10204089445 0.10241136502 
0.195376 0.18490954227 0.10305477416 
0.195934 0.08200945171 0.10262151550 
0.196491 0.14848326355 0.10041723123 
0.197048 0.10932972911 0.10514557790 
0.197606 0.04217699029 0.10172013515 
0.198163 0.02466481680 0.10260470400 
0.198721 0.15361017882 0.10241083701 
0.199278 0.20150563161 0.10499567454 
0.199835 0.08256415549 0.10103727015 
0.200393 0.08223441733 0.10419360693 
0.200950 0.22981713439 0.10068845278 
0.201507 0.05256805031 0.10213132130 
0.202065 0.04370792636 0.09996838131 
0.202622 0.04860826032 0.10223841167 
0.203179 0.10407240286 0.09985558379 
0.203737 0.15135430167 0.09951096586 
0.204294 0.13373440685 0.10068893339 
0.204851 0.03826311887 0.09956150658 
0.205409 0.02930258487 0.10119234824 
0.205966 0.09330210220 0.09895960397 
0.206524 0.16189233075 0.10103716370 
0.207081 0.11674349865 0.09766240334 
0.207638 0.08257266686 0.09913170636 
0.208196 0.23180669228 0.09750302781 
0.208753 0.06594425532 0.09894222504 
0.209310 0.18777549280 0.09637705553 
0.209868 0.06817229180 0.09840133053 
0.210425 0.09962352473 0.09714592784 
0.210982 0.11769402118 0.09910168175 
0.211540 -0.14895699691 0.09589001650 
0.212097 0.08243865467 0.09593172778 
0.212654 -0.02963268741 0.09801498981 
0.213212 0.14400212977 0.09903146017 
0.213769 0.18638626424 0.09894378557 
0.214326 0.05809705934 0.09756290073 
0.214884 0.06869494317 0.09629603252 
0.215441 0.20575320509 0.09639536265 
0.215999 0.12513093086 0.09529731784 
0.216556 0.18818069578 0.09643511052 
0.217113 0.16114035483 0.09769478601 
0.217671 0.16996291725 0.09564616736 
0.218228 0.12835534880 0.09640647835 
0.218785 0.09456527505 0.09706109422 
0.219343 0.07552201851 0.09362978403 
0.219900 0.15760770586 0.09239985083 
0.220457 0.10757490970 0.09419751965 
0.221015 0.25215768810 0.09546987551 
0.221572 0.19667542155 0.09400366024 
0.222129 0.18010572371 0.09474527788 
0.222687 0.13559042810 0.09473797984 
0.223244 0.12193931145 0.09172003247 
0.223801 0.15412043347 0.09467221127 
0.224359 0.14076844587 0.09385579224 
0.224916 0.06107813752 0.09377612434 
0.225473 0.13706154991 0.09514733061 
0.226031 0.17753729263 0.09547852636 
0.226588 0.20548450159 0.09458427044 
0.227145 0.09472565829 0.09298728896 
0.227703 -0.02023434787 0.09142693772 
0.228260 0.24700642043 0.09192009671 
0.228817 0.11717771290 0.09506355098 
0.229375 0.10848814326 0.09359742137 
0.229932 0.09763466455 0.09301454797 
0.230489 0.04553381546 0.09237098286 
0.231047 0.15166700969 0.09319819128 
0.231604 0.02963940091 0.09178711949 
0.232161 0.15994547932 0.09323388213 
0.232719 0.07781803175 0.08923243109 
0.233276 0.23099213752 0.09220269992 
0.233833 0.09821009458 0.09134593834 
0.234391 0.06636397007 0.09229395299 
0.234948 0.05864523607 0.09078031647 
0.235505 0.11148480027 0.09155593535 
0.236063 0.10221746859 0.09197933875 
0.236620 0.14745808007 0.09218668614 
0.237177 0.21576856046 0.09313632707 
0.237735 0.11263962446 0.09191725916 
0.238292 0.19309988566 0.09215279726 
0.238849 0.17632656489 0.09212739776 
0.239407 0.15208005630 0.09196468115 
0.239964 0.01324081725 0.09198010453 
0.240521 0.18015601305 0.08840726958 
0.241079 0.05759853110 0.09131260412 
0.241636 0.08347190646 0.09085237851 
0.242193 0.08612363308 0.09199654386 
0.242750 0.10900643084 0.08910032162 
0.243308 0.14102068864 0.08965991839 
0.243865 0.10855381787 0.08987082403 
0.244422 0.09437632995 0.09051096883 
0.244980 0.20322439632 0.08814323936 
0.245537 0.17611845291 0.08738553821 
0.246094 0.10581293443 0.09007206721 
0.246652 0.04700372778 0.08730952813 
0.247209 0.13827600242 0.08945485249 
0.247766 0.21460639404 0.08962665339 
0.248324 0.10546804979 0.08987969731 
0.248881 0.10348989550 0.09021651358 
0.249438 0.19702349499 0.08885500892 
0.249996 0.19535371980 0.08794083934 
0.250553 0.24760533636 0.08954522234 
0.251110 0.05649986830 0.08806263520 
0.251667 0.14496953244 0.08769348673 
0.252225 0.16976496113 0.08827519997 
0.252782 0.12286991678 0.08896464829 
0.253339 0.06719682717 0.08858258891 
0.253897 -0.06570280620 0.08866561103 
0.254454 0.13496844175 0.08771115544 
0.255011 0.09835786779 0.08530248819 
0.255569 0.10075511658 0.08535633596 
0.256126 0.11868964381 0.08764863450 
0.256683 0.08401284767 0.08631858311 
0.257241 0.02764560820 0.08643532337 
0.257798 0.10797141380 0.08764511984 
0.258355 0.18924179756 0.08716993690 
0.258912 0.11953050099 0.08729048936 
0.259470 0.10096153829 0.08611153405 
0.260027 0.06771631310 0.08585324990 
0.260584 -0.02932814043 0.08700670890 
0.261142 0.10456608725 0.08655836709 
0.261699 0.13894325205 0.08647667264 
0.262256 0.03312371074 0.08616520021 
0.262814 0.02971483558 0.08499890578 
0.263371 0.12318747333 0.08607953704 
0.263928 0.13519300964 0.08679442473 
0.264485 0.09990514709 0.08620156340 
0.265043 0.00280471606 0.08493096427 
0.265600 0.06641916107 0.08578544848 
0.266157 0.14678797903 0.08524305772 
0.266715 0.08474845804 0.08598513464 
0.267272 0.16091054226 0.08628901688 
0.267829 0.15355862388 0.08625857364 
0.268386 -0.06953328551 0.08598337072 
0.268944 0.07063330951 0.08622670894 
0.269501 0.24773746969 0.08570476718 
0.270058 0.08560092102 0.08507002737 
0.270616 0.18286453229 0.08310218805 
0.271173 0.01693683992 0.08403801609 
0.271730 0.13441082092 0.08596121866 
0.272287 0.16290133537 0.08728825911 
0.272845 0.10800246492 0.08562466663 
0.273402 -0.00098987250 0.08772723611 
0.273959 0.08133521191 0.08710017135 
0.274517 0.06707427904 0.08868428088 
0.275074 0.04708007005 0.08935237221 
0.275631 0.13343553933 0.09178739043 
0.276188 0.09351965830 0.08816668332 
0.276746 0.13761917808 0.08977598134 
0.277303 0.09685999226 0.08908832511 
0.277860 0.10082623814 0.09032508234 
0.278418 0.06986037977 0.09109075255 
0.278975 0.05451632709 0.09047246133 
0.279532 0.13422076210 0.09148321688 
0.280089 0.13591570516 0.09108006079 
0.280647 0.14328921907 0.09222725586 
0.281204 0.08668704323 0.08773398472 
0.281761 -0.01042232476 0.09144852486 
0.282318 0.10762997807 0.08933082675 
0.282876 0.01719231382 0.08768136657 
0.283433 0.07283126971 0.08732827232 
0.283990 0.05621334422 0.08754512966 
0.284548 0.09983931799 0.08567834011 
0.285105 0.16968801597 0.08544437445 
0.285662 0.02642860820 0.08779184250 
0.286219 0.02321685508 0.08587632114 
0.286777 0.13343771858 0.08396442388 
0.287334 0.08936338640 0.08632261385 
0.287891 0.18864427960 0.08633739803 
0.288448 0.00911441660 0.08560324175 
0.289006 -0.03053808094 0.08386147110 
0.289563 0.05242729788 0.08616192948 
0.290120 0.05187161313 0.08504412714 
0.290677 -0.00552517538 0.08375651024 
0.291235 0.13018101065 0.08436464021 
0.291792 -0.01021284282 0.08587018001 
0.292349 0.05653443849 0.08530813627 
0.292906 -0.02750817663 0.08518824835 
0.293464 -0.00100849019 0.08397227211 
0.294021 0.04558385486 0.08485450269 
0.294578 0.07414210824 0.08590749073 
0.295136 -0.06293961213 0.08582962804 
0.295693 0.03564876830 0.08664020754 
0.296250 0.07027082696 0.08863851778 
0.296807 0.06188641343 0.08648856937 
0.297365 0.00369594451 0.08587988892 
0.297922 0.05481376430 0.08408443157 
0.298479 0.12940455104 0.08643136739 
0.299036 0.08262125786 0.08547855294 
0.299594 0.09083659043 0.08311617320 
0.300151 0.11776581866 0.08574895599 
0.300708 0.09599261650 0.08559047299 
0.301265 0.13121867072 0.08499844340 
0.301823 0.12492797979 0.08600366757 
0.302380 0.15522006974 0.08649532908 
0.302937 0.16781260045 0.08653807850 
0.303494 0.11366069839 0.08567705846 
0.304052 -0.02555104241 0.08623793702 
0.304609 0.09710539943 0.08507441450 
0.305166 0.06115569955 0.08421291725 
0.305723 0.13251759878 0.08778158758 
0.306280 -0.03391432457 0.08650856020 
0.306838 0.03721155153 0.08568568035 
0.307395 0.05737759676 0.08517058189 
0.307952 0.01431319035 0.08530776787 
0.308509 0.04432585457 0.08670030882 
0.309067 0.03006090122 0.08638632319 
0.309624 -0.02826703176 0.08514129359 
0.310181 0.03230866426 0.08469091701 
0.310738 0.04994855391 0.08714700240 
0.311296 0.14576243800 0.08569224016 
0.311853 0.15000915043 0.08505828582 
0.312410 0.02321372456 0.08821965985 
0.312967 0.11779876770 0.08732713270 
0.313525 0.07567733734 0.08450992406 
0.314082 0.17337353334 0.08547630475 
0.314639 0.03550412962 0.08733588236 
0.315196 0.01006667284 0.08674425649 
0.315753 0.12236425430 0.08669427243 
0.316311 0.09552463095 0.08544704820 
0.316868 0.10611563504 0.08567135467 
0.317425 -0.01408746389 0.08616142974 
0.317982 0.10106558589 0.08770497536 
0.318540 0.15068107021 0.08435841571 
0.319097 0.12467841480 0.08693858898 
0.319654 0.01058393832 0.08769660242 
0.320211 0.04781720378 0.08732283786 
0.320768 0.03419635862 0.08656782549 
0.321326 0.05434167876 0.08640626046 
0.321883 0.04941100767 0.08836590497 
0.322440 0.10538748459 0.08797570565 
0.322997 -0.00069607099 0.08710178701 
0.323555 -0.06927242873 0.08578522098 
0.324112 0.10494406103 0.08706778543 
0.324669 0.04571200690 0.08997128721 
0.325226 0.04378186978 0.08864984545 
0.325783 0.13347117617 0.08811178864 
0.326341 0.04137510197 0.08751027221 
0.326898 0.00145324824 0.08630604352 
0.327455 0.16616018080 0.08811266608 
0.328012 0.09819736001 0.08831928758 
0.328569 0.13126594669 0.08736554669 
0.329127 0.18290216020 0.08769634224 
0.329684 0.14852042051 0.08744648468 
0.330241 0.07490855950 0.09024964059 
0.330798 -0.07250456539 0.08690429457 
0.331355 0.15959452741 0.08714245017 
0.331913 0.05646366192 0.08867152570 
0.332470 0.19437137526 0.09020343391 
0.333027 0.18519587085 0.08725637647 
0.333584 0.02494555410 0.08857121573 
0.334141 0.11809188764 0.09062191221 
0.334699 0.17509636362 0.08984742749 
0.335256 0.12438698158 0.09068766814 
0.335813 0.13974027414 0.08885651679 
0.336370 -0.02128384382 0.09143170563 
0.336927 -0.01099095214 0.08932312678 
0.337485 0.01984743436 0.09222269251 
0.338042 0.00005737192 0.09367723462 
0.338599 0.08503873973 0.09248273193 
0.339156 0.18914090637 0.09294245214 
0.339713 0.07256426559 0.09310354690 
0.340271 0.11752478292 0.09227126560 
0.340828 0.08957692329 0.09378189355 
0.341385 0.19240756532 0.09438844891 
0.341942 0.05492225591 0.09557392872 
0.342499 0.04039811974 0.09362313206 
0.343057 -0.05568417766 0.09430459400 
0.343614 0.17261287923 0.09402146410 
0.344171 -0.03801390258 0.09387758793 
0.344728 0.06608016595 0.09454221188 
0.345285 0.06559770809 0.09390199426 
0.345842 0.04326250397 0.09575415764 
0.346400 0.18423135527 0.09407298593 
0.346957 0.14211735049 0.09619603187 
0.347514 0.15629223052 0.09563258175 
0.348071 0.16573663973 0.09695097455 
0.348628 0.20633410060 0.09714402153 
0.349186 0.12195005649 0.09722461416 
0.349743 0.06255916903 0.09588928945 
0.350300 0.07338005364 0.10027100988 
0.350857 0.07258066691 0.09652416070 
0.351414 0.20669792111 0.09792969065 
0.351971 0.11355204486 0.10109830789 
0.352529 0.04852342512 0.09966923439 
0.353086 -0.02055839376 0.09951045723 
0.353643 0.01527065416 0.10138657053 
0.354200 0.12931556071 0.10054494655 
0.354757 -0.04754206799 0.10336331501 
0.355314 0.09446022566 0.10164369652 
0.355872 0.17740065831 0.10264741329 
0.356429 0.06615048137 0.10142665426 
0.356986 0.04506080846 0.10139582400 
0.357543 0.22173891480 0.10358788451 
0.358100 0.08477502534 0.10282151282 
0.358657 0.13640173892 0.10255445037 
0.359215 0.19755532455 0.10507311177 
0.359772 0.01862506160 0.10538962841 
0.360329 0.09053348370 0.10369177750 
0.360886 0.06552501584 0.10382896013 
0.361443 0.13905243835 0.10487567956 
0.362000 0.11447146445 0.10084648416 
0.362558 0.22926416620 0.10273392399 
0.363115 0.21803978573 0.10376486171 
0.363672 0.15546260185 0.10252764996 
0.364229 0.05880013713 0.10285718928 
0.364786 -0.01498598793 0.10299821622 
0.365343 -0.05777612393 0.10300667740 
0.365900 0.11364881773 0.10280196310 
0.366458 -0.03311763714 0.10338048513 
0.367015 0.07206939597 0.10285748381 
0.367572 0.03890264865 0.10364557490 
0.368129 0.08933673979 0.10055992671 
0.368686 0.01102383591 0.09846512015 
0.369243 0.03683826937 0.10136772018 
0.369801 0.11609042613 0.09869410782 
0.370358 -0.02558914415 0.10197535201 
0.370915 -0.09219181505 0.10033571435 
0.371472 0.08254776975 0.10052478293 
0.372029 0.11708138517 0.09903345603 
0.372586 0.11920704237 0.09904162935 
0.373143 0.18490327912 0.10009313938 
0.373700 0.02473635060 0.09746007691 
0.374258 0.04599077609 0.09703138687 
0.374815 0.15348377257 0.09953363690 
0.375372 0.02147306580 0.09597905416 
0.375929 0.18522690377 0.09599159703 
0.376486 0.08088971798 0.09563626348 
0.377043 -0.03489472768 0.09674744269 
0.377600 0.12903094046 0.09521802472 
0.378158 0.07140159015 0.09675371300 
0.378715 0.09931143471 0.09741936811 
0.379272 0.04217013277 0.09356903933 
0.379829 0.08932700811 0.09532617337 
0.380386 0.04475537574 0.09440427920 
0.380943 0.11630014052 0.09347508665 
0.381500 0.12805589566 0.09422799768 
0.382057 0.14366674213 0.09219091830 
0.382615 0.14950037702 0.09202969912 
0.383172 -0.02726884495 0.09433593726 
0.383729 0.01179447339 0.09187581673 
0.384286 0.13676899981 0.09239965708 
0.384843 0.10719508131 0.09375276479 
0.385400 0.04090914456 0.08917956729 
0.385957 0.08717266954 0.09109843893 
0.386514 0.10639039981 0.09157587246 
0.387072 -0.02924249283 0.09327116262 
0.387629 0.12339852221 0.09042665312 
0.388186 0.11433035260 0.08961124787 
0.388743 0.00165763284 0.09126016396 
0.389300 -0.03592918368 0.09194088589 
0.389857 0.12676105027 0.09018901064 
0.390414 0.12702230302 0.09171769951 
0.390971 -0.06155938316 0.09012035472 
0.391528 0.04511730404 0.09019083354 
0.392086 0.11767050994 0.09007642544 
0.392643 0.11182853370 0.08985464632 
0.393200 0.11097923546 0.09082334466 
0.393757 0.07291443419 0.08960326564 
0.394314 -0.01313723999 0.08703157881 
0.394871 0.11634193058 0.09004034634 
0.395428 0.07757808093 0.09181538528 
0.395985 0.06765094899 0.08919544494 
0.396542 0.11379552588 0.08992129742 
0.397099 0.13704864971 0.09057973563 
0.397657 0.08335958701 0.09017085326 
0.398214 0.01004383365 0.09101640576 
0.398771 -0.00430527990 0.09003659156 
0.399328 0.02778132000 0.08926138113 
0.399885 0.09180118090 0.08752607056 
0.400442 0.05787314378 0.08802080566 
0.400999 0.08286538053 0.09166751893 
0.401556 0.04972697568 0.09168244935 
0.402113 -0.04123614212 0.09309744077 
0.402670 0.07381299845 0.09606405003 
0.403227 0.12232373178 0.09735433740 
0.403785 0.23770893185 0.09707038438 
0.404342 0.03767026566 0.09670740127 
0.404899 -0.01406743656 0.09781858640 
0.405456 0.07558407949 0.09933502869 
0.406013 0.07819161120 0.09818111065 
0.406570 0.18976503156 0.10035809506 
0.407127 0.05513937538 0.09800371451 
0.407684 0.13984903388 0.10092773222 
0.408241 0.11047333825 0.10384743801 
0.408798 0.00739897149 0.10366087914 
0.409355 0.00495023996 0.10494404803 
0.409912 0.15794561374 0.10990983147 
0.410469 0.08723008536 0.10908159034 
0.411027 -0.02979673397 0.11012784810 
0.411584 -0.00076115134 0.10676617888 
0.412141 0.04472161019 0.11278775995 
0.412698 0.06066760689 0.11255373759 
0.413255 0.12964301041 0.10951526610 
0.413812 0.05734455802 0.11174479498 
0.414369 0.09070014709 0.11416548334 
0.414926 0.06334669867 0.11317831179 
0.415483 0.10782184862 0.11096412634 
0.416040 0.12188801753 0.11683418208 
0.416597 0.07804983813 0.11280013347 
0.417154 0.16977209209 0.11826031542 
0.417711 0.18889360539 0.11621962659 
0.418268 0.09460528634 0.11699980750 
0.418825 0.14369159897 0.11818409797 
0.419382 0.03423497748 0.11215843466 
0.419940 0.13963895494 0.11549188954 
0.420497 0.06434625967 0.11418674240 
0.421054 0.05291716530 0.11531249734 
0.421611 0.19074868676 0.11515594656 
0.422168 0.12196226515 0.11371291536 
0.422725 0.17277537628 0.11455731788 
0.423282 0.01693588266 0.11545784969 
0.423839 -0.03595372620 0.11333594741 
0.424396 0.06566678621 0.11570478520 
0.424953 0.00397470931 0.11591232876 
0.425510 -0.02611486440 0.11443828566 
0.426067 0.08082523179 0.11244464724 
0.426624 0.05063551416 0.11098877376 
0.427181 0.04456153261 0.11631796319 
0.427738 0.10205602759 0.11784255383 
0.428295 0.10083597255 0.11621048890 
0.428852 0.11594889886 0.11767882462 
0.429409 -0.00155091111 0.11503756098 
0.429966 0.12860467108 0.11602871025 
0.430523 0.12178349768 0.11520337960 
0.431080 -0.00926094556 0.11605705435 
0.431637 0.29955292496 0.11599188716 
0.432194 -0.08435146082 0.11686104726 
0.432752 0.03082177120 0.12060049595 
0.433309 -0.01379089898 0.11821152431 
0.433866 0.06567224786 0.11694083497 
0.434423 -0.00710804592 0.11683060943 
0.434980 0.21480217746 0.11873481863 
0.435537 0.00099658529 0.11989973167 
0.436094 -0.00502284799 0.11791059085 
0.436651 -0.01526484567 0.12039834694 
0.437208 0.12890086019 0.11932607972 
0.437765 0.00502028124 0.11847139410 
0.438322 0.08191628563 0.11805061631 
0.438879 0.12539187407 0.11977135774 
0.439436 0.01885619558 0.12111036828 
0.439993 0.19925295181 0.11886471953 
0.440550 0.12887300927 0.12236121405 
0.441107 -0.02312318436 0.11707200433 
0.441664 0.02687851401 0.12046494735 
0.442221 0.00084312968 0.12150394712 
0.442778 0.08989800930 0.12115730738 
0.443335 0.11666194319 0.12563160105 
0.443892 -0.07941350125 0.12152291001 
0.444449 0.08680017532 0.12597106319 
0.445006 0.15582677176 0.12636871347 
0.445563 0.19383964740 0.12234985070 
0.446120 0.04078210356 0.12657907115 
0.446677 0.25553268573 0.12250481171 
0.447234 0.11982583338 0.12509668729 
0.447791 0.05588217654 0.12442711475 
0.448348 0.18094844870 0.12060492715 
0.448905 0.09831713881 0.12227941986 
0.449462 -0.01050328330 0.12100031687 
0.450019 0.00672224190 0.12319272775 
0.450576 0.08595662305 0.12646839969 
0.451133 0.04664732754 0.12281361254 
0.451690 0.08251722055 0.12435128987 
0.452247 0.03029202322 0.12779211368 
0.452804 0.10013275353 0.12205820878 
0.453361 0.07321989108 0.12197047497 
0.453918 0.02196024566 0.12121039539 
0.454475 0.03583820771 0.11991981798 
0.455032 0.09727144733 0.12496768326 
0.455589 0.04700156843 0.12118664857 
0.456146 -0.00406791100 0.12321250677 
0.456703 0.22821869081 0.12624507226 
0.457260 0.12256209316 0.12048332283 
0.457817 0.08732523084 0.12508500427 
0.458374 0.06773798758 0.12338300236 
0.458931 0.07907305595 0.12104038421 
0.459488 -0.09572574249 0.12200163328 
0.460045 -0.02523965165 0.12322269437 
0.460602 0.17790165275 0.12422472487 
0.461159 0.23898373973 0.11969024174 
0.461716 0.21903652942 0.12244384118 
0.462273 0.17268820576 0.12288594338 
0.462830 0.05275767924 0.12238600177 
0.463387 0.10603646489 0.12078615847 
0.463943 -0.11319013593 0.11921820679 
0.464500 0.22641709231 0.12186941084 
0.465057 0.06067369809 0.12406227364 
0.465614 0.07334701464 0.12133408012 
0.466171 0.04210476833 0.12211433185 
0.466728 0.17010612500 0.12648643443 
0.467285 0.14989839842 0.12069449404 
0.467842 0.16981379042 0.12753493172 
0.468399 0.31173075970 0.12771039334 
0.468956 0.00239671091 0.11967028507 
0.469513 0.13905802451 0.12275118903 
0.470070 0.21052516360 0.11931979154 
0.470627 0.08285749062 0.12346814297 
0.471184 0.06906136874 0.12064110877 
0.471741 0.11676161678 0.12144650295 
0.472298 0.16120218421 0.12664842257 
0.472855 0.00609219323 0.12032640488 
0.473412 0.00187058755 0.12226193158 
0.473969 0.05599648240 0.12196752136 
0.474526 0.15891820650 0.12144783072 
0.475083 0.15512679269 0.12169502670 
0.475640 -0.03411520027 0.12316697025 
0.476196 0.01811876418 0.12154228275 
0.476753 0.07534849165 0.12338609096 
0.477310 -0.02256382480 0.12190715279 
0.477867 0.10205483542 0.12247078117 
0.478424 0.14292445499 0.12258372381 
0.478981 0.02907751899 0.12174318429 
0.479538 0.10171346455 0.11972369591 
0.480095 0.08438217899 0.11934471843 
0.480652 0.06233629233 0.12187779319 
0.481209 0.02035829122 0.12017656845 
0.481766 0.16100364168 0.11822480979 
0.482323 0.18841836337 0.11723246308 
0.482880 0.09665959947 0.11728389621 
0.483437 -0.00732365754 0.12190097717 
0.483994 0.14408443560 0.12302494377 
0.484550 0.10724194592 0.12211602168 
0.485107 0.14604208166 0.11862909901 
0.485664 0.21404593597 0.12064786023 
0.486221 0.01195141762 0.12121646645 
0.486778 0.19466167430 0.12000736096 
0.487335 0.16227373077 0.12494264773 
0.487892 0.07365483708 0.12368630081 
0.488449 -0.00412135728 0.12256525754 
0.489006 0.13863002697 0.12405747310 
0.489563 0.19751781423 0.12052374243 
0.490120 -0.02096003010 0.12290560088 
0.490677 0.11918657328 0.12315559462 
0.491233 0.08987047574 0.12059647305 
0.491790 0.16766986770 0.12416729160 
0.492347 0.08193595008 0.12201550039 
0.492904 0.03062367864 0.12346391928 
0.493461 0.01245730671 0.12266958344 
0.494018 0.00075645259 0.12012452507 
0.494575 0.20851944461 0.12043494121 
0.495132 0.08336290951 0.12209336283 
0.495689 0.15992391888 0.11374701697 
0.496246 0.12826811502 0.12052372216 
0.496802 -0.06601410363 0.12317865850 
0.497359 0.21108099907 0.11861060890 
0.497916 0.04881109801 0.12114143417 
0.498473 0.15044342498 0.12058938732 
0.499030 0.03639875027 0.12233123007 
0.499587 0.06900308183 0.12351983617 
0.500144 0.15525057965 0.12154502258 
0.500701 0.11558748536 0.12825594629 
0.501258 0.19629147808 0.12217079946 
0.501815 0.27787160777 0.12092189260 
0.502371 0.10504287598 0.12133857855 
0.502928 0.11066304087 0.12036127456 
0.503485 -0.02008435694 0.12155484640 
0.504042 0.13217114402 0.12269049195 
0.504599 0.11842048972 0.11813295286 
0.505156 0.13796014963 0.12265155188 
0.505713 0.10948000464 0.12277138404 
0.506270 0.08443782565 0.12127894476 
0.506826 0.19058110558 0.12007331148 
0.507383 0.09138690439 0.12116555343 
0.507940 0.13102962162 0.12148425494 
0.508497 0.08175819387 0.12396163573 
0.509054 0.14169878627 0.11981155279 
0.509611 -0.13622432692 0.11938816779 
0.510168 0.11399629573 0.12235114290 
0.510725 0.13813636755 0.12226541474 
0.511281 0.12155322484 0.12396616371 
0.511838 0.03109487070 0.12375863584 
0.512395 0.05747129102 0.12335579800 
0.512952 -0.02530547917 0.12661634312 
0.513509 0.19302156125 0.12531827949 
0.514066 0.05825790603 0.12379598952 
0.514623 0.11879084153 0.13037164747 
0.515179 0.13797354320 0.12435725768 
0.515736 -0.15900184809 0.12800080671 
0.516293 0.06220602927 0.12855652904 
0.516850 0.03266230069 0.13055706832 
0.517407 0.15299188940 0.12740968627 
0.517964 0.09023447813 0.12520736063 
0.518521 0.21189699303 0.12827221243 
0.519077 0.21431494222 0.13152352900 
0.519634 0.12102987740 0.12705388350 
0.520191 0.16926355264 0.13241240197 
0.520748 0.13712088560 0.13900979661 
0.521305 -0.03559131668 0.13177864012 
0.521862 -0.03612910186 0.13478490544 
0.522418 0.12746399464 0.13455168632 
0.522975 0.07254819574 0.13674444553 
0.523532 0.05023012398 0.13604447336 
0.524089 -0.01672805672 0.13536075959 
0.524646 0.16164455502 0.13874762848 
0.525203 0.33967710294 0.13709441036 
0.525759 0.13278410900 0.13940075808 
0.526316 -0.04334121475 0.14133143956 
0.526873 0.05737801428 0.14320478416 
0.527430 0.01284286520 0.14370924834 
0.527987 0.07802922642 0.14297149012 
0.528544 0.18817027974 0.14507857461 
0.529100 0.25377425766 0.14744722529 
0.529657 0.06099202755 0.14179092909 
0.530214 0.00288598107 0.14484963907 
0.530771 -0.01479326276 0.14291502047 
0.531328 0.22633563329 0.14933023514 
0.531884 -0.03162348732 0.14805727943 
0.532441 0.12234487935 0.15038194583 
0.532998 0.19893375453 0.15630969845 
0.533555 -0.05047556649 0.14835535554 
0.534112 -0.03150023576 0.15661903185 
0.534669 -0.06217513709 0.15238491389 
0.535225 0.09794463702 0.15345345189 
0.535782 0.08747928803 0.16006042981 
0.536339 -0.19128144142 0.16227892705 
0.536896 -0.21076029732 0.16545588917 
0.537453 0.00483257363 0.15748763263 
0.538009 0.15876374022 0.15820349350 
0.538566 0.05187282388 0.16836199751 
0.539123 0.03675575958 0.17472359634 
0.539680 -0.07798221717 0.18443991588 
0.540237 0.16519030611 0.18549424945 
0.540793 0.17999031546 0.20353920609 
0.541350 0.13351357587 0.19319794704 
0.541907 0.06657505645 0.21542514019 
0.542464 0.38950018075 0.25796147531 
0.543021 0.12037303287 0.44134311091 
