0.011985 172.22653462932 0.00000000000 
0.012543 157.15830464490 8.73467087594 
0.013100 153.68112216233 12.47676722735 
0.013658 150.89306247539 10.07841072526 
0.014215 147.83056741097 9.10972438791 
0.014772 144.77751151486 7.50630111611 
0.015330 140.04002476953 5.82929608285 
0.015887 135.81999793522 5.06890360553 
0.016445 133.90293503259 4.53314653694 
0.017002 128.63917418889 4.14740737248 
0.017560 126.44676927241 3.65017796822 
0.018117 124.10068179897 2.66968963768 
0.018675 118.37816062970 2.53899961513 
0.019232 114.75020394114 2.58604760612 
0.019789 112.18121248208 2.27464281845 
0.020347 107.55708347467 2.09284540205 
0.020904 104.10879485265 1.92742858031 
0.021462 101.26461494729 1.70540293750 
0.022019 98.01588027783 1.42249090797 
0.022577 94.22922852045 1.39316431937 
0.023134 90.20615675010 1.25409087222 
0.023692 87.34567635154 1.35244117887 
0.024249 85.09265688943 1.16852985762 
0.024807 80.89674895911 1.20825535316 
0.025364 78.96340932955 1.03832809530 
0.025921 75.84020036959 0.96769556337 
0.026479 72.90589471692 0.89097763375 
0.027036 70.32242145639 0.85801147636 
0.027594 67.48874540331 0.81640731015 
0.028151 63.75639340721 0.71761290866 
0.028709 61.07865917572 0.77097004033 
0.029266 59.46614598558 0.66965032891 
0.029824 57.23546710598 0.69054251149 
0.030381 54.00817875460 0.60398355165 
0.030938 51.60772271426 0.58301815258 
0.031496 49.30403256105 0.58706741231 
0.032053 47.32908394235 0.57699511068 
0.032611 44.87571111190 0.54815510652 
0.033168 42.74099628859 0.51103654061 
0.033726 41.24856056437 0.54430333014 
0.034283 39.45496112915 0.51305680924 
0.034841 37.04787396829 0.49324605394 
0.035398 36.27150713746 0.45985039637 
0.035955 33.88393979153 0.41893368713 
0.036513 32.77049329670 0.45773691475 
0.037070 30.79383622714 0.43346321496 
0.037628 29.34292281125 0.45160641354 
0.038185 28.22966681436 0.40602651496 
0.038743 26.51745444789 0.38053119069 
0.039300 25.53076404323 0.38862367236 
0.039858 24.47451869427 0.37838881452 
0.040415 22.51830408407 0.38183652146 
0.040973 22.03168583890 0.38324325430 
0.041530 21.19520612491 0.36725662810 
0.042087 20.19138307859 0.35372045563 
0.042645 19.16970673265 0.35568770348 
0.043202 17.74258903013 0.33975544049 
0.043760 17.48044861953 0.34067523598 
0.044317 16.59325101971 0.33947250519 
0.044875 16.01430936805 0.33147754028 
0.045432 15.18195165395 0.32955800138 
0.045990 14.58085713620 0.29266093629 
0.046547 14.05481920901 0.32023987791 
0.047104 13.76977367811 0.30271765767 
0.047662 13.16369916733 0.29804640557 
0.048219 12.57777830580 0.28506850872 
0.048777 11.97973149191 0.29089229683 
0.049334 11.73743626315 0.27924151406 
0.049892 11.02782159322 0.27627232542 
0.050449 11.12949411630 0.28590139099 
0.051007 10.70853591825 0.27495052177 
0.051564 10.39246733870 0.28070178802 
0.052121 10.13456623594 0.27702041732 
0.052679 9.72298929330 0.26366318627 
0.053236 9.20092518496 0.25658699284 
0.053794 9.33926297257 0.25839452197 
0.054351 9.07066387051 0.25985073626 
0.054909 8.71512143859 0.24421025270 
0.055466 8.61377092560 0.23990094339 
0.056024 8.30631848063 0.25753732504 
0.056581 7.82718108942 0.24525834504 
0.057138 7.82087740991 0.23602315869 
0.057696 7.91756643771 0.23928095221 
0.058253 7.88200382899 0.23810784914 
0.058811 7.59372474017 0.23862111626 
0.059368 7.45184615343 0.24628844532 
0.059926 7.47738239784 0.24013242126 
0.060483 7.43568121651 0.24045394902 
0.061041 7.04496387764 0.22773481998 
0.061598 6.95448450891 0.22542616397 
0.062155 6.88584827862 0.23404034758 
0.062713 6.58474256528 0.23232987648 
0.063270 6.60522304753 0.21619333933 
0.063828 6.55450664365 0.22620490807 
0.064385 6.17615577714 0.21191397054 
0.064943 6.51689691472 0.22280994621 
0.065500 6.11831440010 0.22292461221 
0.066057 6.28182322632 0.20952458717 
0.066615 6.05379332319 0.21822620787 
0.067172 5.87411946194 0.21553542559 
0.067730 6.04439392813 0.21028024974 
0.068287 5.60439401539 0.20296380217 
0.068845 5.53087454443 0.20066634257 
0.069402 5.33135880283 0.20593120122 
0.069960 5.20678919806 0.19746963775 
0.070517 5.07678297304 0.19881223958 
0.071074 5.06436636511 0.19995078599 
0.071632 5.09478911189 0.19658413142 
0.072189 5.16632878695 0.19333471087 
0.072747 4.73030956515 0.19212020074 
0.073304 4.49106510480 0.19282229519 
0.073862 4.51826764581 0.19297846395 
0.074419 4.72259960337 0.18876485139 
0.074977 4.39239026099 0.19087046024 
0.075534 4.27557363157 0.18787708573 
0.076091 4.24097934017 0.18730094031 
0.076649 4.03883338471 0.18371681534 
0.077206 3.92249521710 0.18359020801 
0.077764 3.65197882145 0.18189475094 
0.078321 3.83022879815 0.18420398171 
0.078879 3.54586868658 0.18539554142 
0.079436 3.42569050185 0.18447993166 
0.079993 3.32569626559 0.17353060144 
0.080551 3.33650724385 0.17689302687 
0.081108 3.14882797573 0.18059794422 
0.081666 3.10571632689 0.17454487824 
0.082223 3.06837122964 0.17401989017 
0.082781 2.87924084751 0.17885890242 
0.083338 2.65471308421 0.17901063675 
0.083895 2.62452402176 0.17093278628 
0.084453 2.44389758910 0.16792217388 
0.085010 2.30777171704 0.16751926758 
0.085568 2.34534018547 0.16672924027 
0.086125 2.22591721903 0.16473792866 
0.086683 2.28163299460 0.16666137095 
0.087240 2.30783620591 0.16810899698 
0.087798 1.99330489890 0.16002534858 
0.088355 2.01023943267 0.16763152438 
0.088912 1.95139781354 0.16552584186 
0.089470 2.05474596191 0.16161058225 
0.090027 1.94584974528 0.16189732569 
0.090585 1.84210406188 0.16224072150 
0.091142 1.57833957683 0.15967001212 
0.091700 1.58004974648 0.15642371232 
0.092257 1.56949913522 0.15694910440 
0.092814 1.66182802315 0.15152095439 
0.093372 1.45625405288 0.15713462859 
0.093929 1.62116490850 0.15573052036 
0.094487 1.32513653535 0.14919728167 
0.095044 1.26092277872 0.15017063533 
0.095602 1.32350263936 0.15071555118 
0.096159 1.51257986993 0.15769922312 
0.096716 1.05330103201 0.15489006515 
0.097274 1.34590027163 0.15168393990 
0.097831 1.41902998088 0.15134469063 
0.098389 1.24724855900 0.15010225681 
0.098946 1.12018220842 0.14354184326 
0.099504 1.20739488125 0.15084283759 
0.100061 1.26419275117 0.14971705809 
0.100618 1.11171649795 0.14760682831 
0.101176 1.25645467503 0.14776380398 
0.101733 1.17368906854 0.14735073220 
0.102291 0.99896038051 0.14330090551 
0.102848 1.09196174375 0.14569345218 
0.103406 0.92919526438 0.14362631152 
0.103963 0.79139264585 0.14654248212 
0.104520 1.05634379524 0.14434228511 
0.105078 1.02970341724 0.14450902850 
0.105635 0.89432479760 0.14361951913 
0.106193 0.97486987846 0.14448105929 
0.106750 0.98181900472 0.14184571815 
0.107308 0.98498817889 0.14239886213 
0.107865 1.09993321007 0.13977259984 
0.108422 1.01241044664 0.14777750439 
0.108980 0.73851309962 0.13899003412 
0.109537 0.75668243227 0.13897314675 
0.110095 0.89603585531 0.13696818265 
0.110652 0.81793407031 0.13820674500 
0.111210 0.91825040385 0.13376924508 
0.111767 0.67768815746 0.13698720362 
0.112324 0.88122867683 0.13506859025 
0.112882 0.73097376698 0.14086204118 
0.113439 0.76978666911 0.13390217101 
0.113997 0.84089597548 0.13520044621 
0.114554 0.80963131119 0.13450151994 
0.115111 0.56638175103 0.13321553047 
0.115669 0.85582567143 0.13623047628 
0.116226 0.88595942548 0.13153412785 
0.116784 0.74022171893 0.13512781321 
0.117341 0.78601134443 0.13516683874 
0.117899 0.66984942390 0.13626028798 
0.118456 0.69415424784 0.13380856812 
0.119013 0.71035183235 0.13362103506 
0.119571 0.69060240838 0.12967653758 
0.120128 0.67851757329 0.13198153646 
0.120686 0.91538114096 0.13472958931 
0.121243 0.66035880935 0.13300580241 
0.121800 0.47380120771 0.13201134513 
0.122358 0.72303991285 0.13232971106 
0.122915 0.75782594208 0.12880473285 
0.123473 0.85840852245 0.12979750095 
0.124030 0.46455322443 0.13053211648 
0.124588 0.68050137004 0.12868112793 
0.125145 0.70976570468 0.12728710656 
0.125702 0.60320390590 0.12757401446 
0.126260 0.72343462799 0.12373698921 
0.126817 0.64431631245 0.13008680570 
0.127375 0.63446345221 0.12740506646 
0.127932 0.52422885472 0.12946410175 
0.128489 0.80459227487 0.12406959476 
0.129047 0.63667959393 0.12660641699 
0.129604 0.61035708764 0.13099111298 
0.130162 0.53376526189 0.12143266611 
0.130719 0.58235677784 0.13021219964 
0.131277 0.50353556757 0.12735353198 
0.131834 0.46805280814 0.12317234521 
0.132391 0.52551722280 0.12790745320 
0.132949 0.46984068289 0.12697574420 
0.133506 0.50271828953 0.12844861530 
0.134064 0.37676681853 0.13137602957 
0.134621 0.68056542510 0.13352595844 
0.135178 0.56929813307 0.13732436473 
0.135736 0.51522046728 0.13820987242 
0.136293 0.65858297275 0.13807592950 
0.136851 0.41627409642 0.13859688628 
0.137408 0.50135440544 0.13777667284 
0.137965 0.49531273765 0.13713734286 
0.138523 0.60292502094 0.13743918684 
0.139080 0.38554816999 0.13613119463 
0.139638 0.31776084542 0.13760168582 
0.140195 0.50886567402 0.14254220434 
0.140752 0.40757305232 0.13805074825 
0.141310 0.40337516422 0.14185298017 
0.141867 0.26945739487 0.13761186566 
0.142425 0.58776701373 0.13668391041 
0.142982 0.51900171777 0.13560904186 
0.143540 0.41967382171 0.13861650513 
0.144097 0.37966992992 0.13377671852 
0.144654 0.32533878362 0.13629292885 
0.145212 0.42176863400 0.12977216188 
0.145769 0.39833931945 0.13110736893 
0.146327 0.26123456346 0.12980372597 
0.146884 0.33976617848 0.12840405547 
0.147441 0.21396287880 0.12719637469 
0.147999 0.39805149774 0.12682280701 
0.148556 0.19863122021 0.12826805011 
0.149114 0.26001353112 0.12269900704 
0.149671 0.04132647541 0.12522762789 
0.150228 0.40846207594 0.12189312279 
0.150786 0.51577985066 0.12543276899 
0.151343 0.27372045589 0.12386375774 
0.151901 0.20271312983 0.12499800775 
0.152458 0.22473859440 0.12388603560 
0.153015 0.25893797530 0.12303560284 
0.153573 0.31069895024 0.12041516862 
0.154130 0.10734587875 0.12064036640 
0.154688 0.35913695814 0.12398200425 
0.155245 0.15328663484 0.11930710378 
0.155802 0.37517524561 0.11894996718 
0.156360 0.16189074183 0.11591903694 
0.156917 0.21868215796 0.11731228817 
0.157475 0.22084290487 0.11844343175 
0.158032 0.19960606835 0.11778454657 
0.158589 0.10656573010 0.12058987754 
0.159147 0.17988658955 0.12011657471 
0.159704 0.17852584224 0.11698016091 
0.160261 0.22937924150 0.12132377016 
0.160819 0.19565580052 0.11673626796 
0.161376 0.27043043804 0.11504284651 
0.161934 0.22263558328 0.11466085549 
0.162491 0.25932262745 0.11800135666 
0.163048 0.04615346286 0.11641974717 
0.163606 0.22862420277 0.11271576786 
0.164163 0.19803685269 0.11540026475 
0.164721 0.16748806992 0.11421620027 
0.165278 0.15283273006 0.11184187039 
0.165835 0.14542663164 0.11210639225 
0.166393 0.13222080313 0.11157229034 
0.166950 0.14504815922 0.11092834286 
0.167508 0.11552514557 0.11450861691 
0.168065 0.07667431137 0.11377664761 
0.168622 0.16753751065 0.11059948955 
0.169180 0.12311486080 0.11275991845 
0.169737 0.16105144006 0.11200223557 
0.170294 0.18297741944 0.11199290203 
0.170852 0.03003237633 0.11092693597 
0.171409 0.19488985096 0.11014545571 
0.171967 0.04496096152 0.11443046042 
0.172524 0.25706537138 0.11021742828 
0.173081 0.09164555179 0.10821902057 
0.173639 0.09652051148 0.10977983711 
0.174196 0.16436544874 0.10784235905 
0.174754 0.14428770714 0.10896326152 
0.175311 0.20303837837 0.10938802385 
0.175868 0.08425109788 0.10949998962 
0.176426 0.13163568246 0.11106007814 
0.176983 0.15152561605 0.11013762934 
0.177540 0.19800647173 0.10600740987 
0.178098 0.13464168347 0.10883561317 
0.178655 0.16704557539 0.10547120528 
0.179213 -0.00745576658 0.10755328988 
0.179770 0.04713855461 0.10669470849 
0.180327 0.19775583015 0.10757669000 
0.180885 0.11811765018 0.10864410263 
0.181442 0.10413590245 0.10520885580 
0.181999 0.18613144216 0.10506866100 
0.182557 -0.01251826267 0.10806908341 
0.183114 0.07861313198 0.10404374496 
0.183672 0.20890017677 0.10580181262 
0.184229 0.17476998145 0.10663021470 
0.184786 0.16301066184 0.10498035750 
0.185344 0.12841178768 0.10620823213 
0.185901 0.15600126704 0.10427360641 
0.186458 0.06488414759 0.10301064734 
0.187016 0.14754287973 0.10328445501 
0.187573 0.12120506089 0.10603863700 
0.188131 0.11365605761 0.10529212368 
0.188688 0.17176980147 0.10608383610 
0.189245 0.04729880769 0.10786987607 
0.189803 0.20765510525 0.10764452752 
0.190360 0.04933976461 0.10534996111 
0.190917 0.09194977883 0.10848532450 
0.191475 0.13894825340 0.10677824148 
0.192032 -0.00854404544 0.10337293797 
0.192590 0.03052935678 0.10289884138 
0.193147 0.07838235482 0.10703281521 
0.193704 0.14503062055 0.10055669437 
0.194262 0.08025447733 0.10189688566 
0.194819 0.07397632052 0.10296083454 
0.195376 0.13745240576 0.10687826946 
0.195934 0.13380774398 0.10239420493 
0.196491 0.07482259124 0.10336195962 
0.197048 0.01442927642 0.10290393188 
0.197606 0.10276026260 0.10538137922 
0.198163 0.02191522879 0.10309807983 
0.198721 -0.02025082432 0.10183874311 
0.199278 0.04305482827 0.10262019048 
0.199835 0.13545298532 0.09981832571 
0.200393 0.17265437122 0.10262930791 
0.200950 0.19832925261 0.10168754601 
0.201507 0.11654087494 0.10102571617 
0.202065 0.07333309479 0.09998861919 
0.202622 0.16674265031 0.09999779129 
0.203179 0.24530845540 0.10487314826 
0.203737 -0.03708522179 0.10178237693 
0.204294 0.07962087926 0.09905515891 
0.204851 0.15134624103 0.09864714730 
0.205409 0.24749761490 0.10234864494 
0.205966 0.12520588759 0.09621244128 
0.206524 0.13695233369 0.09569865908 
0.207081 0.12151488822 0.09953009690 
0.207638 0.16311978620 0.09742578773 
0.208196 0.03166870153 0.09707683608 
0.208753 0.09469699553 0.09862212545 
0.209310 0.06069318511 0.10058255386 
0.209868 0.07827165090 0.09891094716 
0.210425 0.12329956801 0.09651466119 
0.210982 0.10278224251 0.09779345976 
0.211540 0.14580602271 0.09698090835 
0.212097 0.09053689406 0.09839062355 
0.212654 0.17682508231 0.09477904276 
0.213212 0.08979901650 0.09645736682 
0.213769 0.20123617440 0.09514090022 
0.214326 0.07122422797 0.09747333386 
0.214884 0.17468151740 0.09861087831 
0.215441 0.06597407103 0.09658905346 
0.215999 0.06450158721 0.09589795894 
0.216556 0.25325335337 0.09357434491 
0.217113 0.07127528413 0.09893383015 
0.217671 0.23828802391 0.09463174040 
0.218228 0.13609212409 0.09471353995 
0.218785 0.12572893957 0.09691458402 
0.219343 0.02103414532 0.09520416989 
0.219900 0.21704043262 0.09451192192 
0.220457 0.19452027634 0.09620376342 
0.221015 0.21496274657 0.09496316621 
0.221572 0.06696313472 0.09588780083 
0.222129 0.08754543996 0.09337179121 
0.222687 0.22600366884 0.09539092786 
0.223244 0.08501797633 0.09359557240 
0.223801 0.04615123542 0.09335897479 
0.224359 0.16847669998 0.09721495415 
0.224916 0.12814728305 0.09559238246 
0.225473 0.07888891381 0.09521665157 
0.226031 0.18603000242 0.09451985088 
0.226588 0.20513535684 0.09696711111 
0.227145 0.07175344227 0.09447471226 
0.227703 -0.00178618438 0.09383661783 
0.228260 0.17206619152 0.09379630600 
0.228817 0.06028379238 0.09474897352 
0.229375 0.20481012682 0.09379696325 
0.229932 0.24646726111 0.09008846826 
0.230489 0.09386824516 0.09206354956 
0.231047 0.04603533836 0.09206355386 
0.231604 0.18108051999 0.09395709378 
0.232161 0.12299787895 0.09160416576 
0.232719 0.12996883528 0.09058160189 
0.233276 0.18195437461 0.09158085231 
0.233833 0.18017676401 0.09017412700 
0.234391 0.22134506645 0.09364442693 
0.234948 0.01915833658 0.09117707631 
0.235505 0.12602437433 0.09149816292 
0.236063 0.19962543681 0.09234316812 
0.236620 -0.01795766454 0.09187337146 
0.237177 0.19183050782 0.09121384138 
0.237735 0.18178244689 0.08990954532 
0.238292 0.12514855440 0.09365256241 
0.238849 0.19334125815 0.09075338643 
0.239407 0.12441180807 0.09161289224 
0.239964 0.16450409233 0.09022114939 
0.240521 0.19635667645 0.09049943101 
0.241079 0.17633794475 0.09174761681 
0.241636 0.12996250473 0.08982672085 
0.242193 0.14041107445 0.09018982825 
0.242750 0.05178957015 0.09109563668 
0.243308 0.07970934438 0.08912636696 
0.243865 0.14980978660 0.08943873357 
0.244422 0.18239003157 0.09148532762 
0.244980 0.18185965965 0.08914740381 
0.245537 0.06436125580 0.09082047460 
0.246094 0.13393693483 0.08746645472 
0.246652 0.17891487827 0.09092595962 
0.247209 0.19173372784 0.09083478139 
0.247766 0.22476162954 0.08944928779 
0.248324 0.10771136293 0.08968324860 
0.248881 0.10019521618 0.08853681473 
0.249438 0.16163869948 0.08872902375 
0.249996 0.16813242859 0.09034177824 
0.250553 -0.00722561441 0.08765720198 
0.251110 0.05151263077 0.08798707271 
0.251667 0.18516640863 0.08910958669 
0.252225 0.08621761695 0.08795058063 
0.252782 0.15205898142 0.08901655737 
0.253339 0.01451176287 0.08882921761 
0.253897 0.14613254404 0.08740704232 
0.254454 0.11835632134 0.08662244103 
0.255011 0.16201098069 0.08658654140 
0.255569 0.15365660741 0.08618493121 
0.256126 0.25169632663 0.08613732381 
0.256683 0.18025233047 0.08673480794 
0.257241 0.14309391750 0.08718291280 
0.257798 0.12126846374 0.08795021840 
0.258355 0.03495895705 0.08673723049 
0.258912 0.04562969104 0.08778791383 
0.259470 0.14201926268 0.08522819356 
0.260027 0.16342227605 0.08767855067 
0.260584 0.12160893976 0.08724108758 
0.261142 0.17547719976 0.08592398109 
0.261699 0.06788413686 0.08651966794 
0.262256 0.07786264432 0.08551480494 
0.262814 0.07577835844 0.08769231670 
0.263371 0.07333880139 0.08527493361 
0.263928 -0.02595243089 0.08548283891 
0.264485 0.15293212133 0.08449867792 
0.265043 0.04825605322 0.08453980343 
0.265600 0.02001959003 0.08578550890 
0.266157 0.02948234653 0.08579139541 
0.266715 0.08972741325 0.08425693562 
0.267272 0.16145839005 0.08450315092 
0.267829 0.05448742568 0.08529864441 
0.268386 0.24616432783 0.08437928189 
0.268944 0.07938269238 0.08388374241 
0.269501 0.21175344042 0.08552928128 
0.270058 0.10369732701 0.08398092036 
0.270616 0.06335779125 0.08201543134 
0.271173 -0.00089157672 0.08562168077 
0.271730 0.13795647966 0.08624637434 
0.272287 0.10740881679 0.08543322933 
0.272845 0.10476523785 0.08766739644 
0.273402 0.12851414174 0.08852789341 
0.273959 -0.01165754000 0.08813017682 
0.274517 -0.06361789135 0.08842411264 
0.275074 0.00861890447 0.08987940359 
0.275631 0.07755502798 0.08914186219 
0.276188 -0.01347103555 0.08983379231 
0.276746 0.06360894449 0.08995434148 
0.277303 0.07465098567 0.09029397652 
0.277860 0.09200114472 0.09024788627 
0.278418 0.09103916820 0.09156234456 
0.278975 0.05490179765 0.09039630682 
0.279532 0.15434738470 0.09178582767 
0.280089 0.01108614739 0.09061328961 
0.280647 0.12328556065 0.09108695555 
0.281204 0.07200169272 0.09168115201 
0.281761 0.07218225261 0.08975604468 
0.282318 0.05225219838 0.08979617049 
0.282876 0.01668910275 0.08971375959 
0.283433 0.15645304829 0.08967578228 
0.283990 0.10936741977 0.08567260722 
0.284548 0.09563561612 0.08733486500 
0.285105 0.10139571522 0.08703125384 
0.285662 0.04300361700 0.08720992668 
0.286219 0.05186675840 0.08363119446 
0.286777 0.15901089488 0.08492335072 
0.287334 0.19699365899 0.08600989758 
0.287891 0.01910324097 0.08648107976 
0.288448 0.26218074355 0.08272440798 
0.289006 0.10769196516 0.08367978640 
0.289563 0.09058732888 0.08326812252 
0.290120 0.14023175673 0.08429655224 
0.290677 0.13052012391 0.08400462769 
0.291235 0.09754598827 0.08589574084 
0.291792 0.16299066323 0.08600554811 
0.292349 0.14143782927 0.08520038683 
0.292906 0.19512753489 0.08476689707 
0.293464 -0.00914448757 0.08502389436 
0.294021 0.10527992277 0.08707205920 
0.294578 0.06309433558 0.08566365675 
0.295136 0.15545113160 0.08803085302 
0.295693 0.12756207188 0.08785373588 
0.296250 0.09879818134 0.08612272771 
0.296807 0.11449937372 0.08754261626 
0.297365 0.14516233282 0.08527996752 
0.297922 0.02500643543 0.08550018286 
0.298479 0.13309439333 0.08599990579 
0.299036 0.01994482400 0.08696072552 
0.299594 0.05788608870 0.08555342177 
0.300151 0.10344074320 0.08581112678 
0.300708 0.09756444099 0.08682849120 
0.301265 0.11003491733 0.08588694762 
0.301823 0.08394575886 0.08498432242 
0.302380 0.19964069663 0.08606731393 
0.302937 0.06943782724 0.08609689226 
0.303494 0.07594863005 0.08718489043 
0.304052 0.01784329189 0.08711878854 
0.304609 0.00075172504 0.08629561388 
0.305166 0.17261124859 0.08647509649 
0.305723 0.06175650190 0.08488209083 
0.306280 0.05306390317 0.08508814215 
0.306838 0.07267504030 0.08668515381 
0.307395 0.07153832169 0.08642795561 
0.307952 0.01228034300 0.08673600179 
0.308509 -0.00349185005 0.08620220560 
0.309067 0.03248435438 0.08647376382 
0.309624 0.00029657288 0.08558903841 
0.310181 0.01903447741 0.08581266066 
0.310738 0.03265664645 0.08452428368 
0.311296 0.02339332573 0.08556143527 
0.311853 0.12165446102 0.08635136127 
0.312410 0.06860362230 0.08451319213 
0.312967 0.14031993332 0.08642670038 
0.313525 0.07225439295 0.08684207224 
0.314082 0.15210096055 0.08477882474 
0.314639 -0.03097220155 0.08731941348 
0.315196 0.03349653169 0.08648209872 
0.315753 0.21874795301 0.08597045347 
0.316311 0.04866352661 0.08784347476 
0.316868 0.15829824423 0.08642051311 
0.317425 0.05422590629 0.08679370879 
0.317982 0.08312225550 0.08717419389 
0.318540 0.01248714821 0.08801207878 
0.319097 0.19358620188 0.08746935866 
0.319654 0.14164395078 0.08634771036 
0.320211 0.16468856592 0.08712631006 
0.320768 0.16174206142 0.08654517726 
0.321326 0.09142196469 0.08864889965 
0.321883 -0.00149838193 0.08733948450 
0.322440 0.11366660247 0.08747560282 
0.322997 0.03139387111 0.08722795733 
0.323555 0.01831085001 0.08585402623 
0.324112 0.05594531747 0.08887734644 
0.324669 0.07968129241 0.08634120627 
0.325226 -0.00708162197 0.08529859509 
0.325783 0.02665544954 0.08928470037 
0.326341 0.00314658955 0.08887212709 
0.326898 0.20879794827 0.08725566548 
0.327455 -0.01912618517 0.08828909898 
0.328012 0.10602595170 0.08785676697 
0.328569 0.07826425672 0.08680817744 
0.329127 0.12317707093 0.08832434308 
0.329684 0.17104624013 0.08708411269 
0.330241 0.12533001606 0.08802662005 
0.330798 0.17571323268 0.08924379889 
0.331355 0.09940069039 0.08657168309 
0.331913 0.10278512686 0.08895612411 
0.332470 0.08724411637 0.08898065571 
0.333027 0.06904269691 0.08920949562 
0.333584 0.10049659955 0.09038679204 
0.334141 0.22970244664 0.08711114231 
0.334699 0.06038795015 0.09103163525 
0.335256 -0.01202155229 0.09025187710 
0.335813 0.09074168098 0.09168041330 
0.336370 0.15206694280 0.09090129021 
0.336927 0.26278522110 0.09082570461 
0.337485 0.05987687664 0.09214968403 
0.338042 0.05016394420 0.09246252050 
0.338599 -0.01855095145 0.09351659707 
0.339156 0.08067254071 0.09369656201 
0.339713 0.14792389426 0.09189170443 
0.340271 0.21108994577 0.09265312516 
0.340828 0.11668370661 0.09472589012 
0.341385 0.02286787347 0.09448667341 
0.341942 0.14549460661 0.09405694143 
0.342499 0.12172015892 0.09205668130 
0.343057 0.06842353998 0.09465441592 
0.343614 0.25752728025 0.09527004886 
0.344171 0.12559022765 0.09452540261 
0.344728 0.08313188362 0.09489022502 
0.345285 0.09249913515 0.09442714376 
0.345842 0.10086744889 0.09428322521 
0.346400 0.06896055435 0.09452167852 
0.346957 0.10315579964 0.09466635340 
0.347514 0.07860711380 0.09665683329 
0.348071 0.02302658086 0.09682242621 
0.348628 0.16101607805 0.09772802285 
0.349186 0.08781542368 0.09693119438 
0.349743 0.01493052885 0.09803136427 
0.350300 0.12080485558 0.09657091305 
0.350857 0.07683312755 0.09819815286 
0.351414 0.14224974305 0.09831239803 
0.351971 0.01810369919 0.09762962043 
0.352529 0.04082246478 0.09899365145 
0.353086 0.20132988265 0.10012108654 
0.353643 0.09874624978 0.10315123257 
0.354200 0.10878349954 0.09982415895 
0.354757 0.21208627791 0.10160308418 
0.355314 0.16538145148 0.10200439801 
0.355872 0.05398294862 0.10112698776 
0.356429 0.02342174693 0.10411900566 
0.356986 0.11912520457 0.10374047104 
0.357543 0.02578763947 0.10363082117 
0.358100 0.09880426047 0.10216010276 
0.358657 0.16501344595 0.10495189512 
0.359215 0.00104245488 0.10486261971 
0.359772 0.12585582449 0.10126448271 
0.360329 0.16183467627 0.10406849448 
0.360886 0.03513971941 0.10296593871 
0.361443 0.08786264544 0.10450115849 
0.362000 0.12250721790 0.10447174598 
0.362558 0.16443827317 0.10376963822 
0.363115 0.05426084151 0.10174109739 
0.363672 0.07230049206 0.10458810985 
0.364229 0.08191585260 0.10188398341 
0.364786 0.16805774306 0.10198067337 
0.365343 0.06396338053 0.10493517256 
0.365900 0.14235151760 0.10301868523 
0.366458 0.15400819685 0.10307675040 
0.367015 0.13775550637 0.10075125222 
0.367572 0.08958720405 0.10320390286 
0.368129 0.19178387073 0.10304244448 
0.368686 0.06590460636 0.10202126572 
0.369243 0.27228518485 0.09886785269 
0.369801 0.09041899044 0.09951371695 
0.370358 -0.01575620938 0.10118465186 
0.370915 0.02297966518 0.10008199124 
0.371472 0.12290662784 0.09898615768 
0.372029 0.06381260095 0.10077350354 
0.372586 0.10256932562 0.09848801710 
0.373143 0.06543098794 0.09843648951 
0.373700 0.09881746953 0.09918096836 
0.374258 0.16391645180 0.09699140109 
0.374815 -0.05827728672 0.09794613430 
0.375372 -0.01629408395 0.09654606017 
0.375929 0.10716943907 0.09661392140 
0.376486 -0.03161440841 0.09652807394 
0.377043 0.21026110508 0.09686136460 
0.377600 0.00485276397 0.09377205946 
0.378158 0.13403223471 0.09562597160 
0.378715 0.05202332161 0.09557353819 
0.379272 0.03489043686 0.09405537648 
0.379829 0.12839571369 0.09535054769 
0.380386 0.05575940059 0.09449037090 
0.380943 0.15052425927 0.09386779400 
0.381500 -0.00010040682 0.09250531327 
0.382057 0.05816873613 0.09249968247 
0.382615 0.05385799101 0.09234484552 
0.383172 0.03341735760 0.09260670826 
0.383729 0.09977292554 0.09255780178 
0.384286 0.02452446833 0.09340885923 
0.384843 0.02001337321 0.09186205270 
0.385400 0.02421869884 0.09201214577 
0.385957 0.08796291511 0.09099165365 
0.386514 0.06377560321 0.09024779482 
0.387072 0.03998630381 0.09166184697 
0.387629 -0.05172903568 0.09333543243 
0.388186 0.11520210048 0.08934146296 
0.388743 0.09279464117 0.09240129853 
0.389300 0.12477842888 0.09183245042 
0.389857 0.15280499537 0.09117293579 
0.390414 0.06598784570 0.09087593857 
0.390971 0.12859562387 0.09028445601 
0.391528 -0.01358542139 0.08944339070 
0.392086 0.04018944898 0.08865689223 
0.392643 0.09574511437 0.09026415449 
0.393200 0.03890891496 0.09000520820 
0.393757 0.09285123885 0.08864516221 
0.394314 0.17460518285 0.08995323586 
0.394871 0.15998047417 0.09062961104 
0.395428 0.00249924426 0.08889460152 
0.395985 0.05634285979 0.08855397038 
0.396542 0.08621102831 0.08821151303 
0.397099 0.07623950410 0.09015807696 
0.397657 0.22117757206 0.08885185615 
0.398214 0.11568820990 0.08907346640 
0.398771 0.09505526067 0.09039381509 
0.399328 0.00602556371 0.08716989624 
0.399885 0.08087182446 0.08537811389 
0.400442 0.10779302101 0.09047487323 
0.400999 0.13778912018 0.09206378524 
0.401556 0.12079269855 0.08933726829 
0.402113 0.13926262280 0.09426541848 
0.402670 0.02396538102 0.09504344510 
0.403227 0.01522988565 0.09688536765 
0.403785 -0.06672654195 0.09826461796 
0.404342 0.11773674564 0.09702090918 
0.404899 0.11087634856 0.09838519628 
0.405456 0.16485304140 0.10039320103 
0.406013 0.12598058581 0.09491982758 
0.406570 0.04346696461 0.10085964493 
0.407127 -0.10677617253 0.09987920255 
0.407684 0.20192899164 0.10144232244 
0.408241 0.17578103658 0.10202534053 
0.408798 0.09983270166 0.10234075932 
0.409355 0.14452682849 0.10561495139 
0.409912 0.11195014820 0.10847697576 
0.410469 0.01898912002 0.11171228649 
0.411027 -0.05781713395 0.10777811541 
0.411584 0.19772464407 0.10826517360 
0.412141 0.12120935399 0.10982837190 
0.412698 0.05909489706 0.11087137780 
0.413255 0.12236299086 0.11020636935 
0.413812 0.01524335992 0.11135188402 
0.414369 0.15675676750 0.11391343402 
0.414926 0.20800622454 0.11295924799 
0.415483 0.15828501029 0.11355466481 
0.416040 0.07442510653 0.11754964692 
0.416597 0.11180805221 0.11478953195 
0.417154 -0.03069927460 0.11690331696 
0.417711 -0.01388635946 0.12117681327 
0.418268 0.11525279237 0.11702798082 
0.418825 0.11449257141 0.12000465451 
0.419382 0.05716764804 0.11944625083 
0.419940 0.17860649147 0.11691875709 
0.420497 0.16906335094 0.11376765606 
0.421054 0.15161057284 0.11828986769 
0.421611 0.11025124605 0.11480425552 
0.422168 0.06149326497 0.11403346949 
0.422725 0.26679616604 0.11625882399 
0.423282 0.03786886925 0.11540939409 
0.423839 0.07879016266 0.11659399882 
0.424396 0.03019941813 0.11751381773 
0.424953 0.09783130458 0.11318888637 
0.425510 0.16758076731 0.11507668030 
0.426067 0.08034495714 0.11240293049 
0.426624 0.11449622198 0.11134302227 
0.427181 0.20061633054 0.11524655852 
0.427738 0.14758507630 0.11584710932 
0.428295 0.07008229728 0.11671896693 
0.428852 0.19318140050 0.11837526194 
0.429409 -0.00021286000 0.11399225434 
0.429966 0.10461759115 0.11462851936 
0.430523 0.05672567914 0.11957092042 
0.431080 0.13228826914 0.11572363332 
0.431637 0.13966595889 0.11837025648 
0.432194 0.13148118769 0.11712011529 
0.432752 0.04982589373 0.12130695639 
0.433309 0.20336755430 0.11465125682 
0.433866 0.01288284958 0.12044350359 
0.434423 -0.02835261429 0.11786377224 
0.434980 0.10926429351 0.11748274563 
0.435537 0.03764017683 0.11909981234 
0.436094 0.08271465443 0.12018749467 
0.436651 0.17803152804 0.12011538225 
0.437208 0.17515060868 0.11819634726 
0.437765 -0.03917935380 0.11918277062 
0.438322 0.18812461317 0.11832615218 
0.438879 0.14956060158 0.11943020672 
0.439436 -0.05933106381 0.11888042409 
0.439993 0.00692732493 0.12192195744 
0.440550 0.19159352580 0.12428986697 
0.441107 0.08252862324 0.12266597531 
0.441664 0.14658165651 0.12177715788 
0.442221 0.09651191620 0.12364606818 
0.442778 0.21998747279 0.12422672683 
0.443335 0.12454813837 0.12639730424 
0.443892 0.09408775938 0.12250321225 
0.444449 0.05219858115 0.12007930558 
0.445006 -0.04249200161 0.12214133163 
0.445563 0.17055657387 0.12341541095 
0.446120 0.00167028638 0.12494404037 
0.446677 0.21297732251 0.12064956941 
0.447234 0.20254858327 0.11960870582 
0.447791 0.17590912843 0.12592304232 
0.448348 0.04645327081 0.12489864534 
0.448905 0.07548366846 0.12607401920 
0.449462 0.18212235974 0.12512060008 
0.450019 0.00816793083 0.12308235515 
0.450576 0.07436741070 0.12415017848 
0.451133 0.13006855625 0.12598066395 
0.451690 -0.07369191440 0.12270971803 
0.452247 0.15044436676 0.12535851714 
0.452804 0.05025748321 0.12443379166 
0.453361 0.05582847428 0.12703571145 
0.453918 0.09617976114 0.11751648903 
0.454475 0.12381564429 0.12080905673 
0.455032 0.02735786736 0.12098011622 
0.455589 0.14291677722 0.12153148040 
0.456146 0.03182134061 0.12237452015 
0.456703 0.06725343258 0.12140594690 
0.457260 -0.03322899874 0.11990891841 
0.457817 0.07592574998 0.12222100082 
0.458374 0.15476081158 0.12436747084 
0.458931 0.05860176899 0.12134581522 
0.459488 0.21320772185 0.12048218207 
0.460045 0.06120408688 0.12129370751 
0.460602 0.14229054869 0.12373791510 
0.461159 -0.11960894783 0.12180439184 
0.461716 0.00163087560 0.12015696422 
0.462273 0.06341703939 0.12098353192 
0.462830 0.10763981636 0.12518863726 
0.463387 0.09349237997 0.12335722542 
0.463943 0.14381069539 0.12508013235 
0.464500 0.07008227881 0.12388117319 
0.465057 0.13306058555 0.12347806373 
0.465614 0.08700608994 0.12057876397 
0.466171 0.21249193685 0.12193853085 
0.466728 0.23611362484 0.12522740147 
0.467285 0.20733802270 0.12357126282 
0.467842 0.12546560044 0.12206640659 
0.468399 0.02527708850 0.12175448116 
0.468956 0.13279229967 0.11759191915 
0.469513 0.21839484593 0.11629511586 
0.470070 0.13474978304 0.12386689591 
0.470627 0.01999995452 0.12205055411 
0.471184 0.19210828644 0.12133989912 
0.471741 0.14774026956 0.12032532780 
0.472298 -0.00052087022 0.12140753443 
0.472855 0.04218682033 0.12364592057 
0.473412 0.25295077729 0.12254134898 
0.473969 0.11899651477 0.12078071358 
0.474526 0.14334472543 0.11912640071 
0.475083 0.06499135332 0.11924357089 
0.475640 0.06282070063 0.12371254883 
0.476196 0.11150394607 0.12478225917 
0.476753 0.18894908420 0.12265469932 
0.477310 0.06983297837 0.11903901177 
0.477867 0.01343679267 0.12245771481 
0.478424 0.30637933368 0.12363387616 
0.478981 0.23719196839 0.11760904036 
0.479538 0.15586495009 0.12258323047 
0.480095 -0.03828440007 0.12511236143 
0.480652 0.04963054531 0.12717527075 
0.481209 0.08446601596 0.12217065780 
0.481766 0.17581383821 0.11534370370 
0.482323 0.12179074630 0.12065531495 
0.482880 0.10292657445 0.12126208379 
0.483437 -0.03182692606 0.12152719160 
0.483994 0.04307393863 0.11830375174 
0.484550 0.11953877274 0.12227662913 
0.485107 0.12997600886 0.12658643470 
0.485664 0.07130896332 0.11954580081 
0.486221 0.28269291926 0.12176153386 
0.486778 0.15204090296 0.12290935698 
0.487335 0.15462950308 0.11903456571 
0.487892 0.09779143234 0.12315287367 
0.488449 0.06838915143 0.12033671393 
0.489006 0.13415665556 0.12251110041 
0.489563 0.02996998325 0.12021850213 
0.490120 -0.01428800250 0.12365705622 
0.490677 0.13830158735 0.12055369901 
0.491233 0.28066451622 0.12260730213 
0.491790 0.09105857238 0.12047564125 
0.492347 0.16892828862 0.12465102138 
0.492904 0.08262892248 0.12183472240 
0.493461 0.14398102527 0.12157322265 
0.494018 0.11108054038 0.12219444607 
0.494575 -0.01972657150 0.12221514459 
0.495132 -0.04919583393 0.11706990859 
0.495689 0.06137793028 0.11999378863 
0.496246 -0.02134448451 0.12345752788 
0.496802 0.14550862617 0.11924934864 
0.497359 0.11810575926 0.11684649289 
0.497916 0.16465282359 0.11946872132 
0.498473 0.13791209199 0.11933294134 
0.499030 0.08427668289 0.12095363061 
0.499587 -0.04939177091 0.12454262280 
0.500144 0.04992183761 0.12056488180 
0.500701 -0.10399312230 0.12291127776 
0.501258 0.14630855794 0.12265998040 
0.501815 0.17889167765 0.12368996251 
0.502371 0.11014641026 0.11998278529 
0.502928 0.18142409959 0.12376188165 
0.503485 0.11432940185 0.12426853212 
0.504042 0.06194512784 0.12216296794 
0.504599 0.12212832727 0.12286756792 
0.505156 0.01679719636 0.12079518136 
0.505713 -0.01472819089 0.12075540047 
0.506270 0.21731133267 0.12356146019 
0.506826 0.16077442297 0.12036119551 
0.507383 0.02281973296 0.12003091642 
0.507940 0.11967467489 0.11956672865 
0.508497 0.06009263200 0.12517160360 
0.509054 0.04700767614 0.12291094501 
0.509611 0.16867924368 0.12349343560 
0.510168 0.24067075302 0.12438558046 
0.510725 0.10818892761 0.12349532236 
0.511281 0.15179532127 0.12595966025 
0.511838 0.13188492277 0.12214390631 
0.512395 0.14835110699 0.12466385579 
0.512952 -0.00982939552 0.12242130286 
0.513509 0.27782299222 0.12533648680 
0.514066 0.30463146222 0.12905260870 
0.514623 0.07121777458 0.12702780114 
0.515179 0.02165110082 0.13189126590 
0.515736 0.24220224323 0.13055921056 
0.516293 0.14550994128 0.12432919012 
0.516850 0.17911341621 0.12645326579 
0.517407 0.09541823823 0.12641823726 
0.517964 0.07455887166 0.12781120115 
0.518521 0.06063560504 0.12830120879 
0.519077 0.04350654970 0.13276819296 
0.519634 0.16750611896 0.13436397184 
0.520191 0.10611668990 0.13138685074 
0.520748 0.03629179262 0.13519526831 
0.521305 0.19731411104 0.13160396481 
0.521862 0.02349441093 0.12950280980 
0.522418 0.07596536475 0.13350111286 
0.522975 -0.03272809627 0.13662972676 
0.523532 0.06613621092 0.13328055284 
0.524089 0.07002192228 0.13775393307 
0.524646 0.02267989274 0.14252852896 
0.525203 0.10247289064 0.13398947182 
0.525759 0.20522112104 0.13310013422 
0.526316 0.00592978482 0.13783433442 
0.526873 0.11361370894 0.13674354024 
0.527430 0.09492845024 0.13651709305 
0.527987 -0.11939953788 0.13247848794 
0.528544 0.27938842592 0.14523566635 
0.529100 0.12803072141 0.13984151446 
0.529657 0.11499644181 0.14191487201 
0.530214 0.16859570930 0.14088439641 
0.530771 -0.01961787799 0.14510316010 
0.531328 0.14290731237 0.14381917894 
0.531884 0.05601399359 0.14485105647 
0.532441 0.14916680178 0.14824572887 
0.532998 0.08941247378 0.15586253606 
0.533555 -0.02929379152 0.14377958944 
0.534112 0.04222449206 0.15301897564 
0.534669 0.09271928326 0.15459839156 
0.535225 0.28087823086 0.15428506729 
0.535782 0.25035903878 0.16102576571 
0.536339 0.11403157941 0.15800832918 
0.536896 0.04674556762 0.16343087207 
0.537453 0.17828739207 0.16632304142 
0.538009 0.05341188696 0.17976857914 
0.538566 -0.02444791902 0.17143014739 
0.539123 0.36078987910 0.18287404842 
0.539680 0.14406055311 0.17674586921 
0.540237 0.22782970337 0.17814176650 
0.540793 0.09316942860 0.19166407805 
0.541350 0.05172509233 0.22336685557 
0.541907 0.43169959016 0.22825196338 
0.542464 -0.16650238826 0.27194120751 
0.543021 -0.02654081411 0.44946212978 
