0.011985 133.99543680308 0.00000000000 
0.012543 158.04651457761 9.07950560980 
0.013100 149.53202489685 12.46512314939 
0.013658 146.74517815124 10.39654268178 
0.014215 145.53708216468 9.40979576419 
0.014772 143.75236322835 6.52799635138 
0.015330 138.62874407156 5.52189149874 
0.015887 134.07596805163 5.44171571404 
0.016445 130.38845956658 4.15718362458 
0.017002 128.93982260741 3.87623610416 
0.017560 124.75303850831 3.39647098449 
0.018117 121.40462435692 2.83155685517 
0.018675 117.31962329985 2.33673855205 
0.019232 114.65735238668 2.65818915594 
0.019789 109.64497107055 2.34144994168 
0.020347 106.94202329317 2.09662491065 
0.020904 102.74897241521 1.59599216213 
0.021462 100.07637069785 1.69642525245 
0.022019 97.64300803465 1.56767924861 
0.022577 94.77904269653 1.40888035351 
0.023134 89.44167291290 1.25927355626 
0.023692 87.25234903541 1.29624259505 
0.024249 85.03314090174 1.13832287474 
0.024807 81.39846180303 1.14089442218 
0.025364 77.85332175390 0.97551995965 
0.025921 75.33850204510 0.97460802866 
0.026479 73.62186749354 0.90548355880 
0.027036 69.78194027971 0.87316906078 
0.027594 66.22045158564 0.79038496740 
0.028151 64.42876919103 0.78339505064 
0.028709 60.94535871522 0.73655248822 
0.029266 58.65806203608 0.72507904266 
0.029824 56.24512285154 0.66408195227 
0.030381 54.50302225845 0.62730043866 
0.030938 52.30811777896 0.59777382180 
0.031496 49.34705455080 0.54136248694 
0.032053 47.47438970787 0.56758292018 
0.032611 45.32281377941 0.54551148198 
0.033168 42.66641248370 0.54339002007 
0.033726 41.47847212285 0.51680365050 
0.034283 39.37447967632 0.48622947907 
0.034841 36.87164359662 0.47965194563 
0.035398 35.74006182227 0.48888062616 
0.035955 34.00412095051 0.44592469454 
0.036513 32.34546152049 0.44089202714 
0.037070 30.80067144231 0.45636507125 
0.037628 28.80283752947 0.44733153803 
0.038185 28.18434836353 0.42012527285 
0.038743 26.71522006295 0.40167510637 
0.039300 25.67987930852 0.39694997654 
0.039858 24.44583830855 0.39811277707 
0.040415 23.17504163701 0.36854718182 
0.040973 21.94037347285 0.38676644494 
0.041530 21.71809045993 0.35156562437 
0.042087 19.71089882998 0.34972632584 
0.042645 19.14284675080 0.35634821999 
0.043202 18.98990534591 0.33702956513 
0.043760 17.97343132651 0.33126698803 
0.044317 16.90797639483 0.32058217111 
0.044875 15.85409641929 0.32710421260 
0.045432 15.45629712302 0.34736621606 
0.045990 14.83995696552 0.30067873377 
0.046547 14.23487901381 0.31746652627 
0.047104 13.85518410632 0.31148802812 
0.047662 13.16875370544 0.30383293962 
0.048219 12.77139677561 0.30100592170 
0.048777 12.24177191497 0.28939980157 
0.049334 12.01962369043 0.28467143606 
0.049892 11.39164305673 0.29106438364 
0.050449 11.48339840196 0.28292363305 
0.051007 10.98263481185 0.29645943695 
0.051564 10.63251683203 0.27922644991 
0.052121 10.24633867632 0.27736577063 
0.052679 9.83574017063 0.26129372445 
0.053236 9.57828875560 0.25626530770 
0.053794 9.32201571628 0.24124907925 
0.054351 9.05946268770 0.25519173531 
0.054909 8.58483524720 0.25827844801 
0.055466 8.84781676663 0.24927728049 
0.056024 8.75015978294 0.24451251000 
0.056581 8.05832541533 0.24634245062 
0.057138 8.35128823143 0.24693082902 
0.057696 8.31863337701 0.24480464317 
0.058253 7.71146946335 0.24560049431 
0.058811 7.67629094950 0.24129981706 
0.059368 7.77800191389 0.23656498241 
0.059926 7.33023119840 0.23604900563 
0.060483 6.99023513409 0.23676333751 
0.061041 6.66150170667 0.22263759246 
0.061598 6.85393642656 0.23174571953 
0.062155 6.97717012444 0.22997419917 
0.062713 6.49750772917 0.22274398522 
0.063270 6.94802042437 0.23135163329 
0.063828 6.60391067452 0.21749197929 
0.064385 6.38169997332 0.22520665077 
0.064943 6.43008266944 0.21255645989 
0.065500 5.99090879090 0.21384535488 
0.066057 6.21520139138 0.21665407708 
0.066615 5.91216427284 0.21526125720 
0.067172 5.55823809105 0.20552506695 
0.067730 5.86972796154 0.21553247484 
0.068287 5.63691119985 0.20296614155 
0.068845 5.58441732892 0.20916657783 
0.069402 5.34353818016 0.19625739924 
0.069960 5.43306193823 0.19514742148 
0.070517 4.91934196938 0.20185138666 
0.071074 5.17159195588 0.20270173349 
0.071632 4.94480154355 0.19159101189 
0.072189 4.74819862981 0.20038879271 
0.072747 4.79345237847 0.19256471768 
0.073304 4.60822228143 0.18900614510 
0.073862 4.42416799815 0.19743261939 
0.074419 4.50260058942 0.19156931948 
0.074977 4.31919645866 0.18681897470 
0.075534 4.11042778982 0.19345365532 
0.076091 4.10485113772 0.18432977299 
0.076649 3.83448053805 0.18039072815 
0.077206 4.01343463319 0.19435017691 
0.077764 3.69547746297 0.18751834429 
0.078321 3.57044708815 0.18370786119 
0.078879 3.56437648818 0.18056198019 
0.079436 3.50204943263 0.18444685919 
0.079993 3.25741236607 0.17908494812 
0.080551 3.37921655839 0.17734283344 
0.081108 3.22103382019 0.17849265980 
0.081666 3.10484103081 0.17321503743 
0.082223 2.87485116669 0.17981016714 
0.082781 2.82019943962 0.17250223122 
0.083338 2.70655748514 0.18070927395 
0.083895 2.56909212420 0.16856210198 
0.084453 2.53805754499 0.16424312464 
0.085010 2.25754570756 0.16696352423 
0.085568 2.43822391946 0.16863185450 
0.086125 2.37151675497 0.17587339582 
0.086683 2.30612754610 0.16089376406 
0.087240 2.31986172194 0.15999561367 
0.087798 1.97759332743 0.16226153894 
0.088355 1.97840150898 0.16154954238 
0.088912 2.07579325447 0.16469158954 
0.089470 2.09944685387 0.16310358940 
0.090027 1.80234345582 0.16263562689 
0.090585 2.05179245717 0.16134006540 
0.091142 1.86723933694 0.16034758590 
0.091700 1.60293562797 0.15269818297 
0.092257 1.52230164552 0.15974202627 
0.092814 1.56310551957 0.16001349077 
0.093372 1.46181235176 0.15077290220 
0.093929 1.48563309685 0.15249750205 
0.094487 1.31948468683 0.16099916575 
0.095044 1.29584553936 0.15591101400 
0.095602 1.29229950478 0.15204513515 
0.096159 1.29707568346 0.15116574120 
0.096716 1.32439049346 0.15010791271 
0.097274 1.17513647280 0.15070350005 
0.097831 1.18167118304 0.14949568681 
0.098389 1.17964471003 0.14963771733 
0.098946 1.43624063099 0.15604786354 
0.099504 0.90118669100 0.15022023788 
0.100061 1.19297166735 0.14887654470 
0.100618 1.08699820573 0.14216581009 
0.101176 1.00913347043 0.14602067039 
0.101733 1.05847745411 0.14373649402 
0.102291 0.90274664100 0.15095975189 
0.102848 1.15670487582 0.14768157336 
0.103406 1.09789728906 0.14383532192 
0.103963 0.88677362113 0.14877020694 
0.104520 0.96987724853 0.14360321861 
0.105078 1.02732968985 0.14313940281 
0.105635 0.86115885822 0.14190342722 
0.106193 0.91443737870 0.14134952268 
0.106750 0.87803396030 0.14032524228 
0.107308 0.85593862625 0.14327267834 
0.107865 0.81278885731 0.13890642969 
0.108422 0.84724003994 0.14379739141 
0.108980 0.78004794339 0.13904503085 
0.109537 0.92432360782 0.14005127659 
0.110095 0.96131255559 0.14228443239 
0.110652 0.89686676973 0.13476331912 
0.111210 0.94793679107 0.13770455603 
0.111767 0.95512731813 0.14005848181 
0.112324 0.88694299457 0.13238199160 
0.112882 0.75579505101 0.13989075280 
0.113439 0.84805668631 0.13655385071 
0.113997 0.73912385546 0.13711432726 
0.114554 0.70416812228 0.13542921644 
0.115111 0.73328253360 0.13211633647 
0.115669 0.68378055696 0.13297617274 
0.116226 0.62930126036 0.13403296317 
0.116784 0.66104030083 0.13351889017 
0.117341 0.90573687339 0.13466768378 
0.117899 0.73163570385 0.13276732438 
0.118456 0.73043279722 0.12865280000 
0.119013 0.59685145517 0.13099481233 
0.119571 0.75110350833 0.13056369539 
0.120128 0.65771326025 0.13131970035 
0.120686 0.68164483801 0.13243508327 
0.121243 0.81164096094 0.13271400128 
0.121800 0.74503347597 0.13080543305 
0.122358 0.84124920924 0.13704278818 
0.122915 0.65274479565 0.12864725666 
0.123473 0.66568701568 0.13100236751 
0.124030 0.55948985776 0.12796909861 
0.124588 0.86259803489 0.13111051302 
0.125145 0.58581749730 0.12784715972 
0.125702 0.78225027959 0.12989257267 
0.126260 0.64041306330 0.12747298153 
0.126817 0.51402481379 0.12444626596 
0.127375 0.58188055824 0.13054775835 
0.127932 0.62755661713 0.12783592391 
0.128489 0.68703612615 0.12864010677 
0.129047 0.57608649007 0.12567227612 
0.129604 0.49358868263 0.12798660796 
0.130162 0.55213627392 0.12339677505 
0.130719 0.60480070831 0.12473671744 
0.131277 0.40440498119 0.12756366416 
0.131834 0.44000799548 0.12531168215 
0.132391 0.48649474531 0.12817684588 
0.132949 0.42468450713 0.12984365182 
0.133506 0.41329560069 0.13333894668 
0.134064 0.58067174472 0.13461289042 
0.134621 0.53820069353 0.13610281700 
0.135178 0.44733283096 0.13560508002 
0.135736 0.32096175952 0.13908237480 
0.136293 0.53420103465 0.14068656589 
0.136851 0.30459342044 0.13990514446 
0.137408 0.20433960952 0.13740608357 
0.137965 0.46010596472 0.13351043329 
0.138523 0.43388008056 0.13750632236 
0.139080 0.47485774098 0.13822582894 
0.139638 0.42974027672 0.13657408939 
0.140195 0.27956677396 0.13973261131 
0.140752 0.35198792637 0.13913605240 
0.141310 0.55972967796 0.13924685249 
0.141867 0.38465207250 0.14059519151 
0.142425 0.28558191941 0.13844658643 
0.142982 0.35851649552 0.13980719387 
0.143540 0.21139484382 0.14124236125 
0.144097 0.43498907948 0.13491427406 
0.144654 0.42208969412 0.13538151905 
0.145212 0.13524831219 0.13376083953 
0.145769 0.38880224709 0.12914015614 
0.146327 0.38401927760 0.13048875620 
0.146884 0.41297664080 0.12727150263 
0.147441 0.23217295367 0.12651109725 
0.147999 0.26540192383 0.12290516208 
0.148556 0.28542727543 0.12524582743 
0.149114 0.33378812730 0.12453536792 
0.149671 0.23336318861 0.12569043029 
0.150228 0.16430547809 0.12345297998 
0.150786 0.22779555903 0.12236414708 
0.151343 0.36987719801 0.12374603274 
0.151901 0.35230462669 0.12680937079 
0.152458 0.12984315402 0.11938993592 
0.153015 0.23784243047 0.12827254487 
0.153573 0.29858197196 0.12202291970 
0.154130 0.26514230127 0.12166153509 
0.154688 0.18764180223 0.12135166401 
0.155245 0.27875250666 0.11958608552 
0.155802 0.19152278853 0.12089030015 
0.156360 0.11627758057 0.11684508513 
0.156917 0.29198201930 0.11797434112 
0.157475 0.05355379176 0.11945356497 
0.158032 0.22115066599 0.11874041397 
0.158589 0.25124453171 0.11986416533 
0.159147 0.34203805245 0.12101577867 
0.159704 0.27340168791 0.11669325926 
0.160261 0.14303428906 0.12000506312 
0.160819 0.00927257670 0.11419489354 
0.161376 0.02727059189 0.11598141923 
0.161934 0.26774576790 0.11934796144 
0.162491 0.14620551651 0.11769290214 
0.163048 0.15302764975 0.11577089483 
0.163606 0.09573441906 0.11170301863 
0.164163 0.19605478888 0.11398480909 
0.164721 0.05654830044 0.11398386381 
0.165278 0.23897571717 0.11500638236 
0.165835 0.16471481841 0.11475268282 
0.166393 0.25486483538 0.11049608051 
0.166950 0.13668602484 0.11478643685 
0.167508 0.14608492509 0.11223262273 
0.168065 0.07108921071 0.11507782982 
0.168622 0.00897591843 0.11030642110 
0.169180 0.05727157089 0.11202203578 
0.169737 0.10913741451 0.11224021558 
0.170294 0.08355328379 0.11191257877 
0.170852 0.11925147367 0.11412357235 
0.171409 -0.00726235588 0.11131663421 
0.171967 0.02260197475 0.11401073390 
0.172524 0.08686230767 0.10950040076 
0.173081 0.29846327545 0.11238667855 
0.173639 0.08739139500 0.11120979977 
0.174196 0.09850706829 0.10948062260 
0.174754 0.10144201924 0.10796403735 
0.175311 -0.00302718595 0.11050610343 
0.175868 0.11345780771 0.10917754158 
0.176426 0.20669117731 0.10689293617 
0.176983 0.04722892971 0.10926160059 
0.177540 0.05654917910 0.10620983880 
0.178098 0.00391973950 0.10965239674 
0.178655 -0.03535829621 0.10674990113 
0.179213 0.13647799094 0.11094540703 
0.179770 0.04577634364 0.10617731520 
0.180327 0.05758668239 0.10681165060 
0.180885 0.06452327149 0.10677516863 
0.181442 0.06398038868 0.10679340818 
0.181999 0.09797826644 0.10694449770 
0.182557 0.11560977581 0.10717170742 
0.183114 0.13950916213 0.10766547285 
0.183672 0.17507570362 0.10739099483 
0.184229 0.15828869065 0.10554772126 
0.184786 0.08486793698 0.10385990312 
0.185344 0.00889494572 0.10698767826 
0.185901 0.07653688491 0.10713220186 
0.186458 0.02048859549 0.10535355314 
0.187016 0.03696324129 0.10472495033 
0.187573 0.25037168684 0.10525867428 
0.188131 -0.02996556734 0.10370170536 
0.188688 0.14423377789 0.10618959097 
0.189245 0.12016957695 0.10495133218 
0.189803 -0.04103608371 0.10610876961 
0.190360 0.13129921051 0.10441252829 
0.190917 0.15807602181 0.10538526010 
0.191475 0.10104627735 0.10464081116 
0.192032 0.00863804420 0.10499280087 
0.192590 0.16769592740 0.10171585169 
0.193147 -0.01857372794 0.10467556408 
0.193704 0.03509377187 0.10337545259 
0.194262 0.04386797528 0.10468904243 
0.194819 0.12424580521 0.10401642698 
0.195376 0.10864704208 0.10499114497 
0.195934 0.20376588862 0.10284561134 
0.196491 0.12383484496 0.10167268376 
0.197048 0.13839984826 0.10264800914 
0.197606 0.10893997992 0.10549141367 
0.198163 0.18241489120 0.10527202342 
0.198721 0.18792809565 0.10262987844 
0.199278 0.12157520327 0.10328341961 
0.199835 0.19253054387 0.10301433024 
0.200393 0.25882136644 0.10200726021 
0.200950 0.04327412285 0.10196480518 
0.201507 0.03635919256 0.10112294363 
0.202065 0.18075987742 0.10361225710 
0.202622 0.08841033559 0.10292283367 
0.203179 0.11098038057 0.10020148046 
0.203737 0.21243104512 0.10341625400 
0.204294 0.20819162673 0.09914829818 
0.204851 0.16147820722 0.09713331622 
0.205409 0.08617714001 0.10007636260 
0.205966 0.12616550071 0.09835947034 
0.206524 0.03138918102 0.09856661318 
0.207081 0.06965362668 0.10022783805 
0.207638 0.03794951124 0.09889038522 
0.208196 0.15973854226 0.09909275738 
0.208753 0.12612527374 0.09906973390 
0.209310 -0.01946676499 0.09838109964 
0.209868 0.05175646780 0.09677552547 
0.210425 0.10236111543 0.09962518548 
0.210982 0.02478599888 0.09648535133 
0.211540 0.06927384907 0.09827306759 
0.212097 0.16777790914 0.09803171073 
0.212654 0.07728427822 0.09701134157 
0.213212 0.13646565333 0.09849947119 
0.213769 0.15581980479 0.09758150850 
0.214326 0.01694832381 0.09636433163 
0.214884 0.11967360678 0.09897210165 
0.215441 0.11996700519 0.09569506791 
0.215999 0.20990576934 0.09628718697 
0.216556 0.17523288083 0.09498946674 
0.217113 0.24114593182 0.09548592334 
0.217671 0.14362578155 0.09430407009 
0.218228 0.02187863784 0.09760189175 
0.218785 0.04969652651 0.09561187047 
0.219343 0.22912261690 0.09576072875 
0.219900 0.11545047928 0.09205791194 
0.220457 0.09355474475 0.09655962494 
0.221015 0.11861054194 0.09366880863 
0.221572 0.02673741836 0.09517300307 
0.222129 0.11959077780 0.09383674611 
0.222687 0.14422910152 0.09512689669 
0.223244 0.08281233642 0.09503821370 
0.223801 0.08095440736 0.09508869263 
0.224359 0.07873966368 0.09406113900 
0.224916 0.15485865669 0.09627531057 
0.225473 0.18450889712 0.09466286325 
0.226031 0.27625932695 0.09247039368 
0.226588 0.02871890670 0.09561040063 
0.227145 0.10893124197 0.09114527096 
0.227703 0.10682186364 0.09086503114 
0.228260 0.08405271747 0.09322249136 
0.228817 0.08260088314 0.09716941498 
0.229375 0.15440488710 0.09401967649 
0.229932 0.13648796490 0.09307753020 
0.230489 0.06060582216 0.09229051221 
0.231047 0.16200190479 0.09038607034 
0.231604 0.04026853053 0.09025123497 
0.232161 0.13648103567 0.09388590750 
0.232719 -0.03968990059 0.09102686412 
0.233276 0.06923760955 0.08998436816 
0.233833 0.11548996153 0.09320945973 
0.234391 0.09380161440 0.09207254227 
0.234948 0.18920073944 0.09319651174 
0.235505 0.11590724601 0.09013177574 
0.236063 0.04612938525 0.09165181412 
0.236620 0.19478387378 0.09180341971 
0.237177 0.16850498448 0.09168110730 
0.237735 0.11206228030 0.09106651116 
0.238292 0.08252894210 0.09100372346 
0.238849 0.13170552639 0.09037258344 
0.239407 -0.03627047796 0.09027384442 
0.239964 0.15602855944 0.09159298522 
0.240521 0.08160981521 0.08993943133 
0.241079 0.06501227732 0.08969924621 
0.241636 0.18821231959 0.09065724263 
0.242193 0.25143718384 0.09205626848 
0.242750 0.09062664533 0.08931906231 
0.243308 0.09513251332 0.09069844733 
0.243865 0.08048959627 0.08976253456 
0.244422 0.14168593771 0.09018523965 
0.244980 0.07076097826 0.08937876110 
0.245537 0.08113588811 0.08896514958 
0.246094 0.15725117506 0.09027735946 
0.246652 0.11512325930 0.08861847006 
0.247209 0.10526780636 0.08806933585 
0.247766 0.07868650405 0.09012078614 
0.248324 -0.05812488310 0.08782788437 
0.248881 0.16611029179 0.09040794407 
0.249438 0.03438308155 0.08992000653 
0.249996 0.12936083312 0.09083058361 
0.250553 0.14049299733 0.08913663714 
0.251110 0.07895115456 0.08872284048 
0.251667 0.00542504324 0.08818725060 
0.252225 0.10606313692 0.08836652744 
0.252782 0.08198590451 0.08641578720 
0.253339 0.08923537915 0.08666583386 
0.253897 0.05859896843 0.08836448691 
0.254454 0.05111300195 0.08724279864 
0.255011 0.03524698169 0.08633239458 
0.255569 0.09893270593 0.08676462698 
0.256126 0.12146055674 0.08583966768 
0.256683 0.04958946943 0.08668266652 
0.257241 0.03229056061 0.08679518929 
0.257798 0.02596925383 0.08753247257 
0.258355 0.15895916836 0.08505890112 
0.258912 0.10833994800 0.08895403553 
0.259470 0.20574295993 0.08479680107 
0.260027 0.07254486029 0.08604454848 
0.260584 0.10699820154 0.08647048640 
0.261142 0.13130283012 0.08617853181 
0.261699 0.04381965663 0.08634811794 
0.262256 0.07844844205 0.08425782791 
0.262814 0.05938367415 0.08592098663 
0.263371 0.02444406526 0.08897367166 
0.263928 0.16167198659 0.08608391059 
0.264485 0.04038765559 0.08552984786 
0.265043 0.09560112082 0.08648677932 
0.265600 0.06240244419 0.08661194812 
0.266157 0.02376465254 0.08588405064 
0.266715 0.03789349532 0.08569006985 
0.267272 0.04675456789 0.08505303173 
0.267829 0.20349637570 0.08580130866 
0.268386 -0.01529731151 0.08398912766 
0.268944 0.09709836808 0.08482500334 
0.269501 0.03042033954 0.08649344518 
0.270058 0.05126343189 0.08410695222 
0.270616 0.13798499022 0.08489936604 
0.271173 0.06815424760 0.08520961297 
0.271730 0.12947666185 0.08587821300 
0.272287 -0.03605940989 0.08888470513 
0.272845 0.20834948507 0.08863596183 
0.273402 0.12108416214 0.08840416304 
0.273959 0.06070897204 0.08858711467 
0.274517 -0.03263521270 0.09022632194 
0.275074 0.06892677113 0.08953815067 
0.275631 0.07433529167 0.08884126319 
0.276188 0.05631388270 0.08825778968 
0.276746 0.05962144421 0.09133142837 
0.277303 0.02291293029 0.08876667519 
0.277860 -0.00199960749 0.09030736349 
0.278418 0.14102887760 0.08988225234 
0.278975 0.16967317445 0.09107233559 
0.279532 0.01240574099 0.09063428727 
0.280089 0.15388942256 0.09114351840 
0.280647 0.06398930071 0.09092684885 
0.281204 0.03524742824 0.09209950257 
0.281761 0.13546471180 0.09011170454 
0.282318 0.06382223505 0.08881804940 
0.282876 0.02035881164 0.08689708893 
0.283433 0.16455319144 0.08664361609 
0.283990 0.10077606445 0.08910820708 
0.284548 -0.00196041892 0.08621240841 
0.285105 0.09530052230 0.08700595938 
0.285662 0.05287422691 0.08656090015 
0.286219 0.11030142649 0.08557135030 
0.286777 0.02972194718 0.08513523763 
0.287334 0.04529758352 0.08599893671 
0.287891 -0.03088540816 0.08669409790 
0.288448 0.08160661996 0.08549223457 
0.289006 0.14535241742 0.08565694827 
0.289563 0.10461208449 0.08328552176 
0.290120 0.01881356702 0.08369062555 
0.290677 0.05752782991 0.08722732789 
0.291235 0.08350283871 0.08372845008 
0.291792 0.05463066237 0.08350928650 
0.292349 0.09124836445 0.08434231243 
0.292906 0.06499984929 0.08470038900 
0.293464 0.21112109247 0.08524739289 
0.294021 0.14922749128 0.08511425702 
0.294578 0.09065571484 0.08378394277 
0.295136 0.03851803993 0.08676819185 
0.295693 0.05225165419 0.08636272340 
0.296250 -0.02823596851 0.08691803280 
0.296807 0.02333912036 0.08494235835 
0.297365 0.03415973855 0.08546366107 
0.297922 0.09017660132 0.08596943438 
0.298479 0.06401392074 0.08647565576 
0.299036 0.10095535855 0.08479565063 
0.299594 0.00467053172 0.08615531491 
0.300151 0.02533281176 0.08681445697 
0.300708 0.03722230488 0.08538563945 
0.301265 0.12963929701 0.08721670932 
0.301823 0.09638880330 0.08544331170 
0.302380 0.13311003825 0.08608823042 
0.302937 0.09753566883 0.08541949635 
0.303494 0.06737476776 0.08589275403 
0.304052 0.11065271338 0.08538341021 
0.304609 0.15674793578 0.08585445794 
0.305166 0.09341980015 0.08388238031 
0.305723 0.08113241611 0.08273529239 
0.306280 0.16306549374 0.08679108843 
0.306838 0.25390162878 0.08632681204 
0.307395 0.09768911995 0.08525824552 
0.307952 0.06395600303 0.08494128590 
0.308509 0.05496405603 0.08508127089 
0.309067 0.07325607528 0.08595204386 
0.309624 0.03217843181 0.08495947769 
0.310181 0.08379820166 0.08489672763 
0.310738 0.11250141664 0.08534433616 
0.311296 0.13544848242 0.08716842619 
0.311853 0.08577648302 0.08475638281 
0.312410 0.16636568239 0.08625163368 
0.312967 0.04125808429 0.08608805981 
0.313525 0.05387355936 0.08732966435 
0.314082 0.15196232125 0.08480282790 
0.314639 0.04014497501 0.08552734169 
0.315196 0.14598191575 0.08717402875 
0.315753 0.05077321524 0.08631809471 
0.316311 0.08418442684 0.08871362694 
0.316868 0.16304000108 0.08725945372 
0.317425 0.15067780520 0.08724120398 
0.317982 0.04327860838 0.08656350281 
0.318540 0.02071071790 0.08664011691 
0.319097 0.15973132607 0.08512436097 
0.319654 0.04940536085 0.08847589724 
0.320211 0.11813184641 0.08649804382 
0.320768 0.10102824793 0.08844215694 
0.321326 0.13173258069 0.08688758849 
0.321883 0.03847126456 0.08746086435 
0.322440 0.14127859608 0.08664133138 
0.322997 0.07715533469 0.08633633833 
0.323555 0.16336023086 0.08787546931 
0.324112 -0.01326179533 0.08708231414 
0.324669 0.03501402589 0.08730075651 
0.325226 0.15909873972 0.08599933836 
0.325783 0.07221944516 0.08615544412 
0.326341 0.22505143500 0.08859421263 
0.326898 0.01086421020 0.08694884036 
0.327455 0.01546126378 0.08915089323 
0.328012 0.00522197278 0.08797095808 
0.328569 -0.05084629627 0.08664623814 
0.329127 0.08491954699 0.08823154329 
0.329684 0.09640999515 0.08743730575 
0.330241 0.21972096615 0.08858121197 
0.330798 0.10872793141 0.08872819492 
0.331355 0.05589270041 0.09032756013 
0.331913 0.12115197380 0.08886979801 
0.332470 0.09205697838 0.09019873632 
0.333027 0.02223742645 0.08836262099 
0.333584 0.11713330423 0.08879886761 
0.334141 0.05719288264 0.08906662102 
0.334699 0.01982603573 0.08863628873 
0.335256 0.07285400721 0.08997420988 
0.335813 0.07690437674 0.08990628113 
0.336370 0.14713877176 0.09037895601 
0.336927 0.14874783112 0.08876529038 
0.337485 0.06824701652 0.09012311316 
0.338042 0.11925340377 0.09085373587 
0.338599 0.02947565049 0.09211770534 
0.339156 0.01299931399 0.09439361514 
0.339713 0.11815058380 0.09283224550 
0.340271 0.01509983720 0.09251144264 
0.340828 0.22436811588 0.09244733701 
0.341385 0.06581745628 0.09391818505 
0.341942 0.12229021071 0.09401203839 
0.342499 0.03650954067 0.09397281017 
0.343057 0.02769426885 0.09317999289 
0.343614 0.08847841047 0.09624910893 
0.344171 0.04275133149 0.09428614188 
0.344728 -0.09028515799 0.09382369122 
0.345285 -0.04026340026 0.09502614709 
0.345842 0.03536154715 0.09347418515 
0.346400 0.08773177031 0.09464593875 
0.346957 0.06288183272 0.09493496844 
0.347514 0.08809699783 0.09616084623 
0.348071 -0.05931460281 0.09676096127 
0.348628 0.01611122368 0.09661731748 
0.349186 0.20353966338 0.09550218654 
0.349743 -0.02985901401 0.09604097897 
0.350300 0.03443332455 0.09497611424 
0.350857 0.01223158145 0.09896777068 
0.351414 0.14559635548 0.09834297249 
0.351971 0.08706940122 0.10089385213 
0.352529 0.21231641131 0.10190994310 
0.353086 0.22379312006 0.09907254363 
0.353643 0.06808870579 0.10219780740 
0.354200 0.02400382750 0.10426024712 
0.354757 -0.06592427225 0.10016729889 
0.355314 0.12146878358 0.10232686181 
0.355872 0.05458549941 0.10175039684 
0.356429 0.05786568891 0.10179887630 
0.356986 0.05393534673 0.10259149472 
0.357543 0.21014709994 0.10360172736 
0.358100 0.09751453696 0.10318963104 
0.358657 -0.08607183378 0.10230850391 
0.359215 0.00374307755 0.10311442775 
0.359772 0.03642595661 0.10513714896 
0.360329 0.07442441632 0.10436089639 
0.360886 0.08799317604 0.10283960674 
0.361443 0.10937910306 0.10324226320 
0.362000 0.13240006079 0.10173016025 
0.362558 -0.00349203807 0.10585883371 
0.363115 0.07544849114 0.10177968906 
0.363672 0.11912055094 0.10246817764 
0.364229 0.01033665083 0.10209001709 
0.364786 0.04388165173 0.10317456391 
0.365343 0.17085341678 0.10226212264 
0.365900 0.03063054832 0.10144870198 
0.366458 0.20232588742 0.10273932143 
0.367015 0.01673488039 0.10163518760 
0.367572 0.10826448257 0.10129628959 
0.368129 0.09419605177 0.10068921062 
0.368686 -0.02722862478 0.10123002607 
0.369243 0.01780880342 0.10239797265 
0.369801 0.15099703871 0.10116655307 
0.370358 0.08191414725 0.09807043684 
0.370915 0.05872121271 0.09838409063 
0.371472 0.15647114308 0.09979723502 
0.372029 0.09717032634 0.09960476634 
0.372586 0.11788958947 0.09943319535 
0.373143 0.18299868227 0.09754300723 
0.373700 0.03232188975 0.09719440405 
0.374258 0.05706539673 0.09722168447 
0.374815 0.03822295696 0.09847784972 
0.375372 0.07159293808 0.09717132585 
0.375929 -0.03715654205 0.09635510231 
0.376486 0.06688316654 0.09766795079 
0.377043 0.08963808450 0.09771501700 
0.377600 0.04246484288 0.09394739838 
0.378158 0.16277488473 0.09367893703 
0.378715 0.01213669801 0.09478999204 
0.379272 0.09703022553 0.09552229662 
0.379829 -0.08438608343 0.09500894647 
0.380386 0.07557202639 0.09096726087 
0.380943 0.03928953661 0.09543310974 
0.381500 0.08253750940 0.09338700851 
0.382057 0.11981634697 0.09280607090 
0.382615 0.17290749075 0.09376733596 
0.383172 0.10004984468 0.09325308767 
0.383729 0.02382414107 0.09278473958 
0.384286 0.06454657679 0.09014959130 
0.384843 0.11329620451 0.09226423114 
0.385400 0.11636924882 0.09195285508 
0.385957 -0.03440304838 0.09362743935 
0.386514 0.15225865901 0.09107257845 
0.387072 0.01467067574 0.09157057255 
0.387629 0.04750286436 0.09289040167 
0.388186 0.15033644413 0.09150116498 
0.388743 0.13934066149 0.09228314050 
0.389300 0.08413391504 0.09301563678 
0.389857 0.11193431486 0.08990484368 
0.390414 0.04296102798 0.09070525143 
0.390971 0.12030699054 0.08955186273 
0.391528 0.12082340573 0.09012658942 
0.392086 0.05356154286 0.08998880197 
0.392643 0.17721721177 0.08956172446 
0.393200 0.10194065364 0.08984918515 
0.393757 0.01622071019 0.09103993962 
0.394314 -0.00349432621 0.08950513120 
0.394871 0.11687935294 0.09133041238 
0.395428 -0.01988346265 0.08793968524 
0.395985 0.03584582862 0.08941000111 
0.396542 0.09463239344 0.08915029294 
0.397099 0.09027111625 0.09068966256 
0.397657 0.12892110326 0.08768970249 
0.398214 0.06848596901 0.08842811380 
0.398771 0.04055554145 0.08673972894 
0.399328 -0.01741009396 0.09060542098 
0.399885 0.06009445621 0.08658738271 
0.400442 0.05926929670 0.08917107230 
0.400999 0.09649597083 0.09024836916 
0.401556 0.10867676494 0.09326385932 
0.402113 0.02287048228 0.09612896701 
0.402670 0.10569624526 0.09502570850 
0.403227 -0.00561514260 0.09840493539 
0.403785 0.12395302238 0.09639650014 
0.404342 0.07442379647 0.09746754964 
0.404899 0.02630943891 0.10067200073 
0.405456 0.22161917049 0.10043408005 
0.406013 0.01440553816 0.10128894394 
0.406570 0.04019370837 0.10191522346 
0.407127 0.04532694741 0.10133826430 
0.407684 0.09371488333 0.10044330272 
0.408241 0.03413081479 0.10154643094 
0.408798 0.11385321042 0.10321300735 
0.409355 0.17420872907 0.10611652039 
0.409912 0.08524756532 0.11154844471 
0.410469 0.00729283280 0.10734599049 
0.411027 0.08325149162 0.10559499298 
0.411584 0.11209228262 0.10909560323 
0.412141 -0.00622216368 0.10805208137 
0.412698 0.00886896875 0.10960417917 
0.413255 0.05816822101 0.11069038773 
0.413812 0.09796773951 0.11150124817 
0.414369 0.19051988527 0.11399979819 
0.414926 0.17640000878 0.11046866768 
0.415483 0.03928844405 0.11419102007 
0.416040 0.13438085461 0.11685649096 
0.416597 0.16012486875 0.11842520988 
0.417154 0.04246991634 0.11871141933 
0.417711 0.02212571405 0.11541807503 
0.418268 0.12161423828 0.12043499817 
0.418825 -0.02233156795 0.11665906867 
0.419382 0.24751355379 0.11324395094 
0.419940 0.14294874859 0.11640357051 
0.420497 0.06304891948 0.11378205009 
0.421054 0.09024152010 0.11566825311 
0.421611 0.14479636604 0.11580421836 
0.422168 0.07760478281 0.11295734309 
0.422725 0.05112404696 0.11581106280 
0.423282 0.03399003182 0.11672289951 
0.423839 0.06010118996 0.11213669663 
0.424396 0.02131042735 0.11588936507 
0.424953 0.19660569338 0.11420229566 
0.425510 0.11264193777 0.11530717748 
0.426067 0.17841786222 0.11787580617 
0.426624 0.01766129736 0.11684707158 
0.427181 0.05635454538 0.11443074070 
0.427738 0.07255428981 0.11893838246 
0.428295 0.01399971203 0.11642890068 
0.428852 0.11776342299 0.11631178284 
0.429409 0.04190464137 0.11680693109 
0.429966 -0.00936661320 0.11547415009 
0.430523 0.09793035391 0.11642419144 
0.431080 -0.14151435558 0.11935114333 
0.431637 0.05766588900 0.11911961949 
0.432194 -0.02454277600 0.11800255127 
0.432752 -0.16135583435 0.11662630576 
0.433309 0.07790677248 0.11869891668 
0.433866 0.10786069157 0.11804751760 
0.434423 0.07597042605 0.11476298925 
0.434980 0.22135446183 0.12126533686 
0.435537 0.00864910742 0.12081607635 
0.436094 0.09073567752 0.11648754177 
0.436651 0.14565276912 0.12107960191 
0.437208 -0.05590520159 0.12133005285 
0.437765 0.08487546161 0.11973286868 
0.438322 0.04425190443 0.11819020959 
0.438879 -0.10338131402 0.11985901318 
0.439436 0.22716826945 0.11958907616 
0.439993 0.13426955174 0.11863111557 
0.440550 0.07601802144 0.12132930554 
0.441107 0.04927250810 0.11909832773 
0.441664 0.22209020602 0.12169480258 
0.442221 0.09832431082 0.11998037303 
0.442778 0.00554492649 0.12414326195 
0.443335 0.10861223319 0.12116456588 
0.443892 0.06786245558 0.11724940592 
0.444449 0.09750162463 0.12488762210 
0.445006 0.06649373637 0.12654789766 
0.445563 0.12740430141 0.12321762303 
0.446120 0.07049325581 0.12375830569 
0.446677 0.04539109284 0.12404303719 
0.447234 -0.01834915586 0.12463441431 
0.447791 0.13708419888 0.12415331306 
0.448348 -0.06181471508 0.11992968074 
0.448905 0.16252748899 0.12512906341 
0.449462 -0.10501063399 0.12092422335 
0.450019 0.11425801192 0.12449184736 
0.450576 0.10450253045 0.12491812122 
0.451133 0.05802330236 0.12350895687 
0.451690 -0.01141739944 0.12315116094 
0.452247 0.11409702767 0.12188024191 
0.452804 0.21530076414 0.12066491443 
0.453361 0.00295986938 0.11973204936 
0.453918 -0.01717687151 0.12448129942 
0.454475 0.26372683905 0.12374344204 
0.455032 0.12674783975 0.12291524356 
0.455589 0.03798340986 0.11485492327 
0.456146 0.19108897116 0.12430538599 
0.456703 -0.10512554005 0.12383094459 
0.457260 -0.00549763752 0.12010115324 
0.457817 0.23477620853 0.11784232117 
0.458374 0.10199828547 0.12119299673 
0.458931 0.06255078556 0.12196399789 
0.459488 0.08889135430 0.12119685204 
0.460045 0.11238203347 0.12418966829 
0.460602 0.08589495675 0.12431168863 
0.461159 0.15287727950 0.12435763759 
0.461716 0.05756662183 0.12423957462 
0.462273 0.05774484148 0.12216235075 
0.462830 -0.10309159975 0.12606370996 
0.463387 -0.01636154308 0.12182678513 
0.463943 0.07735843150 0.12398944067 
0.464500 0.14254146534 0.12036321605 
0.465057 0.20432617490 0.12327765956 
0.465614 0.05416015753 0.12241239306 
0.466171 0.04858486816 0.12104601546 
0.466728 0.04620651786 0.12148350135 
0.467285 0.08486951337 0.12089037283 
0.467842 -0.00563630199 0.12348828723 
0.468399 0.17617728100 0.12353614196 
0.468956 0.15716269621 0.11985284898 
0.469513 0.06517677369 0.12190766478 
0.470070 0.16454689819 0.12299895525 
0.470627 0.08835870709 0.12335783602 
0.471184 0.07015402469 0.12502522536 
0.471741 0.11900629334 0.12002296672 
0.472298 0.09806739741 0.12174588213 
0.472855 0.02055840614 0.11940615904 
0.473412 0.19922298228 0.12368455404 
0.473969 -0.08065342106 0.12086047703 
0.474526 -0.10444119148 0.12119593310 
0.475083 0.14613861910 0.11863223504 
0.475640 0.01370994945 0.12195827533 
0.476196 0.14879673204 0.12221479539 
0.476753 0.10976206470 0.12309993915 
0.477310 0.06116722323 0.12602872231 
0.477867 0.05066328172 0.12404155986 
0.478424 0.14945638847 0.12137902572 
0.478981 0.02324040494 0.12214382849 
0.479538 0.00448601028 0.11863135766 
0.480095 0.07043670976 0.12419421663 
0.480652 0.08371600731 0.12259801279 
0.481209 0.01821744972 0.11751684273 
0.481766 -0.08653921130 0.12134305094 
0.482323 0.04875961830 0.11950010556 
0.482880 0.02601554007 0.12026364143 
0.483437 -0.07578931055 0.12286376429 
0.483994 -0.01875301647 0.12446036068 
0.484550 0.20852581574 0.11736525815 
0.485107 0.26017325370 0.11994686492 
0.485664 0.12194828483 0.12191702364 
0.486221 0.00454056026 0.12218976057 
0.486778 0.11901136210 0.11661187778 
0.487335 0.02770490196 0.11875636103 
0.487892 0.26934293592 0.12464716760 
0.488449 0.13706585045 0.12030949698 
0.489006 -0.01956172960 0.12226526206 
0.489563 0.08210578054 0.12387183103 
0.490120 -0.01616429137 0.11963078256 
0.490677 0.02332925479 0.12228064054 
0.491233 0.01096009169 0.12014890070 
0.491790 0.03501896786 0.11901506093 
0.492347 0.12700602854 0.11966519144 
0.492904 0.09035889409 0.12034208123 
0.493461 0.16865501896 0.12168154243 
0.494018 -0.01472600038 0.12516497504 
0.494575 0.11086929096 0.11759203923 
0.495132 0.13051004229 0.12006926717 
0.495689 0.23613324999 0.11958149918 
0.496246 0.04688456525 0.12120321303 
0.496802 0.06542353310 0.12186480329 
0.497359 -0.00869048326 0.11903908939 
0.497916 0.08364064812 0.12063289306 
0.498473 0.08560849244 0.12266100182 
0.499030 0.13861354402 0.12208268713 
0.499587 0.04113042045 0.12226874142 
0.500144 0.28791258527 0.12094286264 
0.500701 0.13047910639 0.12287444920 
0.501258 0.20909289646 0.12014119090 
0.501815 0.09914620136 0.12021544726 
0.502371 0.12469356286 0.11966871602 
0.502928 0.15609555485 0.12002590548 
0.503485 0.10819855300 0.12021276916 
0.504042 -0.15235541799 0.12155297051 
0.504599 0.01566906630 0.12052122224 
0.505156 0.07618578358 0.12520604302 
0.505713 -0.06147280548 0.12196049139 
0.506270 -0.00614775713 0.11907635474 
0.506826 0.13091049116 0.12095184641 
0.507383 0.18896361166 0.12075472022 
0.507940 0.16351780747 0.12479294545 
0.508497 0.20216442333 0.12863114747 
0.509054 0.23315328658 0.12161077863 
0.509611 0.10557592300 0.12178169749 
0.510168 0.14449985508 0.12100542925 
0.510725 0.08590137196 0.12709421241 
0.511281 0.08261590259 0.12209929261 
0.511838 0.07029189672 0.12930066851 
0.512395 0.02199866563 0.12654962183 
0.512952 0.05737289958 0.12590364660 
0.513509 -0.05586373508 0.12029004520 
0.514066 0.12993353590 0.12815369509 
0.514623 0.18415967160 0.12295903626 
0.515179 -0.01247352733 0.12889123218 
0.515736 0.04760314687 0.12897478954 
0.516293 -0.07323101351 0.12810261627 
0.516850 0.06796719240 0.13164492694 
0.517407 -0.03512493496 0.12980090874 
0.517964 0.15710496752 0.13156237140 
0.518521 0.17004043065 0.13298600794 
0.519077 0.12345713970 0.13139582189 
0.519634 0.14532962680 0.13037495303 
0.520191 0.09928394484 0.12979852398 
0.520748 -0.05021183126 0.13106278857 
0.521305 -0.10731445565 0.13262504378 
0.521862 0.14851198010 0.13033349821 
0.522418 0.23493900962 0.13217872941 
0.522975 0.09490280559 0.13179667775 
0.523532 0.17215363764 0.13771237291 
0.524089 0.13449223545 0.13534777433 
0.524646 0.12611375666 0.13827361365 
0.525203 0.14568455173 0.13257769420 
0.525759 0.02960324356 0.13729565506 
0.526316 0.06980915693 0.13736567770 
0.526873 0.17703004849 0.13996558676 
0.527430 0.01789642886 0.13625180039 
0.527987 0.08231116993 0.14293734309 
0.528544 -0.09581622320 0.14923446496 
0.529100 -0.06289982198 0.14413613488 
0.529657 0.10892819394 0.14365522450 
0.530214 -0.00055615885 0.14167326370 
0.530771 0.11141749891 0.14716339870 
0.531328 0.10882919627 0.14766526338 
0.531884 -0.02956643120 0.14428729507 
0.532441 -0.05776829801 0.14928992340 
0.532998 -0.05935766250 0.15444933057 
0.533555 0.19736816251 0.14752613289 
0.534112 0.15908643162 0.15121485477 
0.534669 0.22819510287 0.16365933539 
0.535225 0.19496670250 0.16306454964 
0.535782 0.13637709957 0.16096565711 
0.536339 0.27033214718 0.15710316885 
0.536896 0.04629046996 0.16727406981 
0.537453 0.20079522291 0.16386079166 
0.538009 0.25719454869 0.17175191064 
0.538566 0.08706085840 0.16160656798 
0.539123 -0.18286962445 0.17659835283 
0.539680 -0.00016123451 0.18755641914 
0.540237 0.16226149936 0.18420143595 
0.540793 0.37108479029 0.19244453967 
0.541350 0.01993739104 0.20554246929 
0.541907 0.05084955350 0.23278507694 
0.542464 0.02961562881 0.26358232647 
0.543021 0.38581409657 0.47115555553 
