0.011985 164.01718936256 0.00000000000 
0.012543 155.95176242580 8.48931532556 
0.013100 155.46361128861 13.04206703929 
0.013658 146.01878511240 10.50193182407 
0.014215 141.95435330107 9.26077874582 
0.014772 142.33494907865 6.79968133408 
0.015330 139.04324916455 5.46636180024 
0.015887 133.36742416958 5.01008362241 
0.016445 131.62507430374 4.13860126918 
0.017002 127.07146254227 3.89573082977 
0.017560 124.95707789705 3.40111464826 
0.018117 120.76057403742 2.89522464924 
0.018675 117.85514277956 2.54926886244 
0.019232 113.11042955384 2.75594229758 
0.019789 110.94776478897 2.28575274622 
0.020347 105.56842153789 2.10930191326 
0.020904 102.57171615555 1.94630452574 
0.021462 100.39519485846 1.78954706941 
0.022019 97.57109737692 1.59117468287 
0.022577 95.08372411685 1.39102142782 
0.023134 90.84639825955 1.22464036881 
0.023692 86.83521526965 1.39438374266 
0.024249 84.94557506421 1.18340896165 
0.024807 81.32637138135 1.15334429649 
0.025364 78.27125855486 1.08096713787 
0.025921 74.61015224693 0.90230168412 
0.026479 72.80848448859 0.91571314930 
0.027036 69.74546934016 0.81975231281 
0.027594 67.25797613833 0.73177797603 
0.028151 64.44635145698 0.71553293156 
0.028709 61.56371451326 0.73278605751 
0.029266 59.24178164382 0.67747094167 
0.029824 56.40006868216 0.64508879523 
0.030381 53.46201621244 0.66471459664 
0.030938 51.80185423610 0.61139145890 
0.031496 49.21938760412 0.58615954822 
0.032053 47.27720431666 0.57531913867 
0.032611 44.60345863179 0.55300416184 
0.033168 43.24542957149 0.53599839625 
0.033726 41.05723443407 0.52215514134 
0.034283 39.39712639813 0.51497037184 
0.034841 37.54885490598 0.46124437079 
0.035398 34.83563319387 0.47444672391 
0.035955 34.42663045398 0.48410191327 
0.036513 32.11701932903 0.44544003797 
0.037070 31.27706482871 0.44751232761 
0.037628 30.06291470106 0.43442063137 
0.038185 28.08003384634 0.39413153751 
0.038743 27.19327759301 0.39441736211 
0.039300 25.78113387677 0.43667462810 
0.039858 24.24611709819 0.39896600414 
0.040415 23.44868595308 0.38596145195 
0.040973 22.30929372530 0.37724016587 
0.041530 21.45043054495 0.35875189023 
0.042087 20.35339135158 0.37327821679 
0.042645 19.24909687845 0.36573058788 
0.043202 18.77990296556 0.33420020389 
0.043760 17.67071661305 0.34190295945 
0.044317 16.83607175093 0.32277224943 
0.044875 16.15597445309 0.34444965510 
0.045432 15.48330670242 0.33573434927 
0.045990 14.79459364291 0.31662508178 
0.046547 14.50131637076 0.32305072339 
0.047104 14.01650100716 0.30728035910 
0.047662 13.80027772688 0.30864967761 
0.048219 12.66202580609 0.30287018138 
0.048777 12.28891044700 0.30039291188 
0.049334 11.76591946133 0.27517668490 
0.049892 12.16180236189 0.29059066888 
0.050449 10.80603254485 0.28551113891 
0.051007 10.94497689592 0.29398246827 
0.051564 10.29219770736 0.27249822386 
0.052121 10.33864524396 0.26497267842 
0.052679 10.03153773334 0.27317665778 
0.053236 9.69973245454 0.26081366274 
0.053794 9.39023069705 0.24650580726 
0.054351 9.02517168720 0.25569477017 
0.054909 8.75439820289 0.27241959549 
0.055466 9.11488658580 0.24785194874 
0.056024 8.78725847805 0.25729388119 
0.056581 8.25722777348 0.24517955812 
0.057138 8.29133109616 0.24210896318 
0.057696 8.04527259113 0.24444291846 
0.058253 8.00251343452 0.23521382690 
0.058811 7.83077371058 0.24226861814 
0.059368 7.46164480451 0.23924133004 
0.059926 7.31272492776 0.24087680505 
0.060483 7.19724356995 0.23999015638 
0.061041 7.29150706387 0.22673293356 
0.061598 6.90342383115 0.23071049713 
0.062155 6.93480497483 0.23318547036 
0.062713 6.74575339859 0.22215112018 
0.063270 6.62919548043 0.22069294101 
0.063828 6.51945882044 0.21564383800 
0.064385 6.30400617724 0.21995303350 
0.064943 6.27386152740 0.21801930478 
0.065500 6.41320497069 0.21557399960 
0.066057 6.11239101289 0.21936153129 
0.066615 6.22061657234 0.20826109787 
0.067172 5.77976333192 0.21230811618 
0.067730 5.88420129100 0.20623059202 
0.068287 5.46537061848 0.20793210612 
0.068845 5.39382035125 0.20185720592 
0.069402 5.28590804217 0.20526756293 
0.069960 5.07685987381 0.20058067394 
0.070517 5.05602008503 0.19689304196 
0.071074 5.23004157665 0.20220055738 
0.071632 5.03663077925 0.19515669614 
0.072189 4.88590051491 0.19528889831 
0.072747 4.76753468163 0.18941743435 
0.073304 4.57003941482 0.19615308577 
0.073862 4.68203404746 0.18830189197 
0.074419 4.47555233982 0.19165890893 
0.074977 4.48904063729 0.19496143740 
0.075534 4.20749077579 0.19084941303 
0.076091 4.14395567629 0.19181946022 
0.076649 3.97637332769 0.18736869794 
0.077206 3.66184702593 0.18729349815 
0.077764 3.81838965135 0.18611617042 
0.078321 3.71659909563 0.18865500115 
0.078879 3.12790569136 0.18262425581 
0.079436 3.43559356644 0.18396067559 
0.079993 3.27080600137 0.18040327847 
0.080551 3.16698302665 0.18017165353 
0.081108 3.29817009656 0.17569605344 
0.081666 2.93680416406 0.17929928520 
0.082223 2.65620657122 0.17989386898 
0.082781 2.84606473552 0.17720137891 
0.083338 2.67315690477 0.17636945348 
0.083895 2.74348262760 0.17052557531 
0.084453 2.69450092717 0.16870644609 
0.085010 2.64653544545 0.16359569175 
0.085568 2.28007675474 0.16399272963 
0.086125 2.26101862943 0.17390976625 
0.086683 2.03446343568 0.16009420450 
0.087240 2.16218784727 0.16844963389 
0.087798 2.04139051534 0.16545183733 
0.088355 2.08361041603 0.16447822549 
0.088912 1.97925239076 0.16214001476 
0.089470 1.67306751296 0.16607446588 
0.090027 1.79697159277 0.16027185571 
0.090585 1.48084976723 0.16186359714 
0.091142 1.57875820215 0.16150455675 
0.091700 1.74269394978 0.15503858049 
0.092257 1.54776723202 0.15858033118 
0.092814 1.46485247204 0.15373629712 
0.093372 1.26947589693 0.15560279898 
0.093929 1.44131970847 0.15318091886 
0.094487 1.49695305741 0.15119772641 
0.095044 1.30307248804 0.15421491283 
0.095602 1.17130505526 0.14809294926 
0.096159 1.23293472623 0.15377152615 
0.096716 1.15208127536 0.14958766164 
0.097274 1.38712126003 0.15389251533 
0.097831 1.00998083840 0.15335720520 
0.098389 1.34119351398 0.15105166560 
0.098946 1.11781352834 0.15129071543 
0.099504 1.17913668032 0.14345108161 
0.100061 1.09364488143 0.14713628760 
0.100618 1.02296897295 0.14302431466 
0.101176 1.21212184325 0.14945540902 
0.101733 1.02003115575 0.15104363467 
0.102291 1.05034077715 0.15193187125 
0.102848 0.85072170327 0.14358621403 
0.103406 0.81388146643 0.14538909256 
0.103963 1.03280859823 0.14472514611 
0.104520 0.89331185888 0.14385021921 
0.105078 0.78465646330 0.14445820422 
0.105635 0.97031065163 0.14343762853 
0.106193 0.85571889282 0.14573129483 
0.106750 0.87682964225 0.14451596911 
0.107308 0.75542445838 0.14278025090 
0.107865 0.82946986183 0.14008485892 
0.108422 0.78102121627 0.13866599004 
0.108980 0.75461473804 0.13702314269 
0.109537 0.90571001645 0.13969869126 
0.110095 0.87789402352 0.13644772384 
0.110652 0.78299201863 0.13887993402 
0.111210 0.83713944525 0.13614212364 
0.111767 0.92597129072 0.13822767686 
0.112324 0.93116497624 0.14024861078 
0.112882 0.81613263319 0.14054277490 
0.113439 0.90814822395 0.13755226718 
0.113997 0.77601962413 0.14090776371 
0.114554 0.91934261890 0.13105748690 
0.115111 0.78554166701 0.13690542522 
0.115669 0.75324161836 0.12975400144 
0.116226 0.70267204110 0.13501792872 
0.116784 0.61086586783 0.13603519928 
0.117341 0.72316673525 0.13331512563 
0.117899 0.69495152251 0.13471543142 
0.118456 0.77097416138 0.13454837740 
0.119013 0.67469530349 0.13204147345 
0.119571 0.75937318639 0.13445579211 
0.120128 0.55739448986 0.13088581381 
0.120686 0.64256525748 0.13514259573 
0.121243 0.73977184916 0.13118093859 
0.121800 0.87237434480 0.13205961916 
0.122358 0.48762542484 0.13307088067 
0.122915 0.55230844633 0.12988008811 
0.123473 0.67535062633 0.12850108669 
0.124030 0.51447783825 0.12949397242 
0.124588 0.65231429603 0.12993449308 
0.125145 0.56039583847 0.12611687407 
0.125702 0.44516642988 0.12622477819 
0.126260 0.49315601757 0.13139635279 
0.126817 0.59393861947 0.12755134839 
0.127375 0.46045877919 0.12475988897 
0.127932 0.61819753547 0.12770433831 
0.128489 0.50971725898 0.12765374998 
0.129047 0.60583368932 0.13069606466 
0.129604 0.68186107167 0.12806510075 
0.130162 0.55880205986 0.12367639899 
0.130719 0.44430414383 0.12090991778 
0.131277 0.40836416923 0.12259431408 
0.131834 0.36149404554 0.12511594974 
0.132391 0.60049380147 0.12444522435 
0.132949 0.63488249516 0.12721361787 
0.133506 0.30166286577 0.12871847105 
0.134064 0.56519437130 0.13042690464 
0.134621 0.53648875691 0.13321032655 
0.135178 0.36805367983 0.13753473057 
0.135736 0.38449589637 0.13626029074 
0.136293 0.30019390450 0.13972225873 
0.136851 0.52446476094 0.13942690500 
0.137408 0.51577584422 0.13791831695 
0.137965 0.40325137327 0.13395032179 
0.138523 0.41962586446 0.13621305712 
0.139080 0.44487338245 0.13488053534 
0.139638 0.51254439401 0.14028450583 
0.140195 0.42134670533 0.13846544931 
0.140752 0.35952025687 0.14078415052 
0.141310 0.34021032991 0.14316828262 
0.141867 0.31464812016 0.14209169017 
0.142425 0.34439959937 0.14204794684 
0.142982 0.43122005483 0.13757015654 
0.143540 0.42263252296 0.13968905122 
0.144097 0.33905909240 0.13690712498 
0.144654 0.31417100302 0.13457939541 
0.145212 0.31684321051 0.13150089345 
0.145769 0.40723339423 0.12679997957 
0.146327 0.42676917793 0.12867214185 
0.146884 0.31056489925 0.12707400165 
0.147441 0.27966005868 0.12438179410 
0.147999 0.24183603502 0.12842545369 
0.148556 0.30275130703 0.12556928932 
0.149114 0.17649713209 0.12647866070 
0.149671 0.59153005082 0.12687612509 
0.150228 0.16314024423 0.12093837300 
0.150786 0.13844131598 0.12322840894 
0.151343 0.07077040444 0.12257401228 
0.151901 0.31087053739 0.12312551101 
0.152458 0.34612776567 0.12401480270 
0.153015 0.41045130279 0.12050608595 
0.153573 0.22202976214 0.12050220971 
0.154130 0.30827164507 0.12308192722 
0.154688 0.26500486339 0.12063571691 
0.155245 0.09919870258 0.12109419605 
0.155802 0.14533035392 0.12009814844 
0.156360 0.12922421888 0.12128864303 
0.156917 0.18775906093 0.11894373251 
0.157475 0.07909305487 0.11680358505 
0.158032 0.21614479352 0.11735830677 
0.158589 0.23048726806 0.11486923805 
0.159147 0.25990576053 0.11973544434 
0.159704 0.27054200900 0.11528707537 
0.160261 0.24960285989 0.11682033412 
0.160819 0.27410446147 0.11471281671 
0.161376 0.13269583520 0.11513484785 
0.161934 0.05717253071 0.12039940205 
0.162491 0.23642324793 0.11646972614 
0.163048 0.30272328959 0.11508307154 
0.163606 0.11684659417 0.11354312607 
0.164163 0.21244721954 0.11752327663 
0.164721 0.19114296087 0.11551317005 
0.165278 0.13568758246 0.11367188313 
0.165835 0.35344052109 0.11384281966 
0.166393 0.12826511507 0.11234339677 
0.166950 0.01477916949 0.11593809641 
0.167508 0.11076174272 0.11238803176 
0.168065 0.05443737725 0.11202466332 
0.168622 0.20369342185 0.11189324274 
0.169180 0.16143799422 0.11201608488 
0.169737 0.13448723104 0.11386267928 
0.170294 0.03271286872 0.11120672249 
0.170852 -0.02186569090 0.11034122756 
0.171409 0.13096209345 0.11256677031 
0.171967 0.15860709814 0.11297573090 
0.172524 -0.07945140608 0.10803210574 
0.173081 0.06066933985 0.10944650276 
0.173639 0.12993571999 0.10957417647 
0.174196 0.11562513780 0.11060290020 
0.174754 0.04861428264 0.11349187728 
0.175311 -0.01679408345 0.10929616227 
0.175868 0.07509665925 0.10818075137 
0.176426 0.19343023311 0.10738827666 
0.176983 0.10792167723 0.10858950816 
0.177540 0.05284790602 0.10754702698 
0.178098 0.13143651674 0.10818368013 
0.178655 0.07256154991 0.10956293208 
0.179213 0.08106809843 0.10572357412 
0.179770 0.06146041312 0.10764667060 
0.180327 0.04963817284 0.10569820773 
0.180885 0.08537977574 0.10705258550 
0.181442 0.06567303990 0.10579836589 
0.181999 0.02236435568 0.10713399215 
0.182557 0.07020606741 0.10957692033 
0.183114 0.03721319357 0.10653385741 
0.183672 0.13538595326 0.10800796484 
0.184229 -0.03525447579 0.10292742980 
0.184786 -0.02643078481 0.10537816892 
0.185344 0.09322913898 0.10444168756 
0.185901 0.14724588445 0.10422179557 
0.186458 -0.09142602892 0.10625066987 
0.187016 0.05453001547 0.10416451650 
0.187573 -0.03011975254 0.10577944662 
0.188131 0.10312877407 0.10682776842 
0.188688 0.19991739711 0.10665537882 
0.189245 0.06636814907 0.10730967703 
0.189803 0.08412284443 0.10677828409 
0.190360 0.02603163517 0.10431151425 
0.190917 0.13864123433 0.10689054797 
0.191475 0.09811108626 0.10949839185 
0.192032 0.02679138553 0.10534430818 
0.192590 0.00102175699 0.10357210185 
0.193147 0.02393375703 0.10488617938 
0.193704 0.07457792960 0.10503160946 
0.194262 0.13920267159 0.10466544231 
0.194819 0.12408261791 0.10358056065 
0.195376 0.15823736678 0.10330258980 
0.195934 0.04953589577 0.10260949083 
0.196491 0.06298774058 0.10432720781 
0.197048 0.14745182243 0.10395449037 
0.197606 -0.01794695263 0.10441158748 
0.198163 0.03045044032 0.10032908016 
0.198721 0.16199130400 0.10046082420 
0.199278 0.17657326256 0.10467631791 
0.199835 0.19104046888 0.10034264299 
0.200393 0.06491889942 0.10115630607 
0.200950 0.01619055130 0.10016853025 
0.201507 0.00024124221 0.10111214324 
0.202065 0.06204965428 0.10133135535 
0.202622 0.02983282002 0.10097716494 
0.203179 0.16102312180 0.10053942832 
0.203737 0.14092205290 0.10014730311 
0.204294 0.19526204270 0.10075487372 
0.204851 0.20596294530 0.10023998468 
0.205409 0.15496268580 0.10136025107 
0.205966 0.11791264438 0.09763062531 
0.206524 0.05060297851 0.09675056506 
0.207081 0.08434078298 0.10145535595 
0.207638 0.03865893895 0.09953820005 
0.208196 0.12972422086 0.09685291774 
0.208753 -0.01489076808 0.09818167786 
0.209310 0.03168513647 0.09997154070 
0.209868 0.11179632921 0.09727798995 
0.210425 0.03609837375 0.09921456790 
0.210982 0.25421411363 0.09794815844 
0.211540 0.15385579065 0.09722649414 
0.212097 0.02220217371 0.09356011989 
0.212654 0.10521405423 0.09947572695 
0.213212 0.09439697419 0.09653311187 
0.213769 0.01362949262 0.09717471064 
0.214326 0.02054701751 0.09781285403 
0.214884 0.08779138002 0.09860344480 
0.215441 0.11258993197 0.09677685987 
0.215999 0.05501729397 0.09621817708 
0.216556 0.12872145667 0.09526751312 
0.217113 0.08070519143 0.09553888030 
0.217671 0.10698154837 0.09567791902 
0.218228 0.17435454594 0.09675457095 
0.218785 0.24511757611 0.09612817404 
0.219343 0.15461820762 0.09726068902 
0.219900 0.07810216340 0.09500658424 
0.220457 0.07575649660 0.09538810756 
0.221015 0.12609935770 0.09749093943 
0.221572 0.04547837389 0.09503686707 
0.222129 0.18948238643 0.09415944645 
0.222687 0.20894765646 0.09673162656 
0.223244 0.14181249154 0.09433889874 
0.223801 0.11962968032 0.09326101581 
0.224359 0.07453466600 0.09395455588 
0.224916 0.05400769722 0.09255820601 
0.225473 0.07999670915 0.09664342575 
0.226031 0.12091638886 0.09514130515 
0.226588 0.16145374251 0.09624634192 
0.227145 0.16097372620 0.09321491657 
0.227703 0.12034823905 0.09285880491 
0.228260 0.10190987379 0.09374109299 
0.228817 0.06865285851 0.09362418547 
0.229375 -0.01416532576 0.09448373926 
0.229932 0.21134427658 0.09348650816 
0.230489 0.14065106768 0.09028663608 
0.231047 0.20161206561 0.09366667176 
0.231604 0.14635831154 0.09081898583 
0.232161 0.12019172107 0.09059824368 
0.232719 0.09725702329 0.09183303153 
0.233276 0.15272804725 0.08933013731 
0.233833 0.12260687411 0.09278727939 
0.234391 0.06633947511 0.09301394311 
0.234948 0.09957068503 0.09226427266 
0.235505 0.17242037835 0.09028500232 
0.236063 0.08497008648 0.09170036050 
0.236620 0.07287368619 0.09043419476 
0.237177 0.08791711015 0.09073610033 
0.237735 0.10909672096 0.09067136114 
0.238292 0.17656582404 0.09173602140 
0.238849 0.12301943624 0.09134523810 
0.239407 0.13754810530 0.08984619850 
0.239964 0.18759342800 0.08961059249 
0.240521 0.19303515690 0.09007858324 
0.241079 0.14442353665 0.09172445357 
0.241636 0.05342326754 0.09162736288 
0.242193 0.26768768947 0.08855291288 
0.242750 -0.01802158634 0.09064845431 
0.243308 0.15101113298 0.09158928498 
0.243865 0.01452585699 0.08915819664 
0.244422 0.07306757805 0.09053323680 
0.244980 0.14136719693 0.08841892512 
0.245537 0.13904985360 0.08850584614 
0.246094 0.11977310979 0.09063605397 
0.246652 0.00744400412 0.08775668561 
0.247209 0.14789587907 0.08860823777 
0.247766 0.06612796145 0.09021751201 
0.248324 -0.02275117141 0.09161295730 
0.248881 0.08380657000 0.08891722520 
0.249438 0.05093863395 0.08670758331 
0.249996 0.09216908278 0.08865045594 
0.250553 0.09851045808 0.08980401070 
0.251110 0.17984630455 0.08739836535 
0.251667 0.04108291629 0.08682647652 
0.252225 0.05411890239 0.09097221915 
0.252782 0.15268893186 0.08974751364 
0.253339 0.15303291334 0.08691429035 
0.253897 0.14797905193 0.08856634584 
0.254454 0.11696508952 0.08605554856 
0.255011 0.15307183033 0.08763722415 
0.255569 0.14228824486 0.08810816958 
0.256126 0.10025743277 0.08679338850 
0.256683 0.18836042841 0.08740474669 
0.257241 0.10402971619 0.08746853263 
0.257798 0.21222141067 0.08512584605 
0.258355 0.06147112981 0.08628709619 
0.258912 0.10531194617 0.08807672530 
0.259470 0.12399663156 0.08681868885 
0.260027 0.16654783554 0.08675903756 
0.260584 0.02736789094 0.08728817089 
0.261142 0.06271567012 0.08688295717 
0.261699 0.04768617967 0.08575447729 
0.262256 -0.04353818003 0.08592670022 
0.262814 0.11653260449 0.08613610353 
0.263371 0.04523936565 0.08656798144 
0.263928 0.04123649418 0.08698672564 
0.264485 0.07173754683 0.08710332374 
0.265043 0.00626150329 0.08450684646 
0.265600 0.03544603327 0.08730144446 
0.266157 0.12358157986 0.08569615245 
0.266715 0.12247430826 0.08525314401 
0.267272 0.03426509657 0.08484833132 
0.267829 0.12744515180 0.08477947506 
0.268386 0.09788753361 0.08506405059 
0.268944 0.05837052142 0.08423191351 
0.269501 -0.07078031479 0.08372262059 
0.270058 0.12693907285 0.08453950135 
0.270616 0.09598508118 0.08571291022 
0.271173 0.06042878671 0.08641094091 
0.271730 0.11533386170 0.08724636517 
0.272287 0.12151636301 0.08883877814 
0.272845 0.09549655531 0.08876408997 
0.273402 0.08228202374 0.08544334729 
0.273959 0.10459137958 0.08823868665 
0.274517 0.03109654508 0.08944042571 
0.275074 0.17035973871 0.08759450357 
0.275631 0.18383252599 0.08977894957 
0.276188 0.09622204007 0.08938947010 
0.276746 0.00987078446 0.08915069719 
0.277303 0.03516853625 0.09082943618 
0.277860 0.09870534150 0.09099860829 
0.278418 0.11358490856 0.09108461446 
0.278975 0.04098478751 0.09068434259 
0.279532 0.01393686014 0.09303585616 
0.280089 0.04166020686 0.09048675720 
0.280647 0.12244198637 0.08826340136 
0.281204 0.00850425673 0.08818781591 
0.281761 0.07706167688 0.09152740784 
0.282318 -0.01268805467 0.08917819489 
0.282876 0.05908326957 0.08828771310 
0.283433 0.02271612033 0.08739900270 
0.283990 0.00158126685 0.08774351362 
0.284548 0.06846756358 0.08719353621 
0.285105 0.10807997670 0.08750230331 
0.285662 0.02783430817 0.08564834534 
0.286219 0.03928582085 0.08379225396 
0.286777 0.04370462329 0.08592288953 
0.287334 0.07360870330 0.08599789440 
0.287891 0.05554287660 0.08620675363 
0.288448 -0.03106228170 0.08514474120 
0.289006 0.10273659128 0.08372283202 
0.289563 0.11024563907 0.08549161894 
0.290120 0.19178669920 0.08425431012 
0.290677 0.08418137620 0.08342538014 
0.291235 0.07401577491 0.08445133211 
0.291792 0.08062753087 0.08557159008 
0.292349 0.03404180624 0.08493427273 
0.292906 0.03241885624 0.08635207455 
0.293464 0.17652690234 0.08640689000 
0.294021 0.06407077552 0.08585227533 
0.294578 -0.04042003895 0.08501645570 
0.295136 -0.00114066251 0.08628742132 
0.295693 0.09419244326 0.08565251534 
0.296250 0.06658418261 0.08677611753 
0.296807 0.04751449316 0.08502865461 
0.297365 0.03852582126 0.08658275694 
0.297922 0.07799220260 0.08609577826 
0.298479 0.03939235673 0.08566375552 
0.299036 0.04199132062 0.08611013040 
0.299594 0.07348488289 0.08632513343 
0.300151 0.03277113283 0.08536494137 
0.300708 -0.01491866111 0.08649663207 
0.301265 0.03370964480 0.08412525207 
0.301823 0.02909573909 0.08532646475 
0.302380 -0.04830697689 0.08537415080 
0.302937 -0.02128792671 0.08598654271 
0.303494 0.06579612585 0.08612077443 
0.304052 0.13667349355 0.08655585384 
0.304609 0.06716924224 0.08630869489 
0.305166 0.09793485432 0.08607679671 
0.305723 0.04879226626 0.08605028918 
0.306280 0.06915091212 0.08514549525 
0.306838 0.04169842147 0.08490897190 
0.307395 0.07756653088 0.08679561363 
0.307952 0.11177411034 0.08481128201 
0.308509 0.21160690227 0.08525030086 
0.309067 0.03969671936 0.08523305512 
0.309624 0.10444585539 0.08587772738 
0.310181 0.04706846322 0.08409353663 
0.310738 0.05417062016 0.08517209892 
0.311296 0.02352621875 0.08386158513 
0.311853 0.02960394474 0.08661015248 
0.312410 0.11314567897 0.08581096485 
0.312967 0.07130368461 0.08601943990 
0.313525 0.02938828252 0.08756848448 
0.314082 0.00722860950 0.08491231585 
0.314639 0.16815746150 0.08616364714 
0.315196 -0.00964995946 0.08570186617 
0.315753 0.03205322006 0.08509392691 
0.316311 0.06378746121 0.08642633948 
0.316868 0.01955004414 0.08572540444 
0.317425 -0.16879423630 0.08672820076 
0.317982 0.16995562604 0.08705626342 
0.318540 -0.00758976862 0.08588116745 
0.319097 0.08317226442 0.08622073980 
0.319654 0.01672043390 0.08669823319 
0.320211 0.09463845977 0.08667514741 
0.320768 0.04333594925 0.08683131211 
0.321326 0.05125288682 0.08545313254 
0.321883 0.00701858571 0.08566677570 
0.322440 0.05904116581 0.08640775025 
0.322997 0.11134011964 0.08713920726 
0.323555 0.25857118362 0.08627352655 
0.324112 0.05928780843 0.08831629219 
0.324669 -0.01622266010 0.08635929354 
0.325226 0.00472162903 0.08725314036 
0.325783 0.03904258365 0.08795348094 
0.326341 0.10232847500 0.08702220448 
0.326898 0.03117767225 0.08721813970 
0.327455 0.00450227003 0.08811362331 
0.328012 0.11689466567 0.08643456605 
0.328569 0.11928108024 0.08813413008 
0.329127 0.05562530986 0.08829344879 
0.329684 0.05651428152 0.08947593178 
0.330241 -0.01842373103 0.08947816133 
0.330798 0.02311129611 0.08735198587 
0.331355 -0.00020963823 0.09063217887 
0.331913 0.11699184040 0.08788931419 
0.332470 0.10333262436 0.08687119109 
0.333027 0.10450758698 0.08901912934 
0.333584 0.11789584338 0.08757994306 
0.334141 0.05995315753 0.09007992430 
0.334699 0.20194329501 0.08968077793 
0.335256 0.21394366304 0.08942070440 
0.335813 0.10151777958 0.08961592910 
0.336370 0.06012270362 0.09261466311 
0.336927 0.01155266871 0.08975236104 
0.337485 0.13557722057 0.09061602123 
0.338042 -0.00688714717 0.09206312626 
0.338599 -0.00309307400 0.09033192244 
0.339156 0.11032930393 0.09320596399 
0.339713 -0.04059023716 0.09456805351 
0.340271 0.07085211628 0.09376494339 
0.340828 0.13516156116 0.09556162386 
0.341385 0.06420906397 0.09217393921 
0.341942 0.05906942042 0.09455334592 
0.342499 0.00895063543 0.09526968000 
0.343057 0.14629386103 0.09257489280 
0.343614 0.17544452960 0.09599865407 
0.344171 0.12810351805 0.09272566826 
0.344728 0.03128116254 0.09495854149 
0.345285 0.01862265495 0.09443689941 
0.345842 0.01581182818 0.09597268316 
0.346400 -0.01737610109 0.09509136909 
0.346957 0.03640523426 0.09416213311 
0.347514 0.15475730679 0.09764672202 
0.348071 0.05697159287 0.09694985082 
0.348628 0.10425123201 0.09575630813 
0.349186 0.14597981733 0.09866246081 
0.349743 -0.01547457875 0.09693018529 
0.350300 0.13633933394 0.09682586171 
0.350857 0.01922342950 0.09851089221 
0.351414 0.19338719492 0.10010778621 
0.351971 0.00771269973 0.09953920835 
0.352529 -0.00674841943 0.09616324652 
0.353086 0.18537753630 0.09996484861 
0.353643 0.07336930221 0.10187167998 
0.354200 0.14876733494 0.10038430859 
0.354757 0.07878085439 0.10201845700 
0.355314 0.05044528583 0.10358142015 
0.355872 0.07877936429 0.10347986669 
0.356429 0.12657166108 0.10276328380 
0.356986 0.14533617460 0.10546208053 
0.357543 0.07685909680 0.10489043017 
0.358100 -0.07389893443 0.10165593523 
0.358657 0.09333646479 0.10258169689 
0.359215 0.04560701007 0.10407096157 
0.359772 0.30524779692 0.10400549872 
0.360329 0.24872508854 0.10491275993 
0.360886 0.11865364803 0.10341762901 
0.361443 0.03507126453 0.10384229128 
0.362000 0.10180650140 0.10222132207 
0.362558 -0.04094201686 0.10520452627 
0.363115 0.18089965740 0.10455887736 
0.363672 0.09464833598 0.10317278781 
0.364229 0.07900215896 0.10251051930 
0.364786 0.14284224251 0.10132004608 
0.365343 -0.00599980872 0.10185027507 
0.365900 -0.05804098826 0.10241196913 
0.366458 0.08002257698 0.10172663157 
0.367015 0.20057004678 0.09985024354 
0.367572 0.09771711750 0.10324552296 
0.368129 0.04598738570 0.10247916667 
0.368686 -0.00322680425 0.10113391168 
0.369243 0.07333751992 0.10125820944 
0.369801 -0.09700397509 0.10092312151 
0.370358 0.10613269453 0.10095006305 
0.370915 0.08282851939 0.10027587411 
0.371472 0.22830616919 0.09924591648 
0.372029 -0.04542232467 0.09742241038 
0.372586 0.15098155238 0.09883791976 
0.373143 0.03577010090 0.09650482229 
0.373700 -0.08198357482 0.09822546007 
0.374258 0.05740490027 0.09830473396 
0.374815 -0.02805711880 0.09781121661 
0.375372 -0.07774027444 0.09659766642 
0.375929 0.05034239971 0.09612460121 
0.376486 0.12900381400 0.09540776540 
0.377043 0.07419076070 0.09592097460 
0.377600 0.09729464137 0.09509840853 
0.378158 -0.00964703022 0.09379533497 
0.378715 0.16096184385 0.09521614133 
0.379272 -0.00348387072 0.09489496011 
0.379829 0.04872366083 0.09628064499 
0.380386 0.08908405419 0.09268808718 
0.380943 0.06781241745 0.09360818374 
0.381500 0.10673003695 0.09180851631 
0.382057 0.01228622611 0.09498623465 
0.382615 -0.05488107093 0.09411754921 
0.383172 -0.05296153560 0.09222379819 
0.383729 0.04901450752 0.09126103635 
0.384286 0.04850983998 0.09255537104 
0.384843 0.08866061278 0.09155576920 
0.385400 0.11196364700 0.09121893609 
0.385957 0.05327043993 0.09138928797 
0.386514 0.10907205974 0.09009329975 
0.387072 0.01097967813 0.09117559181 
0.387629 0.09264385138 0.09140136830 
0.388186 0.04392918237 0.09052465526 
0.388743 -0.05482836256 0.09023877254 
0.389300 -0.01398922664 0.09063051748 
0.389857 -0.08856085450 0.08964609063 
0.390414 0.18599027877 0.09118416883 
0.390971 0.06852029391 0.09181835239 
0.391528 0.05524038909 0.09141920097 
0.392086 0.15312753484 0.08935361504 
0.392643 0.09961163266 0.08986575831 
0.393200 0.11612128070 0.09102438693 
0.393757 0.01183064735 0.08951933985 
0.394314 0.13485695442 0.08974593631 
0.394871 0.04938133082 0.08734598963 
0.395428 0.05282103481 0.08955529709 
0.395985 0.07908240803 0.08806571962 
0.396542 -0.00413131074 0.08992011345 
0.397099 0.12465857027 0.08937915466 
0.397657 0.04741246121 0.09011994149 
0.398214 -0.01743413891 0.08794448959 
0.398771 0.02735079053 0.08798576885 
0.399328 -0.00156967096 0.09061292236 
0.399885 0.01257018378 0.08874715823 
0.400442 0.03775174878 0.09048392022 
0.400999 0.25741337463 0.09148079093 
0.401556 0.11785749861 0.09188417096 
0.402113 0.04444141641 0.09395212806 
0.402670 0.08446703364 0.09447158136 
0.403227 0.07723329827 0.09624488997 
0.403785 -0.03964601829 0.09583991802 
0.404342 0.13994793436 0.09540449462 
0.404899 0.02107907659 0.09873419462 
0.405456 0.05492930659 0.10120874209 
0.406013 0.12421655571 0.09617252896 
0.406570 0.03515961711 0.09978641039 
0.407127 0.13279084724 0.09748713902 
0.407684 0.02528463991 0.10180787185 
0.408241 -0.02008444750 0.10488018555 
0.408798 0.22733692881 0.10388247909 
0.409355 0.10201524936 0.10387046161 
0.409912 0.10641406946 0.10747451846 
0.410469 0.03880755589 0.10576805330 
0.411027 0.09408576194 0.10866673680 
0.411584 0.14455376169 0.10917195051 
0.412141 0.06074998406 0.10997710438 
0.412698 0.12777045150 0.11022372940 
0.413255 -0.00865412338 0.11153166117 
0.413812 0.18179336240 0.11124144907 
0.414369 0.02745164806 0.11030233502 
0.414926 0.03610213703 0.11586060839 
0.415483 0.10056295473 0.11242541460 
0.416040 0.02164251278 0.11544146479 
0.416597 -0.07164233079 0.11329020717 
0.417154 -0.01628447169 0.11393490570 
0.417711 -0.11679353435 0.11845525300 
0.418268 0.03603900751 0.11506682215 
0.418825 0.17048462969 0.11567498108 
0.419382 0.26179707656 0.11173017942 
0.419940 0.14643079921 0.11603241062 
0.420497 0.11692154441 0.11700273777 
0.421054 0.09771544065 0.11725415511 
0.421611 0.11371384619 0.11570138466 
0.422168 0.04593897204 0.11515868440 
0.422725 0.12201659044 0.11750602941 
0.423282 0.03786895745 0.11192513951 
0.423839 0.08191166326 0.11331616249 
0.424396 0.06610976489 0.11124820557 
0.424953 0.06296254513 0.11779780691 
0.425510 -0.05760875842 0.11646201371 
0.426067 0.11365958186 0.11656013229 
0.426624 0.10913023910 0.11260129205 
0.427181 0.28989556243 0.11293962562 
0.427738 0.13009785475 0.11444860631 
0.428295 0.07632710549 0.11211579615 
0.428852 0.12815453148 0.12009154545 
0.429409 0.01170725210 0.11219667917 
0.429966 0.01594285508 0.11782965784 
0.430523 0.11401698343 0.11664793781 
0.431080 0.09008550981 0.11631956376 
0.431637 0.00710100282 0.11319562250 
0.432194 0.06521417485 0.11674058696 
0.432752 0.04231717323 0.12071162827 
0.433309 0.09513799490 0.11229506147 
0.433866 -0.04844018143 0.11972326612 
0.434423 0.01113231337 0.11862174935 
0.434980 -0.02116820328 0.11970531683 
0.435537 -0.13188849113 0.11876333216 
0.436094 -0.01988202547 0.11760389695 
0.436651 0.07770628907 0.12000346313 
0.437208 -0.04551310361 0.11953405649 
0.437765 0.08282161882 0.12054961394 
0.438322 0.05192741460 0.12176148541 
0.438879 0.12108351639 0.12076577963 
0.439436 0.26254071382 0.12145648907 
0.439993 0.15541426701 0.12204772167 
0.440550 0.06486585506 0.11716704176 
0.441107 0.09675818332 0.12283831472 
0.441664 0.01582234921 0.12013197463 
0.442221 -0.01678514719 0.12249775824 
0.442778 0.21866337752 0.12363185874 
0.443335 0.18897449733 0.11994401747 
0.443892 0.13814681352 0.12104301178 
0.444449 0.01374546465 0.12500912331 
0.445006 0.08432728593 0.12194146733 
0.445563 -0.03208358197 0.12658672039 
0.446120 0.20051992301 0.12801633428 
0.446677 0.12204272060 0.12111963579 
0.447234 0.10249119605 0.12213216583 
0.447791 0.08753890989 0.12443152807 
0.448348 -0.00012339443 0.12812610347 
0.448905 0.04076304138 0.12510418997 
0.449462 -0.07810647291 0.12051056307 
0.450019 0.18271274911 0.12641659536 
0.450576 0.12244685369 0.12292318651 
0.451133 0.04244414664 0.12336361024 
0.451690 0.14940790128 0.12240794313 
0.452247 0.12566774187 0.12503088195 
0.452804 0.08408311860 0.12694259889 
0.453361 0.18761738775 0.12170932087 
0.453918 0.16881202397 0.12272245831 
0.454475 0.02953280891 0.12760927039 
0.455032 0.10859361781 0.12145031225 
0.455589 0.07044229941 0.12387358145 
0.456146 -0.06812885375 0.12604809760 
0.456703 0.07243561887 0.11932296765 
0.457260 0.09285231722 0.12314922969 
0.457817 0.10059567000 0.12050115457 
0.458374 -0.19885418242 0.12171241369 
0.458931 0.12331223527 0.12114046090 
0.459488 0.16703505113 0.12377841410 
0.460045 0.25159773545 0.12547043847 
0.460602 0.05543990999 0.12282062527 
0.461159 0.12049584431 0.12072987408 
0.461716 0.22380817709 0.12411220022 
0.462273 0.14914410051 0.12555614745 
0.462830 0.00134645427 0.12016743186 
0.463387 0.28612916653 0.12234182610 
0.463943 0.08016238988 0.12422970355 
0.464500 0.14205315109 0.12101483387 
0.465057 0.02733508747 0.12239162547 
0.465614 -0.00713634226 0.11908149870 
0.466171 0.15809837623 0.12341531884 
0.466728 0.04947591523 0.12303882855 
0.467285 0.10715579813 0.12155191650 
0.467842 0.14951634011 0.12211955666 
0.468399 0.12240501272 0.12394394401 
0.468956 0.04316511519 0.12132610355 
0.469513 0.18096197817 0.12102806675 
0.470070 0.13288870494 0.12128166659 
0.470627 -0.09527609152 0.12497733946 
0.471184 -0.00071866907 0.12085091698 
0.471741 0.10134102981 0.12477099944 
0.472298 0.11920576332 0.12394276763 
0.472855 -0.02046595970 0.12111499893 
0.473412 0.07361928662 0.12037004224 
0.473969 0.08720878818 0.12510309526 
0.474526 0.20655745918 0.12357725924 
0.475083 0.08018558544 0.12236298227 
0.475640 0.08083181209 0.11943405489 
0.476196 0.23972113521 0.12408094094 
0.476753 0.01399661141 0.12616505407 
0.477310 0.02732561208 0.11924542684 
0.477867 0.01053809260 0.12232296508 
0.478424 0.07816965059 0.12246011763 
0.478981 0.07940498945 0.12133446503 
0.479538 0.21689014779 0.12226037777 
0.480095 0.11962996284 0.12253659388 
0.480652 0.03913152980 0.12266444694 
0.481209 0.11324995254 0.12142706850 
0.481766 -0.04091385150 0.11891374308 
0.482323 0.06409612912 0.11891899817 
0.482880 0.06842294703 0.11749136207 
0.483437 0.05432503443 0.12405759474 
0.483994 0.06800070186 0.12266705882 
0.484550 -0.06561181450 0.11699258233 
0.485107 0.03676890618 0.12110108284 
0.485664 -0.03020407990 0.11907853206 
0.486221 0.11318571550 0.11699125317 
0.486778 0.10188462161 0.12255579974 
0.487335 0.19715023000 0.12367070767 
0.487892 -0.05311812233 0.12152749597 
0.488449 -0.01862069731 0.12111308887 
0.489006 0.23484798084 0.11991941912 
0.489563 0.06238924091 0.12233419589 
0.490120 0.00669490686 0.11725226642 
0.490677 0.14294788550 0.12159997087 
0.491233 0.07451832694 0.12089481658 
0.491790 0.10177552618 0.11924611266 
0.492347 -0.02452685057 0.12445752763 
0.492904 0.00355678528 0.12067090769 
0.493461 -0.01295143486 0.12533535908 
0.494018 0.08140151177 0.11979963322 
0.494575 0.20441567528 0.12000858380 
0.495132 -0.00922199808 0.12053075354 
0.495689 -0.00232550445 0.12214984543 
0.496246 -0.13705332552 0.11957664866 
0.496802 0.15361278178 0.12469527759 
0.497359 0.08727530461 0.12254957941 
0.497916 0.09689436014 0.11968851623 
0.498473 0.14738808363 0.12300850024 
0.499030 0.18839938302 0.11882223576 
0.499587 -0.06358229844 0.12453116711 
0.500144 0.00519401431 0.11887008393 
0.500701 -0.07853925357 0.12303104814 
0.501258 0.12490075892 0.11967562357 
0.501815 0.04337860363 0.11908284899 
0.502371 0.00984318907 0.12123895321 
0.502928 0.07189501951 0.11885844571 
0.503485 0.08796492072 0.12360342484 
0.504042 0.11776894047 0.11759442742 
0.504599 0.14994235381 0.12360352881 
0.505156 0.06207125569 0.11863008091 
0.505713 0.05203357268 0.12081270092 
0.506270 -0.04794736653 0.12436126626 
0.506826 -0.01871064937 0.11970837153 
0.507383 0.13444851556 0.12410615574 
0.507940 0.10296645661 0.12019125250 
0.508497 0.05888990779 0.12115423939 
0.509054 0.11705987468 0.12657047494 
0.509611 0.16152327974 0.12177226863 
0.510168 0.06382505625 0.12442620610 
0.510725 -0.06417556624 0.12566633948 
0.511281 0.05952969661 0.12106151192 
0.511838 0.05745594537 0.12498964894 
0.512395 -0.00460644557 0.12516217055 
0.512952 0.12946627959 0.12165084567 
0.513509 0.19737107075 0.12418594487 
0.514066 0.05474862120 0.12360415767 
0.514623 -0.08344464495 0.12392572146 
0.515179 0.13043964057 0.12877288123 
0.515736 0.11008592097 0.12904315501 
0.516293 0.23860095696 0.13153872575 
0.516850 0.10890792048 0.12925681658 
0.517407 0.14187650721 0.12701902252 
0.517964 0.08139866951 0.13017109881 
0.518521 0.00498713469 0.13126204952 
0.519077 -0.04412769554 0.12617419900 
0.519634 0.16472801834 0.13327274620 
0.520191 0.13750205061 0.12965599576 
0.520748 -0.02773067476 0.13764146433 
0.521305 0.36241374982 0.13312413581 
0.521862 0.10586494975 0.13382143961 
0.522418 0.22107280657 0.12721330453 
0.522975 -0.11044886056 0.13625361997 
0.523532 0.11137826241 0.12695913883 
0.524089 0.09837585456 0.13730718129 
0.524646 0.20660733061 0.14469152586 
0.525203 0.02762086473 0.13781375529 
0.525759 0.08358240411 0.13906948980 
0.526316 0.04464598767 0.14067593104 
0.526873 -0.09361437246 0.14184250545 
0.527430 0.12494473465 0.13674300034 
0.527987 0.10895909039 0.13772057755 
0.528544 0.07951446202 0.14123615304 
0.529100 0.17646471256 0.14777554271 
0.529657 0.08075511190 0.14210491495 
0.530214 -0.03687398343 0.14088055316 
0.530771 -0.08667603963 0.14556889653 
0.531328 0.17517553358 0.15056673653 
0.531884 0.12556430125 0.14658019899 
0.532441 0.00587614711 0.14973399614 
0.532998 0.03048821287 0.14681066798 
0.533555 0.00097208056 0.14789742287 
0.534112 0.07666437345 0.15049600789 
0.534669 0.02423303117 0.15844202982 
0.535225 -0.08403885782 0.16170175057 
0.535782 0.19840813943 0.16566526858 
0.536339 0.18812040640 0.16368152307 
0.536896 0.10843413816 0.16057950286 
0.537453 0.10114094880 0.16455790321 
0.538009 0.05205536742 0.16433290717 
0.538566 0.07113688881 0.16427475815 
0.539123 0.06534972060 0.17540945285 
0.539680 -0.11132926037 0.18454898257 
0.540237 0.00760920835 0.18807158063 
0.540793 0.37844519234 0.20529283878 
0.541350 -0.01208423645 0.21871155149 
0.541907 0.08070502474 0.23171410487 
0.542464 -0.00749522567 0.24245657991 
0.543021 -0.09914482353 0.48220796032 
