0.011985 154.59872996923 0.00000000000 
0.012543 164.77366235785 8.84758917062 
0.013100 152.81188115334 12.94546694458 
0.013658 150.95099326972 10.71039339048 
0.014215 146.67293765904 9.58582461828 
0.014772 140.00972385341 6.86211279397 
0.015330 139.79920381347 5.39308593842 
0.015887 137.75859790131 5.03804775366 
0.016445 132.88960196740 4.38985325153 
0.017002 130.10866288020 3.93063291052 
0.017560 125.45403774181 3.62833149064 
0.018117 121.42571386820 2.60191703885 
0.018675 118.99305498000 2.27161334020 
0.019232 114.00059309378 2.52978109054 
0.019789 111.13834292803 2.10552608738 
0.020347 107.95736284431 2.08092027221 
0.020904 104.28092688038 1.78779547020 
0.021462 101.44576916233 1.79556331887 
0.022019 97.81315091385 1.56607461332 
0.022577 95.71795356057 1.40463751150 
0.023134 90.40810398018 1.35777451035 
0.023692 88.06173500057 1.38289186054 
0.024249 84.71633771044 1.27057740624 
0.024807 82.13155684005 1.13477658150 
0.025364 78.96684110278 0.98084280285 
0.025921 75.92004822620 0.91619203650 
0.026479 72.16909176674 0.84922309460 
0.027036 69.96238141673 0.85797584682 
0.027594 66.37156350127 0.73497934320 
0.028151 63.52617644946 0.73591005033 
0.028709 61.45117336926 0.75450225920 
0.029266 58.28259517992 0.71682567541 
0.029824 56.14486420329 0.65821418447 
0.030381 53.13133252725 0.62746611632 
0.030938 52.01098917096 0.57376419457 
0.031496 48.59105243151 0.57544965265 
0.032053 46.51889080111 0.57894155239 
0.032611 44.91755291921 0.53411449095 
0.033168 42.41234699970 0.53337484801 
0.033726 41.14364536764 0.54400768921 
0.034283 38.77959697164 0.46687911257 
0.034841 37.37247232654 0.45483303180 
0.035398 35.36588838290 0.46588339450 
0.035955 34.13286788748 0.46969039699 
0.036513 32.02266953192 0.44250869555 
0.037070 30.23026319372 0.46473873295 
0.037628 29.46672797950 0.44702564223 
0.038185 27.59383865701 0.40912670311 
0.038743 26.23883595258 0.40318391394 
0.039300 25.59886551030 0.41001008552 
0.039858 23.85041002036 0.37107832126 
0.040415 23.04245877196 0.37482181421 
0.040973 21.59777006496 0.39313641270 
0.041530 20.76466921405 0.36158046401 
0.042087 19.50919050715 0.34591051955 
0.042645 18.85282521635 0.35312346687 
0.043202 18.00412342621 0.33445384696 
0.043760 17.10135565378 0.32580652997 
0.044317 16.73917509920 0.32077344715 
0.044875 15.59905481359 0.33059289731 
0.045432 14.89583631319 0.30583308080 
0.045990 14.64624224809 0.29251014140 
0.046547 14.11447227926 0.32560393638 
0.047104 13.20995860864 0.29803581067 
0.047662 13.05602529885 0.29682945396 
0.048219 12.22713443511 0.28712868262 
0.048777 11.94177118151 0.29792128323 
0.049334 11.35912251225 0.28846615094 
0.049892 11.03565209377 0.28100548425 
0.050449 11.20142614305 0.28838888760 
0.051007 10.71246773950 0.28109696559 
0.051564 10.39633421777 0.28009210481 
0.052121 10.02000924972 0.26014929529 
0.052679 9.51949243745 0.27666918934 
0.053236 9.15327212953 0.25722588526 
0.053794 9.14425920652 0.27287029956 
0.054351 8.67713452389 0.25520836114 
0.054909 8.58418761881 0.25747394171 
0.055466 8.00947270608 0.25060587009 
0.056024 8.56547792662 0.25130899548 
0.056581 8.14760344537 0.25081363405 
0.057138 7.76046701774 0.24918184237 
0.057696 7.68813556821 0.25059600466 
0.058253 7.66244318074 0.24310605780 
0.058811 7.43783106236 0.23996599440 
0.059368 7.18595804379 0.23473078058 
0.059926 7.20244448447 0.22917274824 
0.060483 7.14281253940 0.24621978567 
0.061041 6.94489853446 0.22159766360 
0.061598 6.94011466262 0.23336974048 
0.062155 6.63377473325 0.21677109180 
0.062713 6.39133773967 0.22429261780 
0.063270 6.38853521075 0.23233649604 
0.063828 6.30875443708 0.22052276197 
0.064385 6.36401739635 0.22103071473 
0.064943 6.27325847946 0.21194245933 
0.065500 6.15822369600 0.21170304797 
0.066057 6.17499123012 0.21796565394 
0.066615 5.81548393268 0.21420715076 
0.067172 6.07287839306 0.21307062480 
0.067730 5.67992647384 0.20859358145 
0.068287 5.72665350847 0.20116177111 
0.068845 5.79266958876 0.20126075464 
0.069402 5.28832035472 0.20198430379 
0.069960 5.12369624456 0.20318366043 
0.070517 5.23544325857 0.18861298451 
0.071074 5.16526438533 0.19956014502 
0.071632 5.10839533619 0.19729637521 
0.072189 4.76049831876 0.19661105823 
0.072747 4.43473141014 0.19803401134 
0.073304 4.44006078187 0.19471719933 
0.073862 4.54444003593 0.18705840424 
0.074419 4.36407736363 0.19082409348 
0.074977 4.46758001269 0.19055609482 
0.075534 4.37088361925 0.19174243918 
0.076091 4.14085005693 0.17824307544 
0.076649 3.89830090573 0.18739189342 
0.077206 3.83520509023 0.18461463159 
0.077764 3.85000176655 0.18675032524 
0.078321 3.46096162805 0.18190691913 
0.078879 3.49218513475 0.18004292544 
0.079436 3.66002845256 0.18587032915 
0.079993 3.32443518003 0.17256479285 
0.080551 3.39049341665 0.18117586763 
0.081108 2.97142427266 0.17856430555 
0.081666 2.75825015596 0.18125902343 
0.082223 3.05400842688 0.17163129726 
0.082781 2.76562274872 0.17018308710 
0.083338 2.70391554709 0.17430538746 
0.083895 2.68804490627 0.17148293338 
0.084453 2.50908515010 0.17516773119 
0.085010 2.50429809234 0.16441451033 
0.085568 2.36618948735 0.16948994362 
0.086125 2.41086771455 0.16411551345 
0.086683 2.17653225909 0.16806236836 
0.087240 1.97961914210 0.16631242658 
0.087798 2.00413155050 0.16250132464 
0.088355 1.99374606784 0.16451688629 
0.088912 1.84386745932 0.16171254271 
0.089470 1.62657828414 0.16259916458 
0.090027 2.05352779044 0.15835774832 
0.090585 1.64411933733 0.15822466617 
0.091142 1.58213435073 0.15610168397 
0.091700 1.61634737889 0.16102635841 
0.092257 1.64412351915 0.15740271903 
0.092814 1.50963682320 0.15408248151 
0.093372 1.46919924959 0.14824476053 
0.093929 1.37575322847 0.15755437269 
0.094487 1.53280806123 0.15643457032 
0.095044 1.45168836720 0.16058074292 
0.095602 1.44421989611 0.15217320503 
0.096159 1.23242328970 0.15124087611 
0.096716 1.26417629821 0.15447542337 
0.097274 1.13756712109 0.14637048564 
0.097831 1.25408407922 0.15210220194 
0.098389 1.09860875316 0.14479727647 
0.098946 1.14313718916 0.15017759067 
0.099504 1.23491576598 0.14877853974 
0.100061 1.17932444072 0.14689168267 
0.100618 0.82415223533 0.15118247994 
0.101176 0.93411173792 0.14674513750 
0.101733 1.10455936184 0.15075818440 
0.102291 1.01014314519 0.14843620847 
0.102848 0.93317167752 0.14552562878 
0.103406 0.95451541080 0.14419234765 
0.103963 1.04814073845 0.14506879362 
0.104520 0.98552669020 0.14428928436 
0.105078 0.90614911081 0.14334779140 
0.105635 0.88894442099 0.14832196922 
0.106193 0.89654546010 0.14300359526 
0.106750 0.92922210276 0.14217714850 
0.107308 0.81139828352 0.14140828632 
0.107865 0.92548815508 0.13851147086 
0.108422 0.78111942184 0.13656001061 
0.108980 0.80650765605 0.13795850240 
0.109537 0.75373884088 0.14239237718 
0.110095 0.78407341241 0.13395876292 
0.110652 0.83541934954 0.14129808877 
0.111210 0.87328974787 0.14026061040 
0.111767 0.75150418445 0.13871948247 
0.112324 0.82164814039 0.14111027867 
0.112882 0.79567650992 0.13672044793 
0.113439 0.77453778040 0.13771365026 
0.113997 0.85155227242 0.13833564313 
0.114554 0.78363133707 0.13928225159 
0.115111 0.92536309335 0.13644991772 
0.115669 0.65628544285 0.13647637570 
0.116226 0.75195287262 0.13519294423 
0.116784 0.73647041258 0.14105150952 
0.117341 0.60142329322 0.13590120660 
0.117899 0.79868586169 0.13601754658 
0.118456 0.79085069361 0.13285489911 
0.119013 0.87979642035 0.13308306246 
0.119571 0.67362992246 0.13402701179 
0.120128 0.86178997690 0.13228246949 
0.120686 0.84111994280 0.13333419849 
0.121243 0.67078267035 0.13523956788 
0.121800 0.60381387892 0.13036769802 
0.122358 0.63379710742 0.13307959380 
0.122915 0.63600351963 0.12890724223 
0.123473 0.46547563740 0.13027084819 
0.124030 0.59828909525 0.12843817878 
0.124588 0.58332389876 0.12970903459 
0.125145 0.56548053178 0.12880300618 
0.125702 0.49060344907 0.12933061214 
0.126260 0.53571714419 0.12630045226 
0.126817 0.56751558054 0.12966735043 
0.127375 0.59140624612 0.12527017795 
0.127932 0.59601019997 0.12649156074 
0.128489 0.57045247530 0.13066219645 
0.129047 0.57347372901 0.12520115303 
0.129604 0.39365583351 0.12801946936 
0.130162 0.42613938384 0.12720496940 
0.130719 0.55752796094 0.12685446059 
0.131277 0.44282148622 0.12712850777 
0.131834 0.45972304849 0.12839277001 
0.132391 0.44023534670 0.12678819252 
0.132949 0.42804632930 0.12942890317 
0.133506 0.62840117623 0.13133427279 
0.134064 0.31640952936 0.13637153801 
0.134621 0.58922266180 0.13094249298 
0.135178 0.55676585096 0.13709536449 
0.135736 0.47979311581 0.13780756065 
0.136293 0.46382487577 0.13743082555 
0.136851 0.38792838833 0.13523870824 
0.137408 0.39618398727 0.13956991439 
0.137965 0.35829380796 0.13693060900 
0.138523 0.49232199841 0.13698456525 
0.139080 0.46770859114 0.13964640063 
0.139638 0.40839776136 0.14105399576 
0.140195 0.39279647235 0.13954652211 
0.140752 0.62640263759 0.13679181771 
0.141310 0.42422650810 0.13963256652 
0.141867 0.37067334787 0.14118401451 
0.142425 0.34879169167 0.13700854387 
0.142982 0.26228239840 0.13621860912 
0.143540 0.32081309258 0.13869900924 
0.144097 0.21335229450 0.13489235057 
0.144654 0.50176733561 0.13501818296 
0.145212 0.36777283217 0.13501349064 
0.145769 0.35700444213 0.12983021938 
0.146327 0.41129597870 0.12944757374 
0.146884 0.42986904792 0.12693437333 
0.147441 0.25956071838 0.12692987513 
0.147999 0.13062464220 0.12783696716 
0.148556 0.25608462659 0.12712254349 
0.149114 0.28603637567 0.12930222780 
0.149671 0.21572344100 0.12417409956 
0.150228 0.22200865342 0.12247313746 
0.150786 0.26911429536 0.11996188588 
0.151343 0.33168632805 0.12090034506 
0.151901 0.24255105841 0.12350701915 
0.152458 0.32979141421 0.12315167924 
0.153015 0.32870305140 0.11977693692 
0.153573 0.23319335959 0.12219046491 
0.154130 0.46264584406 0.12061515787 
0.154688 0.21327858425 0.11810950183 
0.155245 0.23780558812 0.12171115141 
0.155802 0.26737148391 0.12078263286 
0.156360 0.33537510793 0.12180919282 
0.156917 0.27919121989 0.12101672141 
0.157475 0.18863421326 0.11901147420 
0.158032 0.24755614532 0.11721681252 
0.158589 0.45105371153 0.11817138339 
0.159147 0.10920768714 0.11784515612 
0.159704 0.10956586958 0.11779164446 
0.160261 0.20573315119 0.11770623230 
0.160819 0.19117976433 0.11692052310 
0.161376 0.08536762697 0.11687941289 
0.161934 0.18602390502 0.11767053351 
0.162491 0.09853795393 0.11546959796 
0.163048 0.27020943353 0.12033075354 
0.163606 0.17284052703 0.11268925527 
0.164163 0.14950088660 0.11738372533 
0.164721 0.24932337809 0.11382624080 
0.165278 -0.00934265790 0.11455889184 
0.165835 -0.05677907463 0.11555883958 
0.166393 0.11627231288 0.11270459110 
0.166950 0.00818277075 0.11590379961 
0.167508 0.00772939320 0.11104528317 
0.168065 0.17005561990 0.11588977441 
0.168622 0.09995918900 0.11135469707 
0.169180 0.08370942523 0.11109896487 
0.169737 -0.00323000789 0.11127052062 
0.170294 -0.01779817111 0.11314151861 
0.170852 0.17244956458 0.11133191372 
0.171409 0.15690231188 0.11103928862 
0.171967 0.05508657965 0.11123052610 
0.172524 0.17714296746 0.11014588167 
0.173081 0.02510413234 0.11232217845 
0.173639 0.06947279690 0.11002715252 
0.174196 0.18359790696 0.10892304093 
0.174754 0.38256325635 0.10868299658 
0.175311 0.07787208152 0.11060706943 
0.175868 0.17296353416 0.10918895329 
0.176426 0.11310974014 0.11062937415 
0.176983 0.10042981247 0.10831952134 
0.177540 0.05484085497 0.10665693401 
0.178098 0.07070733267 0.11058135993 
0.178655 -0.07630478878 0.11110205232 
0.179213 0.06519513421 0.10569847976 
0.179770 0.07028497855 0.10624517986 
0.180327 -0.02697450471 0.10942995607 
0.180885 0.09137026721 0.10541889736 
0.181442 0.16272151776 0.10825374882 
0.181999 0.14964503766 0.10742027753 
0.182557 0.24598469075 0.10962430854 
0.183114 0.06344585416 0.10637067095 
0.183672 0.08532029713 0.10982579506 
0.184229 0.05500724862 0.10529377111 
0.184786 0.08722160321 0.10625558466 
0.185344 0.12484070665 0.10678660101 
0.185901 0.03363514162 0.10396085346 
0.186458 0.01765492088 0.10264435579 
0.187016 0.04035153517 0.10268481754 
0.187573 0.19002525913 0.10790418831 
0.188131 0.09136433109 0.10704094560 
0.188688 0.09564171534 0.10407360752 
0.189245 0.04647480480 0.10667340574 
0.189803 0.02021000259 0.10633404230 
0.190360 0.13571105297 0.10418952642 
0.190917 0.14349821119 0.10878652207 
0.191475 0.15111333447 0.10809540550 
0.192032 0.06826157919 0.10388883589 
0.192590 0.10951400771 0.10500238478 
0.193147 0.03425998915 0.10635409694 
0.193704 -0.01895206757 0.10269450421 
0.194262 0.19749362129 0.10200396757 
0.194819 0.10260252399 0.10238985713 
0.195376 -0.02216150383 0.10322857652 
0.195934 -0.17961122288 0.10382421416 
0.196491 0.07080678325 0.10178734404 
0.197048 0.11347213104 0.10303677649 
0.197606 0.12989412171 0.10331723133 
0.198163 0.13068706833 0.10318787861 
0.198721 0.08467498229 0.10122628520 
0.199278 0.18143388016 0.10185320765 
0.199835 0.14868224204 0.10078271922 
0.200393 0.01608522468 0.10138174370 
0.200950 0.10264985121 0.10056263507 
0.201507 0.20620302677 0.10517973711 
0.202065 0.04992680416 0.10063739245 
0.202622 0.14150055112 0.10156147855 
0.203179 0.18014514252 0.10170460361 
0.203737 0.08268353050 0.10083099312 
0.204294 0.16633930462 0.10002156013 
0.204851 0.17301580499 0.09942557822 
0.205409 0.10155331415 0.10052256204 
0.205966 0.04886581906 0.09888929710 
0.206524 0.14165435923 0.09801718320 
0.207081 0.16595043387 0.10079074402 
0.207638 0.05399374427 0.09790235225 
0.208196 0.08263845960 0.09883506788 
0.208753 0.07547250256 0.09604715356 
0.209310 0.08451784873 0.09952975269 
0.209868 0.00736617166 0.09851945348 
0.210425 0.10970085993 0.09940862249 
0.210982 0.14067939776 0.09684362776 
0.211540 0.17541219747 0.09374861834 
0.212097 0.10855244201 0.09741310174 
0.212654 0.20441845249 0.09838942365 
0.213212 0.09892267844 0.09751498607 
0.213769 0.23770842001 0.09818949840 
0.214326 0.12008510009 0.09675868205 
0.214884 0.16397732697 0.09490206339 
0.215441 0.12454185491 0.09672456879 
0.215999 0.20566586925 0.09808145290 
0.216556 0.13821346887 0.09843006072 
0.217113 0.13568587453 0.09864598336 
0.217671 0.19502646893 0.09495529077 
0.218228 0.13701113469 0.09591904577 
0.218785 0.13310918961 0.09661887468 
0.219343 0.11218881101 0.09529416646 
0.219900 0.09929815284 0.09528955129 
0.220457 0.07913025857 0.09493702961 
0.221015 0.19227985152 0.09498184656 
0.221572 0.15664785000 0.09463698667 
0.222129 0.24405256397 0.09449270873 
0.222687 0.03624363697 0.09411402005 
0.223244 0.20033444348 0.09522484286 
0.223801 0.10216201142 0.09539658945 
0.224359 0.15593098295 0.09400715554 
0.224916 0.25653092955 0.09406741394 
0.225473 0.01502127407 0.09345006940 
0.226031 0.05477001224 0.09486566537 
0.226588 0.19307326094 0.09589360278 
0.227145 0.08975439592 0.09383807272 
0.227703 -0.01389115671 0.09315137819 
0.228260 0.12678302527 0.09370866648 
0.228817 0.12331266928 0.09543436935 
0.229375 0.15557354474 0.09349618454 
0.229932 0.23230114839 0.09227081220 
0.230489 0.06072724289 0.09299379789 
0.231047 0.08875904241 0.09127345765 
0.231604 0.21151669090 0.09189636799 
0.232161 0.08442398754 0.09391455402 
0.232719 0.21687906353 0.09094856140 
0.233276 0.07316218825 0.09072863114 
0.233833 0.09786159057 0.09203148171 
0.234391 0.15596097522 0.09269589386 
0.234948 0.20444689329 0.09329037345 
0.235505 0.11719403088 0.09047376341 
0.236063 0.09503932433 0.09157862997 
0.236620 0.11738383715 0.09133612263 
0.237177 0.08558097609 0.08901967597 
0.237735 0.14893232963 0.09221706087 
0.238292 0.14545871680 0.09383810838 
0.238849 0.19112716259 0.08993461217 
0.239407 0.18757210757 0.09248598305 
0.239964 0.15965969785 0.08961770183 
0.240521 0.16470555149 0.09177913164 
0.241079 0.06711763145 0.09286756145 
0.241636 0.06108426984 0.09105747083 
0.242193 0.08732662650 0.09028666735 
0.242750 0.06656875644 0.08818864496 
0.243308 0.08422345990 0.09102946521 
0.243865 0.10154808795 0.09059261282 
0.244422 0.13762969713 0.09005868126 
0.244980 0.12832349726 0.08876829693 
0.245537 0.18007176357 0.08996817915 
0.246094 0.03205319752 0.09016699657 
0.246652 0.00619015752 0.08890787987 
0.247209 0.04815495949 0.08812005883 
0.247766 0.14981699504 0.08935578373 
0.248324 0.11968721224 0.08914821039 
0.248881 0.04398240117 0.08819620751 
0.249438 0.11398120557 0.08904457139 
0.249996 0.11610016968 0.08903396932 
0.250553 0.10002967390 0.08806460501 
0.251110 0.05928447438 0.08776588746 
0.251667 0.09497992649 0.08789552214 
0.252225 0.06012852246 0.08956038352 
0.252782 0.18860817450 0.08785211339 
0.253339 0.04935291334 0.08739561477 
0.253897 0.03257392946 0.08749224952 
0.254454 0.13215972047 0.08784662644 
0.255011 0.10041307329 0.08864713921 
0.255569 0.11592409114 0.08745961592 
0.256126 0.11659408529 0.08537697764 
0.256683 -0.02485847028 0.08767318999 
0.257241 0.14666664130 0.08599610279 
0.257798 0.05098241709 0.08827380438 
0.258355 0.01768462228 0.08664186366 
0.258912 0.11577842226 0.08614371027 
0.259470 0.08420096513 0.08653540444 
0.260027 0.10228085742 0.08548046632 
0.260584 0.12845769170 0.08544388469 
0.261142 0.07389339721 0.08605579852 
0.261699 0.04673122653 0.08601813697 
0.262256 0.08346803437 0.08521337211 
0.262814 -0.00209826678 0.08568367431 
0.263371 0.06435397401 0.08680976554 
0.263928 0.10455643025 0.08517029378 
0.264485 -0.00585742446 0.08510058032 
0.265043 0.14809486336 0.08372461020 
0.265600 0.15196877674 0.08465510332 
0.266157 0.09289090510 0.08493625440 
0.266715 0.08017291402 0.08409924678 
0.267272 0.00539277483 0.08570306288 
0.267829 0.08603754030 0.08536112519 
0.268386 0.01342575888 0.08298781299 
0.268944 0.07020193894 0.08443838676 
0.269501 0.15049057362 0.08338253395 
0.270058 0.01556079075 0.08581294472 
0.270616 -0.02497559217 0.08429684533 
0.271173 0.12438194326 0.08566594718 
0.271730 0.06216562708 0.08717411929 
0.272287 0.12792253794 0.08482745422 
0.272845 0.08902801197 0.08702347172 
0.273402 0.05055526684 0.08743293634 
0.273959 -0.03729796907 0.08755405932 
0.274517 0.04241844326 0.09020222815 
0.275074 0.07482569884 0.09000950978 
0.275631 0.06785333177 0.08761957541 
0.276188 0.15845891197 0.09084980679 
0.276746 0.02890718023 0.08989717670 
0.277303 0.10387227329 0.09040408422 
0.277860 0.06157891724 0.09034538691 
0.278418 0.15698742505 0.09131823805 
0.278975 -0.01965454707 0.09141104570 
0.279532 0.07602250249 0.09132235999 
0.280089 0.06103179819 0.09203113673 
0.280647 0.11666485696 0.09372898297 
0.281204 -0.01398506499 0.08924674441 
0.281761 0.08648718221 0.09049315452 
0.282318 0.05289970457 0.08891502541 
0.282876 0.08180338251 0.08887477234 
0.283433 0.08376172173 0.08751962110 
0.283990 0.13343659798 0.08686179880 
0.284548 -0.05122798683 0.08657913616 
0.285105 0.06475242036 0.08776997947 
0.285662 0.16514052980 0.08653289841 
0.286219 0.02946380872 0.08533976572 
0.286777 0.18556013143 0.08560058492 
0.287334 0.09702588330 0.08669462993 
0.287891 -0.02610185772 0.08421254126 
0.288448 0.04072005427 0.08526348017 
0.289006 0.11023354278 0.08485788506 
0.289563 0.07870814741 0.08499924414 
0.290120 0.10609590185 0.08648649569 
0.290677 0.05370506764 0.08634982209 
0.291235 0.03925437920 0.08574263838 
0.291792 0.00674253239 0.08511277479 
0.292349 0.05288014134 0.08530071627 
0.292906 -0.05204143438 0.08590350109 
0.293464 -0.01154426078 0.08505332295 
0.294021 0.04024903816 0.08518314782 
0.294578 0.08899181519 0.08584958324 
0.295136 0.04756479279 0.08516325746 
0.295693 -0.00829970600 0.08396486090 
0.296250 0.09377867766 0.08665062377 
0.296807 0.10944494805 0.08525064959 
0.297365 0.09499691266 0.08570611339 
0.297922 0.00306873411 0.08705100726 
0.298479 -0.06096257074 0.08440096095 
0.299036 0.11778970952 0.08358340140 
0.299594 0.13221096265 0.08359605717 
0.300151 0.06236674076 0.08436926846 
0.300708 0.09844935752 0.08521852013 
0.301265 0.14458513705 0.08538506296 
0.301823 0.09595987214 0.08646608898 
0.302380 0.09212982675 0.08511488674 
0.302937 0.16978142583 0.08545640991 
0.303494 0.10855014871 0.08536443551 
0.304052 -0.06878956065 0.08536880888 
0.304609 0.09670674762 0.08577204479 
0.305166 0.13207584510 0.08619469151 
0.305723 0.18206702460 0.08573023364 
0.306280 0.06272038842 0.08710371042 
0.306838 0.08788245590 0.08814345085 
0.307395 0.14767754102 0.08585853759 
0.307952 0.06329965327 0.08530824999 
0.308509 0.04464813933 0.08631753121 
0.309067 0.03103449437 0.08611897698 
0.309624 0.06852352771 0.08512131153 
0.310181 0.09795294120 0.08483535292 
0.310738 0.03123377447 0.08624450183 
0.311296 -0.04471963943 0.08570258635 
0.311853 0.12844546296 0.08466158586 
0.312410 0.00049959010 0.08493871741 
0.312967 0.04937091176 0.08714053665 
0.313525 0.01218780863 0.08572356389 
0.314082 0.04110443209 0.08714412010 
0.314639 0.06708818609 0.08672483860 
0.315196 0.06758710332 0.08519998111 
0.315753 0.02819048891 0.08792239290 
0.316311 0.11364958910 0.08682476426 
0.316868 0.05125505487 0.08657313237 
0.317425 0.02541266411 0.08464134478 
0.317982 0.08309854967 0.08479282886 
0.318540 0.01153652204 0.08666141038 
0.319097 0.13697188600 0.08659976261 
0.319654 -0.07837959464 0.08616774615 
0.320211 -0.03760913616 0.08827902331 
0.320768 -0.02349178898 0.08732332349 
0.321326 0.08222111570 0.08677354759 
0.321883 0.03874056248 0.08632867367 
0.322440 -0.02102835887 0.08639711062 
0.322997 -0.02102782276 0.08803691891 
0.323555 0.08779638130 0.08607459586 
0.324112 0.09801122317 0.08873593440 
0.324669 -0.07133621193 0.08706386978 
0.325226 0.13774994651 0.08692269951 
0.325783 0.09568735754 0.08767184707 
0.326341 0.09797935953 0.08766271803 
0.326898 0.08782268273 0.08712780155 
0.327455 0.08500645552 0.08687063088 
0.328012 -0.07969761772 0.08950677028 
0.328569 0.05518328863 0.08885450259 
0.329127 0.00436371240 0.08654171775 
0.329684 -0.05339305593 0.08984904131 
0.330241 0.09628755924 0.08814985853 
0.330798 0.09142717030 0.08859084771 
0.331355 0.03481390085 0.08963031154 
0.331913 0.18204238228 0.08862104945 
0.332470 0.02117670368 0.08831731894 
0.333027 0.20045277828 0.08850038784 
0.333584 0.11269223220 0.08697263971 
0.334141 0.09913282365 0.09033194105 
0.334699 0.13214306148 0.08916652598 
0.335256 0.07139448554 0.09164663219 
0.335813 0.15028207552 0.09137871337 
0.336370 0.19272063862 0.09158772056 
0.336927 0.18806131986 0.08893145596 
0.337485 0.04161433680 0.09135399242 
0.338042 0.07254881745 0.09124057583 
0.338599 0.02344779625 0.09227380779 
0.339156 0.01868041264 0.09332584121 
0.339713 0.03801645597 0.09184816617 
0.340271 -0.07584970594 0.09309038308 
0.340828 0.04574798054 0.09481393633 
0.341385 0.12098163618 0.09294873324 
0.341942 0.01336105034 0.09591871376 
0.342499 0.10354010386 0.09518559281 
0.343057 0.08109657476 0.09558041889 
0.343614 0.15591573071 0.09427488435 
0.344171 0.08592902374 0.09417499117 
0.344728 0.08868870166 0.09403844410 
0.345285 0.09234084809 0.09410996381 
0.345842 -0.02701567224 0.09383835970 
0.346400 0.22235090647 0.09372911953 
0.346957 0.08996997929 0.09653528831 
0.347514 -0.01111344817 0.09553496472 
0.348071 0.06259675253 0.09742751471 
0.348628 -0.11434377020 0.09624377623 
0.349186 0.06441769042 0.09623996890 
0.349743 0.03517959004 0.09666667399 
0.350300 0.04457981180 0.09772139349 
0.350857 0.05770354771 0.09740601750 
0.351414 0.11506471620 0.09880727444 
0.351971 0.15366655330 0.09960484418 
0.352529 0.03044854753 0.10052177615 
0.353086 0.00479123140 0.10089908758 
0.353643 0.21095532747 0.10363148008 
0.354200 0.13001149334 0.10273676838 
0.354757 0.19016073454 0.10149118634 
0.355314 0.10638545039 0.10067721827 
0.355872 0.08686916930 0.10400319926 
0.356429 -0.06081457640 0.10370147971 
0.356986 0.03256771996 0.10292575274 
0.357543 0.04200822493 0.10318738947 
0.358100 0.02805826761 0.10449933464 
0.358657 -0.00420029541 0.10216409999 
0.359215 0.06095964842 0.10326116596 
0.359772 0.15403652127 0.10419026755 
0.360329 0.03385424102 0.10453961424 
0.360886 0.15988208331 0.10436830917 
0.361443 0.13601309791 0.10424321306 
0.362000 -0.00310727621 0.10355215268 
0.362558 -0.11479546699 0.10483150000 
0.363115 0.16949416642 0.10358442565 
0.363672 -0.14008637354 0.10233985243 
0.364229 0.00748815427 0.10185631323 
0.364786 0.07458031977 0.10054859272 
0.365343 0.01879661076 0.10285096754 
0.365900 0.06101549572 0.10114933294 
0.366458 0.15570171805 0.10109778758 
0.367015 0.22322602357 0.10217888844 
0.367572 0.07561887605 0.10216784213 
0.368129 0.15132748608 0.10029885117 
0.368686 0.17905794531 0.09987561256 
0.369243 0.03266954487 0.10168497125 
0.369801 0.02102738193 0.10086767523 
0.370358 0.09904052691 0.10012094855 
0.370915 0.16626627693 0.10183414437 
0.371472 0.04637208308 0.09958986834 
0.372029 0.05270049720 0.09809254153 
0.372586 0.12022924319 0.09911637288 
0.373143 0.07963987815 0.09844569051 
0.373700 0.16746496649 0.09849498668 
0.374258 0.13131541198 0.09785606901 
0.374815 0.12579826907 0.09849042658 
0.375372 0.05791686088 0.09714202597 
0.375929 0.02769451523 0.09563723623 
0.376486 0.00699104924 0.09695114258 
0.377043 0.08272597315 0.09934331295 
0.377600 0.06229505207 0.09580825051 
0.378158 0.01964880441 0.09618713452 
0.378715 -0.04542787938 0.09556773627 
0.379272 -0.00523713929 0.09642988381 
0.379829 0.00808792387 0.09330270689 
0.380386 0.03489551693 0.09372084767 
0.380943 0.04930113792 0.09390342792 
0.381500 0.10978777035 0.09310501849 
0.382057 0.09565612683 0.09364427836 
0.382615 0.02675827418 0.09100701539 
0.383172 0.00999566898 0.09369436091 
0.383729 -0.02558087014 0.09210101898 
0.384286 0.08449538515 0.09367871115 
0.384843 -0.01639883291 0.09230075667 
0.385400 0.06804515506 0.09423916388 
0.385957 0.03437625904 0.09194948870 
0.386514 -0.00958276019 0.09372836605 
0.387072 0.09659222192 0.09114579677 
0.387629 0.06124225818 0.09214365729 
0.388186 0.04592324100 0.09054410214 
0.388743 -0.02268100387 0.09108306380 
0.389300 0.11068436156 0.09102088492 
0.389857 0.02236846611 0.09188619478 
0.390414 0.02070184190 0.08945047280 
0.390971 0.07964172912 0.09014091258 
0.391528 0.09807874498 0.09027265745 
0.392086 0.00986637412 0.08974549586 
0.392643 0.16282923611 0.08858980322 
0.393200 0.05639813313 0.09130409872 
0.393757 0.06556070777 0.09038008329 
0.394314 0.12943109351 0.08980290980 
0.394871 0.04581522918 0.09154246594 
0.395428 0.07496847894 0.08916090364 
0.395985 0.11186904368 0.08861758582 
0.396542 0.16322968770 0.08909623378 
0.397099 0.13342260843 0.08849510076 
0.397657 -0.01056510926 0.08906511469 
0.398214 0.16714223080 0.09020057651 
0.398771 0.05845570737 0.08958922475 
0.399328 0.02236968072 0.08972242036 
0.399885 0.14778023483 0.08912489725 
0.400442 0.03284937433 0.08937155341 
0.400999 0.05028456506 0.09108766692 
0.401556 0.11543420060 0.09026443442 
0.402113 0.10986271761 0.09245714794 
0.402670 0.11621802790 0.09378740776 
0.403227 -0.01226102278 0.09534222181 
0.403785 0.07120697938 0.09746812337 
0.404342 0.11398336722 0.09888984688 
0.404899 0.10409407264 0.10114560512 
0.405456 0.14658637236 0.09852582066 
0.406013 0.19113833788 0.09519517137 
0.406570 0.06779565420 0.10156067317 
0.407127 0.02972020661 0.09874045896 
0.407684 0.09413060230 0.09861450555 
0.408241 0.02459189002 0.10086102351 
0.408798 0.07100636166 0.10360830433 
0.409355 0.16886155164 0.10546267681 
0.409912 0.13315721300 0.10400699203 
0.410469 0.05052653210 0.10425747407 
0.411027 0.17942324007 0.10784186165 
0.411584 -0.02759182590 0.10933709495 
0.412141 -0.09599567727 0.11073612772 
0.412698 0.09610752833 0.10974866091 
0.413255 0.18690896029 0.11218478461 
0.413812 0.17509999547 0.11200394615 
0.414369 0.01527856124 0.11198143724 
0.414926 0.15683743005 0.11235650288 
0.415483 0.06607430733 0.11102062430 
0.416040 0.10159831966 0.11651002992 
0.416597 0.09304724418 0.11534315397 
0.417154 0.18025376470 0.11658903481 
0.417711 -0.02853911845 0.11916648167 
0.418268 0.08041900206 0.11983826603 
0.418825 -0.02392818735 0.11675831144 
0.419382 -0.03502641246 0.11466934261 
0.419940 0.05964410330 0.11556555381 
0.420497 0.02198673658 0.11413008091 
0.421054 0.06531738913 0.11510017786 
0.421611 0.03116149934 0.11231165122 
0.422168 0.00821333210 0.11489159792 
0.422725 0.13596015732 0.11520300795 
0.423282 -0.00515335867 0.11298804756 
0.423839 0.15096867282 0.11490366657 
0.424396 -0.01932463038 0.11599202159 
0.424953 0.01765167063 0.11844809445 
0.425510 0.08771782287 0.11586814914 
0.426067 0.17312093008 0.11130557909 
0.426624 0.05231608023 0.11270763663 
0.427181 0.10586338332 0.11480205666 
0.427738 0.15491866194 0.11719039816 
0.428295 0.13565114949 0.11632735106 
0.428852 0.01627498687 0.11756597670 
0.429409 0.13408715874 0.11637671277 
0.429966 0.01846982618 0.11661655205 
0.430523 0.16825175003 0.11669990684 
0.431080 0.02744343468 0.11694236007 
0.431637 0.03340418915 0.11540086751 
0.432194 0.06568952673 0.11589903169 
0.432752 0.14457409718 0.12024490846 
0.433309 0.10091322809 0.11904967436 
0.433866 0.12291457003 0.11732016085 
0.434423 0.07493223214 0.11530476277 
0.434980 0.03407479366 0.11828423417 
0.435537 0.05597321017 0.12053854079 
0.436094 0.12307002504 0.12210620718 
0.436651 0.12463227294 0.11825822507 
0.437208 0.10011175736 0.11819077796 
0.437765 0.11469832841 0.12213972227 
0.438322 0.02908689568 0.12232401907 
0.438879 -0.00058995947 0.12125364927 
0.439436 0.05011830735 0.12434723553 
0.439993 0.07794514021 0.12075376611 
0.440550 0.17158960501 0.12140259529 
0.441107 -0.02621998102 0.12342432098 
0.441664 -0.01571621737 0.12070476715 
0.442221 0.04938521942 0.12732042132 
0.442778 0.08248941292 0.12084006585 
0.443335 0.19433370771 0.12419496594 
0.443892 0.07853073409 0.12048450148 
0.444449 0.20349947840 0.12481822035 
0.445006 0.10204997026 0.12701711069 
0.445563 0.05860737891 0.12394925682 
0.446120 0.14501861279 0.12205598221 
0.446677 0.12904981676 0.12449213572 
0.447234 0.19458490204 0.12213783372 
0.447791 0.15411578302 0.12390355630 
0.448348 0.11835976707 0.12363181809 
0.448905 0.18785549760 0.12213630651 
0.449462 0.17273907610 0.12449234797 
0.450019 0.06381186290 0.12855966303 
0.450576 -0.14186273449 0.12519585206 
0.451133 0.17349297769 0.12090549222 
0.451690 0.10433038659 0.12439233960 
0.452247 0.01394452779 0.12445004973 
0.452804 0.19527853243 0.12171757498 
0.453361 0.07864002092 0.12534829374 
0.453918 -0.22517282172 0.12410291539 
0.454475 0.05237670084 0.12340427050 
0.455032 0.00193628834 0.12312031564 
0.455589 0.18677960328 0.12386040754 
0.456146 0.11565017000 0.12764108823 
0.456703 0.02504171161 0.12052306671 
0.457260 0.08671940311 0.11941230673 
0.457817 0.11971392010 0.12100083828 
0.458374 -0.00717888585 0.11944947290 
0.458931 0.10041054990 0.12521380402 
0.459488 0.12011347746 0.12205498289 
0.460045 0.07015231163 0.12637991472 
0.460602 -0.06621590056 0.12580785923 
0.461159 -0.17355196673 0.12073426911 
0.461716 0.10550456922 0.11946555643 
0.462273 0.00030410872 0.12261761833 
0.462830 -0.02404301572 0.12509243384 
0.463387 -0.01147970880 0.12203211100 
0.463943 0.29223023347 0.12383734530 
0.464500 0.13453744863 0.11867162515 
0.465057 0.12595639209 0.12355154730 
0.465614 0.14594691256 0.12061695715 
0.466171 0.08507343256 0.12047096730 
0.466728 0.20540294594 0.12703082426 
0.467285 0.11032393886 0.11942729379 
0.467842 0.16181102093 0.12600204653 
0.468399 -0.02664364157 0.12013754125 
0.468956 -0.00876464696 0.12182127886 
0.469513 -0.02477919722 0.12257683295 
0.470070 -0.06303508685 0.12070477132 
0.470627 0.14502984415 0.12265537614 
0.471184 0.00564977436 0.12422229456 
0.471741 0.03952992765 0.12660466688 
0.472298 0.12452670045 0.12097573569 
0.472855 0.02005477283 0.12193414287 
0.473412 0.13985378739 0.12112572097 
0.473969 0.09677218335 0.11991865354 
0.474526 0.25890392465 0.12277581032 
0.475083 0.18824233583 0.12129006049 
0.475640 0.27339638459 0.12042974970 
0.476196 0.11994372899 0.12463400821 
0.476753 0.12660050167 0.12049282272 
0.477310 -0.01368910586 0.11691091792 
0.477867 0.15356228131 0.11918105571 
0.478424 0.05021662099 0.12127334148 
0.478981 -0.13800287196 0.12024901958 
0.479538 -0.11585858476 0.12342802138 
0.480095 0.09795677524 0.11832951664 
0.480652 0.10221908310 0.11912544740 
0.481209 0.05149970450 0.11911397558 
0.481766 0.07425401017 0.11384147572 
0.482323 0.14368848064 0.11632239847 
0.482880 0.02817168365 0.12062016614 
0.483437 0.11360451817 0.12424762837 
0.483994 0.13873179592 0.12334824343 
0.484550 0.11006921785 0.12035576806 
0.485107 0.12076598294 0.12112584220 
0.485664 0.05872323109 0.12118054739 
0.486221 0.02000715856 0.12294675883 
0.486778 0.03466644670 0.12104716754 
0.487335 0.20714638779 0.12026046641 
0.487892 0.18394493382 0.12029229507 
0.488449 0.18423569139 0.12025618284 
0.489006 -0.10593482183 0.12200301162 
0.489563 0.02490835500 0.12443509235 
0.490120 0.11597356903 0.12372599422 
0.490677 -0.04310550792 0.12150573898 
0.491233 0.02965862865 0.12508418673 
0.491790 0.10001704455 0.12329293196 
0.492347 0.07717240277 0.12182528909 
0.492904 0.17937910638 0.12214724093 
0.493461 0.04653014851 0.12147894032 
0.494018 -0.06514943986 0.12381444222 
0.494575 0.08362259750 0.12179543420 
0.495132 0.02624910075 0.12065804197 
0.495689 0.17004779306 0.11966309629 
0.496246 0.13879868170 0.12637478481 
0.496802 -0.02433914616 0.12408795975 
0.497359 0.02037575706 0.12169004978 
0.497916 0.20449279349 0.12315755736 
0.498473 0.17247843521 0.11932025366 
0.499030 0.22823517492 0.12734521128 
0.499587 0.15602968144 0.12206967657 
0.500144 -0.00077871063 0.12035906513 
0.500701 0.23930164399 0.12534571414 
0.501258 0.01357324269 0.12163162171 
0.501815 -0.05342001499 0.12100214489 
0.502371 0.21153854935 0.12157999033 
0.502928 0.09207476798 0.11980247429 
0.503485 0.05797677543 0.12348111296 
0.504042 0.15996455372 0.12212243728 
0.504599 0.19519443470 0.11803197463 
0.505156 0.03435154741 0.12009033349 
0.505713 0.07156835269 0.12206455891 
0.506270 0.16822921776 0.12143677667 
0.506826 0.18326933414 0.12556036452 
0.507383 0.02682260491 0.12099291607 
0.507940 -0.12305484414 0.11972683039 
0.508497 0.14360499151 0.12127588884 
0.509054 0.11748839485 0.12142537190 
0.509611 -0.00132811966 0.12088489326 
0.510168 -0.03872884242 0.12144990215 
0.510725 0.12280580245 0.12218752435 
0.511281 -0.05164774992 0.11701291633 
0.511838 0.02670600398 0.12595831743 
0.512395 0.18780298855 0.12555833148 
0.512952 0.13077541565 0.12728160717 
0.513509 -0.00260114259 0.13000615518 
0.514066 0.03441502314 0.12466614960 
0.514623 0.13809669264 0.12471784396 
0.515179 0.21569512974 0.12343343963 
0.515736 0.05896175836 0.12751642134 
0.516293 -0.05083119271 0.12682908316 
0.516850 0.09667960985 0.13037201681 
0.517407 -0.06334910408 0.12580599674 
0.517964 0.07657943383 0.12962636837 
0.518521 -0.04610722351 0.12973994380 
0.519077 0.21760102731 0.12855360141 
0.519634 0.05325792480 0.12956209616 
0.520191 -0.07969292181 0.13111728253 
0.520748 0.12699315530 0.13542676623 
0.521305 0.13503395587 0.13120210769 
0.521862 0.05886698448 0.13136338291 
0.522418 0.21488277226 0.12516071008 
0.522975 0.24799607182 0.13559559966 
0.523532 0.04526044225 0.13056346308 
0.524089 0.04041253172 0.14036306374 
0.524646 0.19756115885 0.13887584171 
0.525203 0.15158483874 0.13602009268 
0.525759 0.00395439248 0.13795677697 
0.526316 0.04192710113 0.13768152896 
0.526873 0.02454204893 0.14026541266 
0.527430 0.07367674752 0.13689842916 
0.527987 0.05575332759 0.14516068017 
0.528544 0.05324720784 0.14277374943 
0.529100 0.12280797805 0.13663861418 
0.529657 0.31423173239 0.14242330016 
0.530214 0.09879506720 0.14547162406 
0.530771 0.05021958122 0.14495530891 
0.531328 -0.09155610336 0.14647834727 
0.531884 0.19018185855 0.14961643186 
0.532441 0.10497042660 0.15094370741 
0.532998 0.17099841721 0.15441222484 
0.533555 0.00518641044 0.15067279079 
0.534112 0.14468164269 0.15421263550 
0.534669 -0.10171803698 0.15033806914 
0.535225 -0.02472865946 0.15253997613 
0.535782 0.23136635233 0.15596529267 
0.536339 0.09896424603 0.16524924451 
0.536896 0.01452662093 0.16274855736 
0.537453 0.14746583424 0.16404836981 
0.538009 0.14342975631 0.16871510521 
0.538566 -0.10136458843 0.17352355452 
0.539123 -0.00374433604 0.18368063374 
0.539680 -0.02622486212 0.18240109422 
0.540237 0.15676305131 0.17891926225 
0.540793 0.03116906122 0.19364551378 
0.541350 0.03947793974 0.21395610292 
0.541907 0.05984623935 0.23472581226 
0.542464 0.17208319492 0.27304171868 
0.543021 -0.05334310028 0.47573289619 
