0.011985 173.13291682898 0.00000000000 
0.012543 162.32169877823 10.71463527797 
0.013100 150.91513003523 13.29390433951 
0.013658 148.47967411246 10.65588943836 
0.014215 146.24372834339 9.46033638837 
0.014772 140.80796898571 6.68609446162 
0.015330 141.55938119641 5.71394940296 
0.015887 134.22783103367 4.94702323806 
0.016445 131.81441693631 4.30365761868 
0.017002 128.16496277805 4.26502180715 
0.017560 122.20285307373 3.47839844491 
0.018117 121.39535758910 2.67539816216 
0.018675 117.34100920593 2.40090361434 
0.019232 114.80473175971 2.41555539541 
0.019789 111.81041145947 2.29689415654 
0.020347 107.44236350578 2.08601357842 
0.020904 103.93610146363 1.70897056208 
0.021462 101.30349304399 1.69315072001 
0.022019 96.78333730937 1.53231326255 
0.022577 94.89002648006 1.51011919503 
0.023134 90.40315297575 1.43393320463 
0.023692 87.97849977945 1.38062453770 
0.024249 85.13015797939 1.15010574267 
0.024807 80.37388309921 1.15437607063 
0.025364 77.42530872264 0.97603960710 
0.025921 75.83945177877 1.00012247280 
0.026479 72.67114915406 0.88041709865 
0.027036 69.43814762995 0.85418273344 
0.027594 67.47733954993 0.78806602594 
0.028151 63.93615942122 0.68872099784 
0.028709 60.62850299435 0.73908099418 
0.029266 58.23763891583 0.70509648008 
0.029824 56.20766691815 0.69042691783 
0.030381 54.69874933083 0.64592607904 
0.030938 52.03616444737 0.61248852509 
0.031496 49.27074484997 0.56520624688 
0.032053 47.62471816133 0.57972081634 
0.032611 44.93564494650 0.52798771069 
0.033168 43.21559559406 0.50175215114 
0.033726 41.13098834804 0.56267411019 
0.034283 38.63684345385 0.50051869261 
0.034841 37.35072464095 0.53184847134 
0.035398 35.85798267368 0.47097896289 
0.035955 33.58667680042 0.48240023842 
0.036513 32.63829872933 0.43206676905 
0.037070 30.87489625385 0.44459263755 
0.037628 29.04860879802 0.41945581826 
0.038185 28.06006340440 0.40947700784 
0.038743 27.06471048593 0.42481113754 
0.039300 24.61226423263 0.39142982236 
0.039858 24.54633591231 0.35103786760 
0.040415 23.68620646861 0.35700444588 
0.040973 21.88085905263 0.36622013324 
0.041530 20.73799048882 0.37279765904 
0.042087 19.85293060102 0.35509593200 
0.042645 19.09899907104 0.36230808160 
0.043202 18.17050797342 0.33619990372 
0.043760 18.00763378224 0.34643276200 
0.044317 17.23923735758 0.33839811559 
0.044875 16.08755599626 0.31073767730 
0.045432 15.45642503051 0.33084167259 
0.045990 15.01950013892 0.31224898927 
0.046547 13.99787769486 0.31056500832 
0.047104 13.98664355583 0.31142769515 
0.047662 13.67954925403 0.30335178762 
0.048219 12.89644080266 0.30122928152 
0.048777 12.30707572374 0.29863247669 
0.049334 12.10674055197 0.28676719150 
0.049892 11.60460208862 0.28022789156 
0.050449 10.98166003555 0.28646675767 
0.051007 10.57241108357 0.28221719911 
0.051564 10.10024690927 0.27488522440 
0.052121 10.04886134777 0.26020484324 
0.052679 9.77248760867 0.25999811253 
0.053236 9.76252643275 0.25290985041 
0.053794 9.24507009617 0.25925920387 
0.054351 8.82649633021 0.26351015778 
0.054909 8.84003317903 0.25971319873 
0.055466 8.58728400655 0.24660749720 
0.056024 8.58618207586 0.25080567173 
0.056581 8.19673435635 0.24802691560 
0.057138 8.27988562830 0.24211206545 
0.057696 7.93942244690 0.24751608942 
0.058253 7.84745884208 0.22026957990 
0.058811 7.94978130373 0.24743903324 
0.059368 7.78140457527 0.24041545047 
0.059926 6.90866842124 0.22881684558 
0.060483 7.57760279720 0.24611636136 
0.061041 7.17761743394 0.23287965957 
0.061598 7.24261636115 0.22759583520 
0.062155 6.91405921033 0.23364574333 
0.062713 6.64550329749 0.22483981167 
0.063270 7.02053306653 0.22816021067 
0.063828 6.27011907866 0.21540792190 
0.064385 6.39071940731 0.21272637679 
0.064943 6.40579653098 0.21517074843 
0.065500 5.99403774274 0.21915383244 
0.066057 6.13226755865 0.20917016035 
0.066615 6.25709980383 0.21317711436 
0.067172 6.05148597131 0.22134167227 
0.067730 5.70538225534 0.19881343748 
0.068287 5.86828318041 0.20612781538 
0.068845 5.55118572661 0.19823641448 
0.069402 5.63292047363 0.19868600392 
0.069960 4.98405245872 0.20587173955 
0.070517 5.34616664040 0.19775584028 
0.071074 5.30873941409 0.19973156757 
0.071632 4.94239567640 0.20127509526 
0.072189 4.76746095677 0.19786610026 
0.072747 4.80158387617 0.18646064372 
0.073304 4.70166452700 0.18664869030 
0.073862 4.53934593695 0.19855709978 
0.074419 4.40952652647 0.19410941235 
0.074977 4.38845842037 0.19200711128 
0.075534 3.92740113623 0.19017785750 
0.076091 4.14482291298 0.18388028031 
0.076649 3.99592384092 0.18467295702 
0.077206 3.85525411366 0.18521836458 
0.077764 3.78215371232 0.18343870750 
0.078321 3.92185915310 0.19066743900 
0.078879 3.46474689294 0.17827277413 
0.079436 3.07360850884 0.18234135949 
0.079993 3.29488600304 0.17526643209 
0.080551 2.93672551944 0.17468272636 
0.081108 3.08668357232 0.17709386786 
0.081666 3.12269823862 0.17968486821 
0.082223 2.87976677042 0.18135389715 
0.082781 2.80316388576 0.17158162367 
0.083338 2.60061285828 0.17186774080 
0.083895 2.66306789932 0.16278662205 
0.084453 2.60251204546 0.16323189240 
0.085010 2.57243424711 0.16825189263 
0.085568 2.34618950451 0.17230132737 
0.086125 2.33227012470 0.15826448335 
0.086683 2.01204450964 0.16086980358 
0.087240 2.08383571600 0.16843240595 
0.087798 2.02270908272 0.16137769731 
0.088355 2.10832729390 0.16793560360 
0.088912 1.80784893535 0.16358869562 
0.089470 1.89346773112 0.16115423979 
0.090027 1.74073568836 0.16485931399 
0.090585 1.77484914251 0.15536249469 
0.091142 1.55574037574 0.16208367299 
0.091700 1.61925987404 0.16060894311 
0.092257 1.43567901155 0.15237333607 
0.092814 1.42765029421 0.15621628965 
0.093372 1.54310871686 0.15607628646 
0.093929 1.45682713468 0.15487736764 
0.094487 1.27696222860 0.15333300876 
0.095044 1.42313971757 0.15349560588 
0.095602 1.18767136524 0.15331055997 
0.096159 1.31927198152 0.15279946886 
0.096716 1.25671010267 0.15353544091 
0.097274 1.28627320230 0.15331742817 
0.097831 1.11043363121 0.15599880207 
0.098389 1.31978764708 0.14534902576 
0.098946 1.05488455602 0.14747497006 
0.099504 1.20970987869 0.15327929131 
0.100061 0.88816167912 0.15090518657 
0.100618 1.22324552913 0.14277351870 
0.101176 0.82375913638 0.14940474397 
0.101733 0.92834012558 0.14969359179 
0.102291 0.99579465822 0.14372963460 
0.102848 0.87255978528 0.14163908950 
0.103406 0.82087929760 0.14685268838 
0.103963 0.89312951425 0.14983593306 
0.104520 0.79863464249 0.14349709850 
0.105078 1.13694802413 0.14809513895 
0.105635 0.89642261030 0.14255472996 
0.106193 0.97634402718 0.14018682713 
0.106750 0.97006205670 0.14029608596 
0.107308 0.93566732345 0.14085657538 
0.107865 0.69047469353 0.13141183596 
0.108422 0.66737514882 0.13889055283 
0.108980 0.89310279727 0.13798391505 
0.109537 0.87815658588 0.13618613146 
0.110095 0.73023161880 0.13659481563 
0.110652 0.73134468191 0.13869842220 
0.111210 0.62078721646 0.14017265423 
0.111767 0.94076044859 0.14268697231 
0.112324 0.96201256336 0.14013020927 
0.112882 0.78074827884 0.13552458473 
0.113439 0.88775393864 0.13922834795 
0.113997 0.77018977057 0.14164170086 
0.114554 0.82655884103 0.13447452729 
0.115111 0.67240361401 0.13397274665 
0.115669 0.86172560590 0.13859071853 
0.116226 0.71433791523 0.13283998033 
0.116784 0.72616603691 0.13518195372 
0.117341 0.77095350622 0.13423230595 
0.117899 0.73783442850 0.13172989672 
0.118456 0.73395951747 0.13385705600 
0.119013 0.52907757318 0.13013238935 
0.119571 0.68115172232 0.13130478521 
0.120128 0.60455059361 0.13017261338 
0.120686 0.63604701540 0.13376456212 
0.121243 0.58480093613 0.12970888084 
0.121800 0.63703976570 0.13069632228 
0.122358 0.64782839706 0.13007139625 
0.122915 0.76030749300 0.13193019589 
0.123473 0.65135746080 0.13110580800 
0.124030 0.56635925784 0.13191802839 
0.124588 0.46310945940 0.12658602306 
0.125145 0.67201107355 0.13079995685 
0.125702 0.53390214949 0.12571946738 
0.126260 0.70444118214 0.12858665806 
0.126817 0.79071464645 0.12883633047 
0.127375 0.69831622400 0.12242123670 
0.127932 0.64573359798 0.12835044151 
0.128489 0.56515262641 0.12619945563 
0.129047 0.48930472935 0.12237639892 
0.129604 0.62517010017 0.12853036160 
0.130162 0.51843944547 0.12358642208 
0.130719 0.58687948397 0.12722923264 
0.131277 0.61607321167 0.12513949991 
0.131834 0.48802790494 0.12375801987 
0.132391 0.44024251426 0.12561734831 
0.132949 0.52811446300 0.12708092294 
0.133506 0.45907610257 0.12736125046 
0.134064 0.33730690803 0.12960326983 
0.134621 0.39429183495 0.13329554856 
0.135178 0.36625987980 0.13902609644 
0.135736 0.39744799987 0.13740400991 
0.136293 0.55569356594 0.13783244722 
0.136851 0.54687040353 0.13766996508 
0.137408 0.50291278837 0.13922281185 
0.137965 0.52238746664 0.13265989031 
0.138523 0.44337209412 0.13781536998 
0.139080 0.38997492032 0.13954042769 
0.139638 0.46667940247 0.14045331849 
0.140195 0.31522754949 0.14341441109 
0.140752 0.34655933192 0.13927907631 
0.141310 0.41142325904 0.13601290403 
0.141867 0.48232357912 0.14182210497 
0.142425 0.65169534121 0.14308890946 
0.142982 0.37924394309 0.13714818812 
0.143540 0.51005418777 0.13769122625 
0.144097 0.39273534469 0.13483613789 
0.144654 0.42686902340 0.13771152787 
0.145212 0.45103421693 0.13340937062 
0.145769 0.35520508712 0.13046392851 
0.146327 0.34768945503 0.12925146160 
0.146884 0.31923818386 0.12671066252 
0.147441 0.35400871263 0.12716418852 
0.147999 0.34801917550 0.12605151647 
0.148556 0.35117503853 0.12705674669 
0.149114 0.34822132289 0.12517904635 
0.149671 0.29960262226 0.12328746734 
0.150228 0.13995948378 0.12109211966 
0.150786 0.29347497807 0.12051620791 
0.151343 0.34252954810 0.12520990332 
0.151901 0.38666834804 0.12006632615 
0.152458 0.24368008360 0.12254317375 
0.153015 0.34779506519 0.12360426114 
0.153573 0.20021439358 0.11871837977 
0.154130 0.31127943374 0.11902960236 
0.154688 0.31620451098 0.12327529321 
0.155245 0.13172609309 0.12203344324 
0.155802 0.11296725202 0.12029987174 
0.156360 0.16398687207 0.12251289055 
0.156917 0.19289047748 0.11839278736 
0.157475 0.13199681490 0.11989354811 
0.158032 0.22849552841 0.11409070196 
0.158589 0.30035200255 0.11879445256 
0.159147 0.20145317720 0.11865493099 
0.159704 0.31473228378 0.11768597057 
0.160261 0.21267251571 0.11788762069 
0.160819 0.13134420409 0.11576446884 
0.161376 0.20394782387 0.11432119862 
0.161934 0.18731246296 0.11600735847 
0.162491 0.05455081780 0.11586695169 
0.163048 0.18222788454 0.11575225278 
0.163606 0.27619826787 0.11498815176 
0.164163 0.11353545399 0.11301208902 
0.164721 0.13717438635 0.11242083286 
0.165278 0.24029714482 0.11268912328 
0.165835 0.01826950815 0.11614152171 
0.166393 0.15001011699 0.11350435413 
0.166950 0.06890463636 0.11365239932 
0.167508 0.04454872077 0.11555381605 
0.168065 0.14979990494 0.11556146605 
0.168622 0.12829379595 0.11066376360 
0.169180 0.22656706841 0.11186113483 
0.169737 0.06253300312 0.11299160269 
0.170294 0.21730589896 0.11109569455 
0.170852 0.14012673327 0.11080913223 
0.171409 0.06279832371 0.11199354141 
0.171967 -0.02665194122 0.11234972409 
0.172524 0.02348087438 0.10933540754 
0.173081 0.16215475962 0.10897973576 
0.173639 0.13163191987 0.11243581637 
0.174196 0.15877826636 0.10972564928 
0.174754 -0.06162267620 0.10718976607 
0.175311 0.23604858735 0.10957352746 
0.175868 0.09577897695 0.10912584782 
0.176426 -0.01968797557 0.10747298933 
0.176983 0.14348655983 0.10381695009 
0.177540 -0.00349906985 0.10790941796 
0.178098 0.13314969145 0.10774698507 
0.178655 0.08593299495 0.10583874203 
0.179213 -0.00751237635 0.10789255880 
0.179770 0.05136726179 0.10869271570 
0.180327 0.13823375352 0.10693090074 
0.180885 0.15604551893 0.10391418331 
0.181442 0.16208373215 0.10766309209 
0.181999 0.10772053627 0.10573368859 
0.182557 0.05849882863 0.10638332760 
0.183114 0.09109543245 0.10564276991 
0.183672 0.11999359913 0.10904241733 
0.184229 -0.03214021887 0.10496743377 
0.184786 0.13122040464 0.10481472039 
0.185344 0.10432885202 0.10720089975 
0.185901 0.20630494208 0.10579912577 
0.186458 0.04549114502 0.10669511434 
0.187016 0.00460897820 0.10181205579 
0.187573 0.11338022144 0.10811407611 
0.188131 0.00981018193 0.10604027218 
0.188688 0.15666474324 0.10557442182 
0.189245 0.08971849585 0.10921131391 
0.189803 0.11759760651 0.10586254641 
0.190360 -0.04348358965 0.10538990980 
0.190917 0.16075243271 0.10811770805 
0.191475 0.07422514044 0.10793372005 
0.192032 -0.07004504129 0.10761545835 
0.192590 -0.01976627357 0.10334361889 
0.193147 0.01749726184 0.10526429003 
0.193704 0.03703436457 0.10669251531 
0.194262 0.21959030327 0.10390966404 
0.194819 0.12283018723 0.10206864126 
0.195376 0.13927190076 0.10348280893 
0.195934 0.07146867544 0.10424446096 
0.196491 0.10661895701 0.10409039654 
0.197048 0.18935719142 0.10344344783 
0.197606 0.03390629052 0.10178372206 
0.198163 0.09284176278 0.10037392023 
0.198721 0.08874096414 0.10169315945 
0.199278 -0.08384672637 0.10083221398 
0.199835 0.16498174301 0.10512903584 
0.200393 0.08801166489 0.10313768956 
0.200950 0.16832975352 0.09995981297 
0.201507 0.04215401623 0.10391856406 
0.202065 0.22461465102 0.10331138421 
0.202622 0.03097266239 0.10333939389 
0.203179 0.23203008271 0.09905478249 
0.203737 0.06628324133 0.10001930348 
0.204294 0.16822541523 0.09816310684 
0.204851 0.19574429590 0.10238008940 
0.205409 0.11303905038 0.10229318034 
0.205966 0.11502822067 0.10044425584 
0.206524 0.22349907205 0.09665148543 
0.207081 0.09729894080 0.09946458261 
0.207638 0.17054130825 0.09975761116 
0.208196 0.10783162132 0.10023506667 
0.208753 0.08980634597 0.09870635199 
0.209310 0.15727303235 0.09821853034 
0.209868 0.17444511352 0.09837496342 
0.210425 0.11570803114 0.09905086255 
0.210982 0.17033761849 0.09773704393 
0.211540 0.00389561687 0.09658249480 
0.212097 0.10248170727 0.09637167330 
0.212654 0.06383551706 0.09491879951 
0.213212 0.10099914418 0.09818824821 
0.213769 0.14962535488 0.09680221164 
0.214326 0.00089920107 0.09699418310 
0.214884 0.08896295809 0.09689340075 
0.215441 0.16846095435 0.09589581106 
0.215999 0.17978537397 0.09646799109 
0.216556 0.05289770505 0.09793656451 
0.217113 0.02521700444 0.09791198181 
0.217671 0.20271865874 0.09522446116 
0.218228 0.13771450502 0.09485838409 
0.218785 0.19568340875 0.09915476389 
0.219343 0.16356864679 0.09585837519 
0.219900 0.11866053254 0.09765706312 
0.220457 0.22197961238 0.09552060677 
0.221015 0.19729972924 0.09803678619 
0.221572 0.29829907107 0.09507542099 
0.222129 0.11795966302 0.09400656380 
0.222687 0.17177174188 0.09484800215 
0.223244 0.08457997395 0.09408723728 
0.223801 0.15389403185 0.09615752133 
0.224359 0.25475027611 0.09332353037 
0.224916 0.11696612312 0.09459591842 
0.225473 0.10637410871 0.09622921410 
0.226031 0.18225915819 0.09329317320 
0.226588 0.10786419350 0.09548548257 
0.227145 0.19550260240 0.09568311747 
0.227703 0.22738860944 0.09463395822 
0.228260 0.12650230382 0.09209425133 
0.228817 0.14672095980 0.09396673216 
0.229375 0.07530704722 0.09106372216 
0.229932 0.25650750410 0.09211969492 
0.230489 0.12908884908 0.09244444289 
0.231047 0.16102615201 0.09180954204 
0.231604 0.10449695121 0.09174946364 
0.232161 0.12766355349 0.09351663889 
0.232719 -0.02195175550 0.09357529682 
0.233276 0.22977588185 0.09187982611 
0.233833 0.16160706080 0.08977547285 
0.234391 0.15859324413 0.09181756989 
0.234948 0.14375047732 0.09331311483 
0.235505 0.02995131807 0.09130074021 
0.236063 0.08492490089 0.09243379754 
0.236620 0.16464474981 0.09189203146 
0.237177 0.14724397044 0.08981655133 
0.237735 0.18833344548 0.09069215591 
0.238292 0.11800283169 0.09088571984 
0.238849 0.06484272140 0.08977620597 
0.239407 0.14743065696 0.08998574589 
0.239964 0.17185320943 0.09053528930 
0.240521 0.04865451481 0.08888589147 
0.241079 -0.03383451167 0.09101586988 
0.241636 0.12139211707 0.08950889207 
0.242193 0.15495784965 0.09150711627 
0.242750 0.10205683908 0.08720971564 
0.243308 0.17580461021 0.08883359037 
0.243865 0.01453437840 0.09025147100 
0.244422 0.09538704820 0.08994506091 
0.244980 0.07726504958 0.08971837444 
0.245537 0.13121810485 0.08906859497 
0.246094 -0.02119552381 0.09240197519 
0.246652 -0.04430688782 0.08926342741 
0.247209 0.07267332988 0.08961667394 
0.247766 0.14175734862 0.08792623097 
0.248324 0.09607738393 0.09016560719 
0.248881 0.08786031831 0.09048595304 
0.249438 0.06966270610 0.08852538320 
0.249996 0.07757681730 0.08902648900 
0.250553 0.10080144096 0.08662917164 
0.251110 0.12694776394 0.08964751041 
0.251667 0.13150928852 0.08808129119 
0.252225 0.14066378277 0.08906147128 
0.252782 0.14975724539 0.08747249911 
0.253339 0.03310631114 0.08841447676 
0.253897 0.12849619401 0.08863140987 
0.254454 0.17473519686 0.08603140023 
0.255011 0.06558760243 0.08587377875 
0.255569 0.12851785172 0.08661227727 
0.256126 0.04710048043 0.08617207702 
0.256683 0.03517828556 0.08953987103 
0.257241 0.18472194560 0.08864508641 
0.257798 0.03975478490 0.08668690032 
0.258355 0.04317892820 0.08731486556 
0.258912 0.16152676446 0.08603954790 
0.259470 0.09497204733 0.08597981715 
0.260027 0.09045916603 0.08640533991 
0.260584 0.12479748816 0.08751663021 
0.261142 0.12076178395 0.08514619978 
0.261699 0.08623495911 0.08714300901 
0.262256 0.06148599472 0.08572131904 
0.262814 0.11595747370 0.08621331306 
0.263371 0.11396619926 0.08623809280 
0.263928 0.14662938235 0.08560560242 
0.264485 0.05940258204 0.08609784434 
0.265043 0.22127813102 0.08627254608 
0.265600 0.00647142532 0.08524583404 
0.266157 0.15919744092 0.08438399869 
0.266715 0.18854622549 0.08391777563 
0.267272 0.06783529014 0.08490122709 
0.267829 0.07365879824 0.08511573972 
0.268386 -0.05011665991 0.08297012153 
0.268944 0.09386250047 0.08369779109 
0.269501 0.07915562419 0.08473372599 
0.270058 0.02394571240 0.08443403725 
0.270616 0.06226303086 0.08384112232 
0.271173 0.05465906672 0.08519428175 
0.271730 0.07466740462 0.08529078338 
0.272287 0.03008147519 0.08628501237 
0.272845 0.08310826845 0.08807595865 
0.273402 0.02288918919 0.08848071958 
0.273959 0.10812513012 0.08842382426 
0.274517 0.01867865036 0.08994136158 
0.275074 0.08232582455 0.08832204336 
0.275631 0.01643989145 0.09026711982 
0.276188 -0.01760069131 0.09070173792 
0.276746 0.02048671042 0.08959035767 
0.277303 0.04899251186 0.08868122930 
0.277860 0.11966776789 0.09041088626 
0.278418 0.12427746024 0.09094318883 
0.278975 -0.01890918527 0.09059227943 
0.279532 0.01543372287 0.08996137839 
0.280089 0.06125192130 0.09332114308 
0.280647 0.19366551476 0.08788373712 
0.281204 0.08658908550 0.09140560689 
0.281761 0.06040429273 0.08979060547 
0.282318 0.07871521860 0.08798470261 
0.282876 0.00070143503 0.08632383048 
0.283433 0.05727034201 0.08940591068 
0.283990 0.09724544183 0.08641489931 
0.284548 0.12974070331 0.08850383891 
0.285105 0.18467202384 0.08599100109 
0.285662 0.10352217087 0.08671195938 
0.286219 0.09097909979 0.08637634924 
0.286777 0.07953144026 0.08654263611 
0.287334 0.11049127111 0.08599812909 
0.287891 0.03119675009 0.08488824477 
0.288448 0.09403559070 0.08575121011 
0.289006 0.06040437728 0.08366790751 
0.289563 0.05560032091 0.08442445533 
0.290120 0.11009181797 0.08297238190 
0.290677 0.25944985230 0.08537231587 
0.291235 0.00499885798 0.08581751922 
0.291792 0.09260530752 0.08461349600 
0.292349 0.08101958420 0.08426244962 
0.292906 0.05500307708 0.08709214373 
0.293464 -0.01871585685 0.08415663412 
0.294021 0.07147361369 0.08543531545 
0.294578 0.09106655345 0.08590836471 
0.295136 0.03989539107 0.08753972582 
0.295693 0.12743717995 0.08624590631 
0.296250 0.12188014061 0.08649457618 
0.296807 0.05237545713 0.08651875994 
0.297365 0.05786411185 0.08566237552 
0.297922 0.14995538670 0.08411975775 
0.298479 0.07201057850 0.08668790749 
0.299036 0.08928068938 0.08749404295 
0.299594 0.09766525325 0.08554994400 
0.300151 0.14696824624 0.08310263588 
0.300708 0.14134053089 0.08593991751 
0.301265 0.05229715988 0.08661592360 
0.301823 0.13936249655 0.08730794743 
0.302380 0.11702768318 0.08689050775 
0.302937 0.04584676323 0.08618438601 
0.303494 0.16978731802 0.08636776002 
0.304052 0.09328426340 0.08554457834 
0.304609 0.09898878881 0.08522716518 
0.305166 0.11502673385 0.08569946633 
0.305723 0.11228682819 0.08851730066 
0.306280 0.08725315770 0.08770064065 
0.306838 0.17396823885 0.08559837815 
0.307395 0.07232593868 0.08626388258 
0.307952 0.02554706766 0.08532711310 
0.308509 0.10120046882 0.08607939100 
0.309067 -0.01396615429 0.08548760502 
0.309624 0.20602169456 0.08507850005 
0.310181 0.03854759968 0.08580690348 
0.310738 0.07071498798 0.08591801438 
0.311296 0.01901737345 0.08539411528 
0.311853 0.08974096806 0.08493640578 
0.312410 0.05035626281 0.08748788851 
0.312967 0.08750083898 0.08515048269 
0.313525 0.06996577320 0.08566123157 
0.314082 0.07942812470 0.08746634150 
0.314639 0.09044746557 0.08559498310 
0.315196 0.06251850026 0.08574528740 
0.315753 0.00433900546 0.08797244542 
0.316311 0.16960581268 0.08719997745 
0.316868 0.08448977889 0.08632876969 
0.317425 0.00847163975 0.08671103934 
0.317982 0.03253643571 0.08621819619 
0.318540 0.17954366421 0.08702463096 
0.319097 0.08432681183 0.08542189017 
0.319654 0.10429238233 0.08678976265 
0.320211 0.11720549579 0.08735391901 
0.320768 0.19352677634 0.08567812636 
0.321326 0.07272019905 0.08797966098 
0.321883 0.08033326675 0.08516171946 
0.322440 0.19816818127 0.08659952029 
0.322997 0.07239762631 0.08606504598 
0.323555 0.06747895789 0.08703204924 
0.324112 0.12961391266 0.08526788838 
0.324669 0.11116085299 0.08687990193 
0.325226 0.05151390051 0.08728355721 
0.325783 -0.06845863408 0.08640689736 
0.326341 0.16798198369 0.08767645934 
0.326898 0.13357097511 0.08919562044 
0.327455 -0.00902303778 0.08624427136 
0.328012 0.14588760649 0.08752825100 
0.328569 0.09514406996 0.08736365816 
0.329127 0.18645422232 0.08879571853 
0.329684 0.02544937474 0.08887267570 
0.330241 0.06464131700 0.08880549777 
0.330798 0.11598815691 0.08771663978 
0.331355 0.07680928388 0.08661002957 
0.331913 0.15296190227 0.08875081461 
0.332470 0.12392174500 0.08683788368 
0.333027 0.12016882202 0.08919499847 
0.333584 0.05081261661 0.08863506365 
0.334141 0.10746075247 0.08903000582 
0.334699 0.12552611372 0.08956982331 
0.335256 0.04679581646 0.08915922624 
0.335813 0.15789131392 0.09020808601 
0.336370 0.11080097214 0.09147102099 
0.336927 0.20347109011 0.09292739088 
0.337485 0.03198356072 0.09211700874 
0.338042 0.10908789222 0.09194005269 
0.338599 0.11504220244 0.09126282743 
0.339156 0.11207577505 0.09113379200 
0.339713 0.04076967631 0.09422855712 
0.340271 0.09132512657 0.09264227237 
0.340828 0.14384632905 0.09235164478 
0.341385 0.14924892941 0.09322901524 
0.341942 0.21089435987 0.09329273463 
0.342499 0.00150008305 0.09590878702 
0.343057 0.08259266539 0.09327177178 
0.343614 0.05042779735 0.09481866917 
0.344171 0.03585479683 0.09325943433 
0.344728 0.08743985468 0.09442364050 
0.345285 0.03097003073 0.09534742830 
0.345842 0.18590731127 0.09402573295 
0.346400 -0.02765227239 0.09448619010 
0.346957 0.00233884829 0.09373035389 
0.347514 -0.01293032154 0.09594883929 
0.348071 0.09649294756 0.09488348286 
0.348628 0.12460830608 0.09666901766 
0.349186 0.01944777153 0.09774084709 
0.349743 0.14340393276 0.09873512427 
0.350300 0.00663545873 0.09801306972 
0.350857 -0.00954990508 0.09706485417 
0.351414 0.10056010817 0.09766850952 
0.351971 0.03356039630 0.09901980764 
0.352529 0.09308376362 0.09954825238 
0.353086 0.03536526703 0.10029927530 
0.353643 0.06639546418 0.10032445890 
0.354200 0.02800286720 0.10050268782 
0.354757 0.13997294735 0.10078761030 
0.355314 0.18829400819 0.10145928069 
0.355872 0.08465061646 0.10381868983 
0.356429 0.14050885210 0.10383767695 
0.356986 0.07170789294 0.10497394940 
0.357543 -0.00945577899 0.10437059320 
0.358100 0.10505608355 0.10268935650 
0.358657 0.10648057309 0.10476072205 
0.359215 -0.03585585562 0.10281436030 
0.359772 -0.03363112692 0.10533788308 
0.360329 -0.03801713428 0.10436441370 
0.360886 0.07186793739 0.10257872838 
0.361443 -0.01061546183 0.10285704257 
0.362000 0.19569923711 0.10366412971 
0.362558 -0.00555564268 0.10299046881 
0.363115 0.12636434683 0.10309313516 
0.363672 0.06574587413 0.10111535831 
0.364229 0.06536987197 0.10266511397 
0.364786 0.11413373207 0.10609036837 
0.365343 0.13745783621 0.09937987850 
0.365900 0.11636946407 0.10302170384 
0.366458 0.05745716440 0.10410002444 
0.367015 -0.09847922312 0.10156142311 
0.367572 0.13520590001 0.10337150134 
0.368129 0.08984112003 0.10036540831 
0.368686 0.06064387321 0.09996815369 
0.369243 0.04464990030 0.10219688436 
0.369801 0.09767917967 0.10026643932 
0.370358 0.15369856090 0.09963993009 
0.370915 0.07519578524 0.09961774645 
0.371472 0.13861944219 0.10074060386 
0.372029 0.09388995609 0.10302039692 
0.372586 0.11852725483 0.09568457950 
0.373143 0.12291838062 0.09797133942 
0.373700 -0.00705031877 0.09741084683 
0.374258 0.08160652593 0.09986365655 
0.374815 0.05859655338 0.09718182837 
0.375372 0.02796195512 0.09605723534 
0.375929 0.07108264965 0.09725915656 
0.376486 0.00820538178 0.09536197069 
0.377043 0.11503076618 0.09661851219 
0.377600 0.07524631059 0.09627541831 
0.378158 0.09370137214 0.09601891197 
0.378715 0.03810061057 0.09618946342 
0.379272 0.19927261520 0.09424487058 
0.379829 0.07958469640 0.09377959808 
0.380386 0.04559920196 0.09460919991 
0.380943 -0.00461808817 0.09386302603 
0.381500 0.10651545594 0.09387297151 
0.382057 0.15044532582 0.09417887797 
0.382615 0.12336376141 0.09111971014 
0.383172 0.06747777611 0.09264479885 
0.383729 0.13868705659 0.09303221258 
0.384286 0.11708613738 0.09315380926 
0.384843 0.10479890974 0.09254812152 
0.385400 0.16068354815 0.08984387553 
0.385957 -0.06777019369 0.09122162602 
0.386514 0.12974950927 0.08946392117 
0.387072 0.05730209616 0.09295531892 
0.387629 0.04993070610 0.09041641863 
0.388186 0.02842961917 0.09114983110 
0.388743 0.01536032176 0.09070990503 
0.389300 0.11364009761 0.09152038223 
0.389857 0.13501183482 0.09222690373 
0.390414 0.08811253030 0.09295777763 
0.390971 0.15305847417 0.09079727954 
0.391528 0.03540319175 0.09181339109 
0.392086 0.08325275490 0.08850204759 
0.392643 0.02623608594 0.08957575105 
0.393200 0.07221868236 0.08828810508 
0.393757 -0.06473204601 0.09023094427 
0.394314 0.06044533237 0.08942376337 
0.394871 0.12813828028 0.09094825537 
0.395428 0.03519964206 0.09213486935 
0.395985 0.11491804310 0.08969714660 
0.396542 0.06442397146 0.08962104535 
0.397099 0.04859468191 0.09038203665 
0.397657 0.11488373822 0.08674058692 
0.398214 0.07288899933 0.09140689431 
0.398771 0.10862219953 0.08924200833 
0.399328 0.09361326468 0.08942908093 
0.399885 0.09473281519 0.08737764815 
0.400442 0.03269579465 0.08764700083 
0.400999 0.07831582942 0.09025413158 
0.401556 0.10198607062 0.09261178322 
0.402113 -0.00848501230 0.09318617749 
0.402670 0.03768218144 0.09415970873 
0.403227 0.09621388828 0.09518955775 
0.403785 0.06108901397 0.09697506197 
0.404342 0.17797197402 0.09755465120 
0.404899 0.05141740555 0.09865879228 
0.405456 0.00869527594 0.09885925680 
0.406013 0.19772551525 0.09664783097 
0.406570 0.16658640235 0.10151479045 
0.407127 0.10807633190 0.09915538516 
0.407684 -0.03745179046 0.10033292113 
0.408241 0.03007236252 0.10387555885 
0.408798 0.02985681190 0.10434557639 
0.409355 0.04197799519 0.10331155806 
0.409912 0.02017126956 0.10742765693 
0.410469 0.03733748787 0.10697151403 
0.411027 0.08412063203 0.10895965165 
0.411584 0.03845902604 0.10380958906 
0.412141 -0.09378909156 0.11027874424 
0.412698 -0.12380460734 0.11097586964 
0.413255 0.20405599342 0.11284743622 
0.413812 0.01228916742 0.11304582787 
0.414369 0.02167725566 0.11161121909 
0.414926 0.06970061067 0.11280610057 
0.415483 0.08472505428 0.11507656378 
0.416040 0.20981597985 0.11744309164 
0.416597 0.13912473266 0.11573133396 
0.417154 -0.02363305122 0.11168398432 
0.417711 0.10624114924 0.11826828338 
0.418268 0.33044585533 0.12103319974 
0.418825 0.13509562409 0.11579097704 
0.419382 -0.01544758238 0.11729384054 
0.419940 0.16557369893 0.11474636754 
0.420497 0.08160932248 0.11522500280 
0.421054 0.12521978801 0.11296965206 
0.421611 0.21720312484 0.11442581564 
0.422168 0.09219510032 0.11606332491 
0.422725 0.19677815295 0.11848528627 
0.423282 0.01110629952 0.11568523597 
0.423839 0.12690458028 0.11562659835 
0.424396 0.10293918582 0.11355597862 
0.424953 0.09845589202 0.11658823784 
0.425510 0.08200494375 0.11316788392 
0.426067 0.09003779196 0.11482513024 
0.426624 -0.07172554529 0.11349389062 
0.427181 0.10474919933 0.11465961555 
0.427738 -0.02517602190 0.11922134910 
0.428295 -0.05642895192 0.11637943781 
0.428852 0.10144616847 0.11364275570 
0.429409 -0.00417715426 0.11324541171 
0.429966 0.12836189441 0.11506111020 
0.430523 0.03984829751 0.11397651015 
0.431080 0.07496096287 0.11668491741 
0.431637 0.06897391642 0.11997539334 
0.432194 0.07382282959 0.11681640801 
0.432752 0.26331028317 0.12277653603 
0.433309 0.08401467802 0.11846361153 
0.433866 0.05529945680 0.11586879376 
0.434423 0.00865965479 0.11607759664 
0.434980 0.13378566203 0.11968765744 
0.435537 0.25596887107 0.12248788812 
0.436094 -0.08011282831 0.11954438626 
0.436651 0.11504283181 0.11804984757 
0.437208 0.15516705448 0.11882953856 
0.437765 0.07344447463 0.11937078496 
0.438322 -0.01026355411 0.11518373085 
0.438879 0.09436176357 0.12138828910 
0.439436 0.14907691272 0.12200053298 
0.439993 0.11661480689 0.12478015611 
0.440550 0.07523974971 0.12070830535 
0.441107 0.08923801845 0.11822145182 
0.441664 0.03168971129 0.12025139329 
0.442221 0.31233120934 0.12251360207 
0.442778 0.13992746666 0.12179720558 
0.443335 0.18920021797 0.12604934667 
0.443892 -0.08662362797 0.12275020845 
0.444449 0.11553621675 0.12689622897 
0.445006 0.13029796918 0.12130481517 
0.445563 -0.17162954631 0.12407472244 
0.446120 -0.10688700932 0.12372541794 
0.446677 0.13964553410 0.12095202213 
0.447234 -0.02796145919 0.12366817088 
0.447791 0.10646406499 0.12420903100 
0.448348 0.00732054256 0.12544573435 
0.448905 0.11751322924 0.12267339363 
0.449462 0.14880873885 0.12149466821 
0.450019 0.02226902728 0.12459329646 
0.450576 0.00165792810 0.12035013461 
0.451133 0.19589463896 0.12367590157 
0.451690 0.23878091002 0.12133792180 
0.452247 0.04433529624 0.12279232228 
0.452804 -0.01240223058 0.12202564580 
0.453361 -0.09334144135 0.12083310553 
0.453918 0.02483751519 0.12248352398 
0.454475 -0.14021900610 0.12367693389 
0.455032 0.08790788785 0.11995409361 
0.455589 0.00266244620 0.12284117074 
0.456146 0.09918689813 0.12323595342 
0.456703 -0.01880497109 0.12400936329 
0.457260 0.08531170992 0.11991472125 
0.457817 0.07747812704 0.12293890892 
0.458374 0.05890712499 0.12353661163 
0.458931 0.14907456842 0.12615985926 
0.459488 0.23270318555 0.12135420165 
0.460045 0.03304966690 0.12055706014 
0.460602 0.13740391242 0.12375914281 
0.461159 0.03298007036 0.12157563501 
0.461716 0.00211248300 0.12095704504 
0.462273 0.03278596695 0.12274215456 
0.462830 0.15000085819 0.12027022391 
0.463387 0.14827716596 0.12137851861 
0.463943 0.04832616598 0.12082896578 
0.464500 0.05830218810 0.12291106380 
0.465057 0.00955746542 0.12093674498 
0.465614 0.19316607778 0.12118745625 
0.466171 0.16635169669 0.11675140306 
0.466728 0.11539393489 0.12234646172 
0.467285 0.06717376470 0.12301771038 
0.467842 -0.01828322209 0.12388192886 
0.468399 0.08356597132 0.12355056756 
0.468956 0.12636270316 0.12466176048 
0.469513 0.03666331097 0.11921492253 
0.470070 -0.08398030660 0.11986049146 
0.470627 0.06269323369 0.12358309328 
0.471184 0.21024110370 0.12061346636 
0.471741 -0.02306973574 0.12524770779 
0.472298 0.23554839735 0.12248599573 
0.472855 0.10726832441 0.11983701964 
0.473412 0.20643544959 0.12093438310 
0.473969 0.19188928921 0.12270025721 
0.474526 0.14967310051 0.12428585293 
0.475083 0.24118082346 0.12348940354 
0.475640 0.22645325110 0.12282492829 
0.476196 0.02069976196 0.12462922153 
0.476753 0.00819357012 0.12594137720 
0.477310 0.11821828716 0.12024580544 
0.477867 0.02574671260 0.12166122850 
0.478424 -0.05416986800 0.11946864395 
0.478981 -0.04431605174 0.11983469267 
0.479538 0.24247620324 0.12220273931 
0.480095 -0.00483145418 0.12283423303 
0.480652 -0.08773750598 0.12417058503 
0.481209 -0.01634393890 0.12270695458 
0.481766 0.01503234555 0.11931893782 
0.482323 0.05377591728 0.11680989093 
0.482880 0.34517386084 0.12443533726 
0.483437 -0.02209753730 0.12192438202 
0.483994 -0.08119513048 0.12377752463 
0.484550 -0.01133329031 0.11712892478 
0.485107 0.03488056089 0.11949442185 
0.485664 0.20475679268 0.12171098227 
0.486221 0.04047943742 0.11979599553 
0.486778 0.02204297939 0.12057021666 
0.487335 -0.02214632790 0.11868181084 
0.487892 0.01245447105 0.12164243802 
0.488449 0.05103880601 0.12425562217 
0.489006 0.06763385803 0.12183416973 
0.489563 0.00696872817 0.11981855462 
0.490120 0.16715774714 0.12421558844 
0.490677 0.01717880214 0.11788102911 
0.491233 0.00642886149 0.11721704949 
0.491790 0.09543160837 0.12227559316 
0.492347 0.17978615728 0.12426107676 
0.492904 0.07090664173 0.12024684531 
0.493461 0.08288216776 0.12003680646 
0.494018 0.10894587557 0.12226628717 
0.494575 0.11005794264 0.11872040530 
0.495132 0.08260764984 0.12359204344 
0.495689 0.17664286424 0.11890530948 
0.496246 0.05863434698 0.12383656879 
0.496802 0.14937753339 0.12427949915 
0.497359 0.28779967709 0.12219054950 
0.497916 -0.09443561653 0.11766719092 
0.498473 -0.07347773954 0.11986339812 
0.499030 0.10104873627 0.11901868854 
0.499587 0.04675960602 0.12093790367 
0.500144 0.11217119222 0.12228362466 
0.500701 0.07518030964 0.12548525790 
0.501258 0.14152776491 0.12227367518 
0.501815 0.06340724689 0.12103344330 
0.502371 0.10483870752 0.12109881482 
0.502928 0.08325642628 0.12379309012 
0.503485 0.07426885121 0.12068375856 
0.504042 0.08478713081 0.12331603550 
0.504599 0.04439160306 0.12351818599 
0.505156 0.15656379228 0.12113614864 
0.505713 0.07072048241 0.12012897284 
0.506270 0.02792597532 0.11969548740 
0.506826 -0.02378151527 0.12020595338 
0.507383 0.07898531284 0.12139533375 
0.507940 0.10318589568 0.11640891121 
0.508497 -0.12183411494 0.12341583916 
0.509054 0.05620935391 0.12511822290 
0.509611 0.04944277944 0.12078951829 
0.510168 -0.05525692503 0.12304752121 
0.510725 0.24351271507 0.12041526105 
0.511281 0.10715076857 0.12011580127 
0.511838 0.25546750525 0.12403109113 
0.512395 0.13593697373 0.12305720443 
0.512952 0.11226069397 0.12584850891 
0.513509 -0.00050703888 0.12230829459 
0.514066 0.17351412172 0.12757643090 
0.514623 -0.05325724067 0.12797605096 
0.515179 0.02356791432 0.12993431237 
0.515736 0.15499217059 0.12875483790 
0.516293 0.19304266200 0.12983270947 
0.516850 0.19028680281 0.13017504707 
0.517407 0.13119855064 0.12316507852 
0.517964 0.14042326217 0.12913367097 
0.518521 0.20001514197 0.13019037958 
0.519077 0.13533888229 0.13108434168 
0.519634 0.24881666516 0.13656135513 
0.520191 0.07730391318 0.13464398449 
0.520748 0.25493364786 0.13451942915 
0.521305 0.11936563147 0.13129616149 
0.521862 0.05198547128 0.13205174171 
0.522418 0.16860987799 0.13205428422 
0.522975 0.10298309426 0.14164350600 
0.523532 0.01525434227 0.13407851679 
0.524089 0.29609772381 0.13839190204 
0.524646 0.07817876400 0.13946677739 
0.525203 -0.08420750171 0.13628504644 
0.525759 0.21255719184 0.14174177716 
0.526316 0.09544663110 0.13858119629 
0.526873 0.03486959957 0.14241494521 
0.527430 0.10185504287 0.13650933383 
0.527987 0.23268095562 0.13944702224 
0.528544 -0.03920571356 0.13924346192 
0.529100 0.01901669169 0.13824345990 
0.529657 0.13913714250 0.13712537219 
0.530214 0.16174479378 0.15142116420 
0.530771 -0.00971841793 0.14194373008 
0.531328 0.22847991575 0.14525148496 
0.531884 0.09049399809 0.14920707073 
0.532441 0.34311454471 0.14883642371 
0.532998 0.07352071032 0.15376016050 
0.533555 0.11114464372 0.15246390574 
0.534112 -0.15839484781 0.16133739292 
0.534669 -0.03990896671 0.15312283333 
0.535225 0.05545149817 0.14944926924 
0.535782 0.18939303871 0.15613476204 
0.536339 -0.00610551886 0.15559189226 
0.536896 0.15298098055 0.16718026360 
0.537453 0.13933178155 0.16358150832 
0.538009 0.30518363103 0.17658766681 
0.538566 -0.00903428828 0.16765896048 
0.539123 -0.07381756696 0.17183840968 
0.539680 0.05808560124 0.18102956325 
0.540237 0.26586039456 0.19237415196 
0.540793 0.07480190527 0.18952510357 
0.541350 0.08933917026 0.21162806952 
0.541907 0.32585507779 0.23200347298 
0.542464 0.15676798131 0.25933002879 
0.543021 0.25526369294 0.45483847583 
