0.011985 173.20655471783 0.00000000000 
0.012543 159.29445078141 9.98505812990 
0.013100 151.56599641493 13.65386294037 
0.013658 153.87458854752 10.07795700783 
0.014215 142.04754854302 9.29087919672 
0.014772 142.36935974803 6.42287732357 
0.015330 141.12400197097 5.72464729761 
0.015887 135.36866918486 5.22950441029 
0.016445 131.98511520069 4.23957390730 
0.017002 129.25419771614 3.89492835641 
0.017560 123.33523923896 3.52819739476 
0.018117 121.76118881917 2.71177238418 
0.018675 116.94462539635 2.39976033227 
0.019232 115.40434721071 2.50778433856 
0.019789 111.34202459225 2.28252669461 
0.020347 107.60437533776 2.17427100064 
0.020904 105.29312957554 1.79927262203 
0.021462 100.03584381292 1.73025921912 
0.022019 97.56015465937 1.52796516241 
0.022577 94.59403520624 1.40320344919 
0.023134 91.62454202959 1.37417095510 
0.023692 88.93493219772 1.41087359199 
0.024249 84.40934140537 1.17066414527 
0.024807 80.80788409009 1.15831495656 
0.025364 78.24150171293 1.00572072383 
0.025921 75.37909613676 1.03244575170 
0.026479 73.45921634474 0.87392510338 
0.027036 69.25317157125 0.86663389524 
0.027594 66.06417990979 0.78991887989 
0.028151 63.64878564812 0.72516454950 
0.028709 61.68154783161 0.70097676472 
0.029266 58.50590915272 0.70790345271 
0.029824 56.10295761558 0.64448982924 
0.030381 53.38322469924 0.65964844508 
0.030938 51.15774868847 0.58639033526 
0.031496 48.47776237675 0.58203600125 
0.032053 47.04715286856 0.58220876013 
0.032611 44.93267760939 0.53820469774 
0.033168 43.49017213864 0.53766433869 
0.033726 40.59043006235 0.53352857208 
0.034283 38.59124473819 0.49804642159 
0.034841 36.81876450211 0.48410954478 
0.035398 34.98217715421 0.51798685732 
0.035955 33.94948469679 0.44351809579 
0.036513 32.26891260409 0.42845934470 
0.037070 30.22886234266 0.42483485839 
0.037628 29.30398586983 0.45483740835 
0.038185 28.16457684493 0.41572547992 
0.038743 26.34511377482 0.41262087879 
0.039300 25.06283946711 0.40544642132 
0.039858 23.94958493882 0.40392078962 
0.040415 22.84336829448 0.37615669970 
0.040973 22.37988826265 0.37220279908 
0.041530 20.70329285562 0.35126942511 
0.042087 19.42056788027 0.32307173665 
0.042645 19.33963008212 0.34039303901 
0.043202 17.70486913997 0.34797625375 
0.043760 16.63212687828 0.31899828720 
0.044317 16.38069342395 0.31948885667 
0.044875 16.20851481010 0.32394549173 
0.045432 14.66353780451 0.33695452786 
0.045990 14.48893568808 0.30722780980 
0.046547 13.90759478186 0.30854582326 
0.047104 13.21023027639 0.30046748708 
0.047662 12.75185809106 0.30585395453 
0.048219 12.43213741722 0.29606988943 
0.048777 11.94888706984 0.28479657592 
0.049334 11.26478016823 0.27826562512 
0.049892 10.97702335595 0.28107184736 
0.050449 10.84109345574 0.27121317833 
0.051007 10.35380352121 0.28313398603 
0.051564 10.02418462597 0.26494695897 
0.052121 10.01669937079 0.27596472848 
0.052679 9.71971290655 0.27430001294 
0.053236 9.37473808912 0.26694788002 
0.053794 9.19278633083 0.24747637911 
0.054351 9.01192171396 0.26600233880 
0.054909 8.77582404660 0.25764496537 
0.055466 8.10884574819 0.24460872388 
0.056024 8.44153716421 0.25198495805 
0.056581 8.08798512607 0.24700276615 
0.057138 8.15517007619 0.23449660462 
0.057696 7.54312636602 0.23886639093 
0.058253 7.57446833331 0.22820673606 
0.058811 7.38501815521 0.23938800755 
0.059368 7.69461534773 0.23405645464 
0.059926 7.04659825654 0.22556079651 
0.060483 7.33133300578 0.23698129343 
0.061041 7.11202381828 0.22265773575 
0.061598 7.06540946146 0.23083745699 
0.062155 6.90169190853 0.23138123067 
0.062713 6.77377757458 0.21880060292 
0.063270 6.17396504280 0.21607600053 
0.063828 6.54901620183 0.22489058576 
0.064385 6.14539900415 0.22107801709 
0.064943 6.25688334684 0.21631913160 
0.065500 5.78603543495 0.21736068914 
0.066057 6.09021059730 0.21084160227 
0.066615 5.89110568722 0.21652840293 
0.067172 5.56325971703 0.21477505814 
0.067730 5.80921406224 0.20343835848 
0.068287 5.65388901307 0.20477518844 
0.068845 5.58932375519 0.19673946074 
0.069402 5.37054128259 0.19471425625 
0.069960 5.71113683536 0.20421585397 
0.070517 5.05875407106 0.19443369915 
0.071074 5.01321044587 0.19636348160 
0.071632 4.84304342347 0.19010156297 
0.072189 5.04848502255 0.18860499149 
0.072747 4.83935102991 0.20158335896 
0.073304 4.58476130552 0.19335699366 
0.073862 4.63456141313 0.19645965668 
0.074419 4.57067387632 0.18783583566 
0.074977 4.30095807207 0.18447235831 
0.075534 4.17849111491 0.18745645841 
0.076091 4.40348688626 0.18661777500 
0.076649 4.01009367215 0.17817187673 
0.077206 3.90050112108 0.17952139641 
0.077764 3.67028409749 0.18123450646 
0.078321 3.72897737784 0.18423373507 
0.078879 3.62056611174 0.18139838791 
0.079436 3.42619966676 0.18488663254 
0.079993 3.25966847509 0.18560280848 
0.080551 3.26238661859 0.17942888147 
0.081108 3.12400223474 0.17191110177 
0.081666 2.88003154382 0.17096802019 
0.082223 3.05740198243 0.18228531644 
0.082781 2.56209400249 0.18016659692 
0.083338 2.63386914707 0.16923984279 
0.083895 2.66067837652 0.17160243545 
0.084453 2.61696436467 0.16948540591 
0.085010 2.33550365009 0.16790852568 
0.085568 2.43893680183 0.16227815775 
0.086125 2.29901906022 0.16918186494 
0.086683 2.13219877896 0.16660349477 
0.087240 2.06131576068 0.16278779173 
0.087798 2.24288042230 0.16540271813 
0.088355 1.75306275125 0.16122426266 
0.088912 1.95475682425 0.16270738697 
0.089470 1.90371450865 0.15917461077 
0.090027 1.70004564307 0.16381646914 
0.090585 1.78434941542 0.16145655637 
0.091142 1.63653545014 0.16034045189 
0.091700 1.48684019651 0.15475628955 
0.092257 1.57345193575 0.15249855420 
0.092814 1.52726999244 0.15204988921 
0.093372 1.40973922439 0.15594319742 
0.093929 1.37929109086 0.15519967402 
0.094487 1.33482919778 0.15277332105 
0.095044 1.21051845665 0.15285278043 
0.095602 1.42077115770 0.15274461855 
0.096159 1.28017208327 0.15008335468 
0.096716 1.10037321533 0.15311524942 
0.097274 1.34649615888 0.14881056901 
0.097831 1.02375928566 0.15532847750 
0.098389 1.16776693894 0.14979250739 
0.098946 1.17784111888 0.14887097353 
0.099504 1.00160867993 0.15323000643 
0.100061 1.24533379373 0.15092778842 
0.100618 1.14315272611 0.14584996795 
0.101176 0.86344551980 0.14906160112 
0.101733 0.78214756991 0.14976765613 
0.102291 0.95657798702 0.14680664952 
0.102848 1.11102108090 0.14095025066 
0.103406 0.61799750067 0.14186783846 
0.103963 0.91962270635 0.14498977855 
0.104520 0.94896065583 0.14307229469 
0.105078 0.99316882740 0.14290568463 
0.105635 0.93159162225 0.14411835037 
0.106193 0.86459696127 0.14241146155 
0.106750 0.98708553705 0.13872357789 
0.107308 0.84016602228 0.14316911759 
0.107865 0.80297041766 0.14033301394 
0.108422 0.90456359935 0.13863021983 
0.108980 0.80620180283 0.13715055035 
0.109537 0.88471742084 0.13855721356 
0.110095 0.65126378543 0.13720425179 
0.110652 0.82686607887 0.13832884102 
0.111210 0.80601991697 0.13809188365 
0.111767 0.87439051003 0.13926258777 
0.112324 0.75698667221 0.13583309361 
0.112882 0.64128961470 0.13776772353 
0.113439 0.80487353636 0.13701631357 
0.113997 0.77820495581 0.13830239747 
0.114554 0.59395465212 0.13786500296 
0.115111 0.69183846835 0.13344524109 
0.115669 0.69368303032 0.13991401830 
0.116226 0.73379494322 0.13709370874 
0.116784 0.57739452291 0.13361209702 
0.117341 0.79719399930 0.13466232124 
0.117899 0.63244895466 0.13193107961 
0.118456 0.60833666852 0.13471414865 
0.119013 0.77306922407 0.13185226327 
0.119571 0.84714297030 0.13220885300 
0.120128 0.77164352508 0.13447707658 
0.120686 0.84186949444 0.13504350049 
0.121243 0.74116729702 0.13008942633 
0.121800 0.69744538952 0.12746006633 
0.122358 0.64002054681 0.13065968377 
0.122915 0.69421815268 0.12648146665 
0.123473 0.73903219198 0.13216827447 
0.124030 0.71015639503 0.12809284263 
0.124588 0.79750273566 0.13110619349 
0.125145 0.52894530626 0.12858930559 
0.125702 0.51100704864 0.12978726784 
0.126260 0.64735394479 0.12682450884 
0.126817 0.57681412605 0.12600514057 
0.127375 0.57130909606 0.12658496973 
0.127932 0.52065968344 0.12366637442 
0.128489 0.59563250635 0.13241848139 
0.129047 0.44395872245 0.12795930276 
0.129604 0.60435609194 0.12700539725 
0.130162 0.54186975071 0.12785953322 
0.130719 0.61026034150 0.12690580330 
0.131277 0.60471404318 0.12405283845 
0.131834 0.29738635067 0.12391031902 
0.132391 0.39081896442 0.13066433918 
0.132949 0.53719098843 0.12848073839 
0.133506 0.61642725284 0.12700628259 
0.134064 0.48529840201 0.13501801775 
0.134621 0.53314612224 0.13426745000 
0.135178 0.49689437875 0.13435093984 
0.135736 0.32164204321 0.13769654935 
0.136293 0.37050234083 0.13827739367 
0.136851 0.55501415206 0.13789095719 
0.137408 0.52962582957 0.14189488761 
0.137965 0.60326069813 0.13659623154 
0.138523 0.43732804311 0.13159449974 
0.139080 0.54625246709 0.14012755686 
0.139638 0.39894227369 0.14209517758 
0.140195 0.50183070969 0.14278075923 
0.140752 0.46844990055 0.13911264531 
0.141310 0.31267817196 0.13801630871 
0.141867 0.41958125758 0.13856944841 
0.142425 0.30242553768 0.13934240294 
0.142982 0.35614447880 0.13854613131 
0.143540 0.39476239215 0.13755605115 
0.144097 0.36424447839 0.13308698409 
0.144654 0.38812361584 0.13461037519 
0.145212 0.29509945974 0.13021825818 
0.145769 0.23557945680 0.12852548737 
0.146327 0.15929178635 0.12837815072 
0.146884 0.18685121197 0.12847421805 
0.147441 0.37364079175 0.12828954091 
0.147999 0.44252000265 0.12304980000 
0.148556 0.62660203526 0.12575512463 
0.149114 0.32575691986 0.12570303335 
0.149671 0.21929010633 0.12333637351 
0.150228 0.21708290148 0.12089226352 
0.150786 0.27448013349 0.12591771284 
0.151343 0.36633644163 0.12215376966 
0.151901 0.16863936971 0.12246878764 
0.152458 0.34250327859 0.12152006000 
0.153015 0.34035257478 0.12135532198 
0.153573 0.30432154079 0.12324622677 
0.154130 0.21366056169 0.11975109648 
0.154688 0.22734478857 0.12217674424 
0.155245 0.34933539523 0.12067593774 
0.155802 0.21562724666 0.11846563194 
0.156360 0.23807058901 0.12311993381 
0.156917 0.23596966989 0.12245773678 
0.157475 0.18287225346 0.11852082595 
0.158032 0.25118193801 0.11462385675 
0.158589 0.22965174291 0.11895710653 
0.159147 0.03231054032 0.11470599474 
0.159704 -0.00635539688 0.11727731632 
0.160261 0.01771937958 0.11787823151 
0.160819 0.08944420536 0.11519415118 
0.161376 -0.00904490481 0.11713205261 
0.161934 0.13831664943 0.11764162537 
0.162491 0.09589872295 0.11809660298 
0.163048 0.00495462854 0.11696106110 
0.163606 0.16819412661 0.11029094405 
0.164163 0.03641677235 0.11802631615 
0.164721 0.12101258682 0.11333381874 
0.165278 0.10055160267 0.11490895603 
0.165835 0.12170818056 0.11402668527 
0.166393 -0.09150564283 0.10925502013 
0.166950 0.15139267025 0.11281777859 
0.167508 0.10490682324 0.11095171251 
0.168065 0.23816349702 0.11199257807 
0.168622 0.14263836623 0.11067433973 
0.169180 0.02513601131 0.11255544683 
0.169737 0.06012473345 0.11187986328 
0.170294 0.00283519502 0.11194743797 
0.170852 0.22866604308 0.10982965605 
0.171409 0.02307977221 0.11070239407 
0.171967 0.15875832948 0.10922748072 
0.172524 0.06074464087 0.11109257775 
0.173081 0.13404273718 0.10838804868 
0.173639 -0.11855677403 0.11093862890 
0.174196 0.14388544087 0.10949395413 
0.174754 0.06871491848 0.11379680937 
0.175311 0.09738755830 0.10903143848 
0.175868 -0.00797226458 0.11173526798 
0.176426 0.01160913214 0.10816130306 
0.176983 -0.05287637004 0.10811259370 
0.177540 0.05326036746 0.10732737041 
0.178098 0.06368783041 0.10732915046 
0.178655 0.05478705198 0.10920532603 
0.179213 -0.07511240413 0.11068873089 
0.179770 0.21923710399 0.10932232652 
0.180327 0.09676159129 0.10708236314 
0.180885 0.11963685458 0.10494868761 
0.181442 0.14268750642 0.10687992830 
0.181999 0.04829530358 0.10557534972 
0.182557 0.10611105077 0.10645308168 
0.183114 0.02866471462 0.10580806850 
0.183672 -0.01147548868 0.10687541870 
0.184229 0.05146738268 0.10479254843 
0.184786 -0.05502925891 0.10443793809 
0.185344 0.00070702745 0.10556858064 
0.185901 0.12780543336 0.10674987281 
0.186458 -0.02885726692 0.10696884657 
0.187016 -0.02943329205 0.10611319767 
0.187573 0.11817640730 0.10487381322 
0.188131 0.11413992157 0.10589775817 
0.188688 0.17222752932 0.10644130671 
0.189245 -0.07321934266 0.10345535745 
0.189803 0.06380151029 0.10438099022 
0.190360 0.14216773062 0.10368376568 
0.190917 0.11104786291 0.10662128410 
0.191475 0.00700494232 0.10642800643 
0.192032 0.04376357169 0.10256082765 
0.192590 -0.00495430013 0.10336471921 
0.193147 0.12523290124 0.10404241751 
0.193704 0.08403373999 0.10288853142 
0.194262 0.01822871425 0.10438633500 
0.194819 0.01009192207 0.10246459815 
0.195376 0.26945089458 0.10629382845 
0.195934 0.03481197637 0.10140520735 
0.196491 0.10996574585 0.10589671812 
0.197048 0.14166345398 0.10277464686 
0.197606 0.03295309391 0.10150223797 
0.198163 0.03552576310 0.10267757396 
0.198721 0.08262302557 0.10200776640 
0.199278 0.01025885659 0.10177032945 
0.199835 0.15343008968 0.10123410588 
0.200393 0.11398437422 0.10140659766 
0.200950 0.02129653995 0.10128579296 
0.201507 -0.08240860771 0.10398194143 
0.202065 -0.01647261250 0.10138852133 
0.202622 0.19086244992 0.10367439234 
0.203179 -0.02648658235 0.10221391649 
0.203737 0.07942659962 0.10212871258 
0.204294 0.16067770613 0.10066306330 
0.204851 0.03483571626 0.10023305484 
0.205409 0.07903443241 0.10121908553 
0.205966 -0.00591624297 0.09884090811 
0.206524 0.06259393294 0.09869138200 
0.207081 0.09066228940 0.09713434162 
0.207638 0.18462783714 0.09664962187 
0.208196 0.11942951955 0.09622526049 
0.208753 0.15173993194 0.09777489157 
0.209310 0.11383089412 0.09591872751 
0.209868 0.13662682900 0.09523207373 
0.210425 0.12232033512 0.09481668246 
0.210982 0.13509474239 0.09622466181 
0.211540 0.02183473506 0.09766310097 
0.212097 0.14141752850 0.09550915295 
0.212654 0.22799059943 0.09492350604 
0.213212 0.18738035211 0.09846936441 
0.213769 0.03085870457 0.09912879338 
0.214326 0.06463905865 0.09595722969 
0.214884 0.06509371471 0.09817135056 
0.215441 0.12356762449 0.09733292988 
0.215999 0.13827398502 0.09874440903 
0.216556 0.03613108556 0.09469244967 
0.217113 0.19430965893 0.09726723832 
0.217671 0.11436759941 0.09608385301 
0.218228 0.07776070933 0.09515096141 
0.218785 0.14480771639 0.09723223584 
0.219343 0.18173240091 0.09261868477 
0.219900 0.24605772516 0.09443875324 
0.220457 0.07849235845 0.09687799555 
0.221015 0.16687641911 0.09745793899 
0.221572 0.12030108011 0.09635584270 
0.222129 0.17071323938 0.09363590437 
0.222687 0.08775086292 0.09532355641 
0.223244 0.15165437861 0.09356861489 
0.223801 0.13853288927 0.09487185506 
0.224359 0.10143740084 0.09580858364 
0.224916 0.09674328860 0.09484331138 
0.225473 0.19034096348 0.09314165189 
0.226031 0.15238440197 0.09450289918 
0.226588 0.13115626613 0.09473374962 
0.227145 0.16900502641 0.09293271417 
0.227703 0.02457931173 0.09419422352 
0.228260 0.12232218355 0.09318492413 
0.228817 0.17975544385 0.09453106915 
0.229375 0.18513506164 0.09408491894 
0.229932 0.05549081470 0.09350049194 
0.230489 0.12362396224 0.09383267862 
0.231047 0.10492341250 0.09279022337 
0.231604 0.13940529458 0.09195647162 
0.232161 0.04974275196 0.09525846741 
0.232719 0.03820198234 0.09137235350 
0.233276 0.06324702620 0.08945055028 
0.233833 0.06833363152 0.09068683444 
0.234391 0.09581523739 0.09165841361 
0.234948 0.03848008984 0.09108820204 
0.235505 0.19244406643 0.09002130480 
0.236063 0.27599089546 0.09157605803 
0.236620 0.06683619631 0.08972045576 
0.237177 0.03539335000 0.08917335189 
0.237735 0.18397953951 0.09258942210 
0.238292 0.04892355628 0.08996779865 
0.238849 0.18952393975 0.08994035382 
0.239407 0.08397772835 0.09237224170 
0.239964 0.06908939099 0.08974643771 
0.240521 0.09955304186 0.09233627726 
0.241079 0.05901712152 0.09040013981 
0.241636 0.10020786725 0.08828108450 
0.242193 0.07328439585 0.09007980003 
0.242750 0.13220847798 0.08959868165 
0.243308 0.12122785130 0.08999035334 
0.243865 0.00622727188 0.08832966258 
0.244422 0.05602053076 0.08992048670 
0.244980 0.10413043287 0.08839599158 
0.245537 0.05687031804 0.08856748152 
0.246094 -0.03266619952 0.09016795068 
0.246652 0.08555718178 0.09025229678 
0.247209 0.01463634939 0.09058786811 
0.247766 0.15307685781 0.08919223966 
0.248324 0.12042377240 0.08776881551 
0.248881 0.05649738262 0.08927606265 
0.249438 0.02503809177 0.08828932310 
0.249996 0.12514456419 0.08907617708 
0.250553 0.15929910456 0.08776653300 
0.251110 0.12325667868 0.08675678226 
0.251667 0.07199669347 0.08594082072 
0.252225 0.10073952235 0.08860022280 
0.252782 0.08905523520 0.08822628342 
0.253339 0.13413798148 0.08856001545 
0.253897 0.26075963796 0.08901349985 
0.254454 0.10511021080 0.08667736669 
0.255011 0.13080710758 0.08662023079 
0.255569 0.14044494544 0.08628666303 
0.256126 0.02003047403 0.08744220536 
0.256683 -0.03142981193 0.08692044814 
0.257241 0.09597452605 0.08691243249 
0.257798 0.12361215322 0.08749931554 
0.258355 0.14628723615 0.08510571184 
0.258912 0.09258552579 0.08590497300 
0.259470 0.09429712613 0.08785264542 
0.260027 0.07686347846 0.08721485859 
0.260584 0.11796875444 0.08582697231 
0.261142 0.13607114636 0.08609466771 
0.261699 0.09177240287 0.08775756494 
0.262256 0.05453988126 0.08475319062 
0.262814 0.01393083798 0.08598865220 
0.263371 0.02758138644 0.08633029942 
0.263928 0.13854927683 0.08632482969 
0.264485 0.12159595475 0.08552772332 
0.265043 0.00678443402 0.08567616517 
0.265600 0.09323562972 0.08613665781 
0.266157 0.02645360774 0.08601642407 
0.266715 0.12555968822 0.08413253865 
0.267272 -0.06324220927 0.08416796481 
0.267829 0.19392584988 0.08478576756 
0.268386 0.14981459844 0.08503345968 
0.268944 0.05599072018 0.08487713858 
0.269501 0.09641654295 0.08390109118 
0.270058 0.15131509232 0.08506668422 
0.270616 0.11588042181 0.08368239524 
0.271173 -0.04154079479 0.08586149593 
0.271730 0.10892754427 0.08582940298 
0.272287 0.11222447616 0.08691536340 
0.272845 0.19726842470 0.08763298110 
0.273402 -0.02558482440 0.08843779241 
0.273959 0.07766210280 0.08793266343 
0.274517 -0.02221077272 0.08982365939 
0.275074 -0.00988087072 0.09009475778 
0.275631 0.09078302218 0.08979735071 
0.276188 0.18653128065 0.08852658931 
0.276746 -0.08653301844 0.09023505676 
0.277303 0.01966115279 0.08949919453 
0.277860 0.10389692851 0.09150795526 
0.278418 -0.08272562102 0.08946181735 
0.278975 0.09695641189 0.08966696821 
0.279532 0.10796903898 0.09050275655 
0.280089 0.03537636370 0.09066878026 
0.280647 0.05734608845 0.09054791219 
0.281204 0.17162435908 0.09067175551 
0.281761 0.08799787781 0.09018451211 
0.282318 0.09148003302 0.08949761581 
0.282876 0.08251070463 0.08764733117 
0.283433 0.09900236815 0.08668380163 
0.283990 0.07871273427 0.08602608294 
0.284548 0.00897994817 0.08568651273 
0.285105 0.12517836889 0.08664196917 
0.285662 0.04073432998 0.08666324421 
0.286219 -0.01953759894 0.08700209444 
0.286777 0.13062580791 0.08702073076 
0.287334 0.09678038820 0.08581006410 
0.287891 0.01905592590 0.08574762378 
0.288448 0.01741529493 0.08561079654 
0.289006 0.09776917199 0.08539718216 
0.289563 0.15342915938 0.08454180255 
0.290120 0.09777586270 0.08546863897 
0.290677 0.03079226716 0.08493330594 
0.291235 0.00117510712 0.08589570778 
0.291792 0.10199415569 0.08279162539 
0.292349 0.02804833490 0.08471961006 
0.292906 0.05435918663 0.08603706815 
0.293464 -0.01720578111 0.08702349809 
0.294021 0.06896171772 0.08489143280 
0.294578 0.07419723125 0.08698097993 
0.295136 -0.01787721719 0.08498418327 
0.295693 0.01418119582 0.08768352466 
0.296250 0.00920146927 0.08590499592 
0.296807 0.13159406322 0.08793465296 
0.297365 0.02064611971 0.08692137664 
0.297922 -0.01980770973 0.08486396433 
0.298479 0.03129380115 0.08675565307 
0.299036 0.10403368015 0.08623759621 
0.299594 0.01556593901 0.08599678457 
0.300151 -0.07993906549 0.08587145212 
0.300708 0.03153300156 0.08461283724 
0.301265 0.10880006724 0.08649674711 
0.301823 0.10515173377 0.08523072021 
0.302380 0.09494936364 0.08665950288 
0.302937 0.05349507240 0.08703748159 
0.303494 0.06742810033 0.08561395286 
0.304052 0.09008049298 0.08613595676 
0.304609 -0.00923773806 0.08501765628 
0.305166 0.12594302667 0.08759403946 
0.305723 0.08141432717 0.08808836543 
0.306280 0.03951870116 0.08578868665 
0.306838 0.13797660719 0.08577612314 
0.307395 0.23087464425 0.08624777386 
0.307952 0.15763666637 0.08671594342 
0.308509 0.00636923568 0.08543897072 
0.309067 0.02234407665 0.08715402229 
0.309624 0.10494209062 0.08481571547 
0.310181 0.12652403586 0.08595364557 
0.310738 0.04386840606 0.08355830190 
0.311296 0.11106849572 0.08623858334 
0.311853 0.10421088466 0.08568025059 
0.312410 0.08404534011 0.08639437310 
0.312967 -0.06207707699 0.08589747844 
0.313525 0.15980552266 0.08571825099 
0.314082 0.12063581632 0.08568855594 
0.314639 -0.00842820329 0.08834485485 
0.315196 0.08581496121 0.08723078947 
0.315753 0.05090626271 0.08675864889 
0.316311 0.11482882737 0.08665808232 
0.316868 0.18374383515 0.08871534865 
0.317425 0.07885106466 0.08621487088 
0.317982 -0.04375819793 0.08628808925 
0.318540 -0.02448767893 0.08773349370 
0.319097 0.05439967752 0.08597364786 
0.319654 0.12364878139 0.08702025976 
0.320211 0.00662993155 0.08638565329 
0.320768 0.04750783520 0.08813388635 
0.321326 -0.04826249712 0.08511286192 
0.321883 0.14394148361 0.08711312682 
0.322440 0.09941939541 0.08757151885 
0.322997 0.14024411541 0.08913645920 
0.323555 0.18897050531 0.08793966672 
0.324112 -0.00303881396 0.08619500758 
0.324669 0.06990966865 0.08762995397 
0.325226 0.03511976129 0.08615814100 
0.325783 0.05732228628 0.08705033673 
0.326341 0.05481670982 0.08726168001 
0.326898 0.08737697667 0.08716733932 
0.327455 0.07161360375 0.08724406215 
0.328012 0.15586338148 0.08780901121 
0.328569 0.07404203945 0.08914602201 
0.329127 0.00324772280 0.08853463264 
0.329684 0.08778087631 0.08720715232 
0.330241 0.07010390172 0.08867011858 
0.330798 -0.01732391925 0.08853937577 
0.331355 0.02924524289 0.08791869858 
0.331913 0.17643825105 0.08905861045 
0.332470 0.20634434410 0.08761891460 
0.333027 0.06920084055 0.08892851814 
0.333584 -0.03559468585 0.09066183697 
0.334141 0.07093873521 0.08877019011 
0.334699 0.01843241415 0.08987810508 
0.335256 0.00606945581 0.08820581882 
0.335813 -0.01870987090 0.09200372280 
0.336370 0.02780539325 0.09112020245 
0.336927 0.01292473064 0.09042044416 
0.337485 0.06096449878 0.09181697788 
0.338042 0.10423426578 0.09117878984 
0.338599 0.08420570940 0.09079451266 
0.339156 -0.01260436721 0.09068703096 
0.339713 0.18091485101 0.09230749413 
0.340271 0.16488000195 0.09380353522 
0.340828 0.04802813892 0.09355773248 
0.341385 0.10188989334 0.09510016174 
0.341942 0.06027176411 0.09493377074 
0.342499 0.06656514366 0.09332198217 
0.343057 0.10825744438 0.09373744651 
0.343614 0.24609743841 0.09354963457 
0.344171 0.10672368987 0.09507509462 
0.344728 0.02857003108 0.09398685441 
0.345285 -0.02977631464 0.09383041123 
0.345842 0.11446511563 0.09486463598 
0.346400 -0.00940010713 0.09399041065 
0.346957 0.06459780429 0.09398907741 
0.347514 0.00356297040 0.09651421039 
0.348071 0.02431705962 0.09649347750 
0.348628 -0.00697475205 0.09788547900 
0.349186 0.01219363292 0.09723401935 
0.349743 -0.00830331893 0.09808180147 
0.350300 0.09047413428 0.09749237793 
0.350857 0.18572011189 0.09791789024 
0.351414 0.11295411666 0.10027358766 
0.351971 0.05556455259 0.09901626192 
0.352529 0.14294577462 0.10055515031 
0.353086 0.10274335593 0.09842724888 
0.353643 -0.02424672953 0.10154364965 
0.354200 0.17681734404 0.10003039520 
0.354757 0.03570975767 0.10375695411 
0.355314 0.09432455196 0.10131120589 
0.355872 0.15844726783 0.10319826218 
0.356429 0.06536481014 0.10397015376 
0.356986 0.07748927702 0.10267512445 
0.357543 0.09558149434 0.10307933504 
0.358100 0.10364781606 0.10208822504 
0.358657 0.18505747537 0.10332468032 
0.359215 0.04493047424 0.10115905154 
0.359772 0.09843425038 0.10333926259 
0.360329 0.17494226983 0.10198358658 
0.360886 0.15996723155 0.10307420670 
0.361443 0.19060310755 0.10384854641 
0.362000 0.02927840815 0.10383838782 
0.362558 0.04059762879 0.10529619500 
0.363115 0.13067362740 0.10367108426 
0.363672 0.11250675802 0.10215683746 
0.364229 0.17058736776 0.10372195585 
0.364786 0.01071092864 0.10311420721 
0.365343 -0.10493857296 0.10497659716 
0.365900 0.04811283450 0.10128738529 
0.366458 0.08789594142 0.10257514369 
0.367015 0.10111295970 0.10151808290 
0.367572 -0.01568612813 0.10285679245 
0.368129 0.05206448973 0.09892636573 
0.368686 0.00022629715 0.10092623984 
0.369243 0.11240151520 0.10017493921 
0.369801 -0.03750986736 0.09955828127 
0.370358 0.02845925085 0.10068515044 
0.370915 0.18478773049 0.10109375164 
0.371472 -0.02415512513 0.09740202363 
0.372029 0.00173132409 0.09859613966 
0.372586 0.05977669762 0.09643627558 
0.373143 0.16353963813 0.09730438007 
0.373700 0.04365941912 0.09861478406 
0.374258 -0.01127367320 0.09650238662 
0.374815 0.14753004650 0.09737335538 
0.375372 0.13621590221 0.09821027248 
0.375929 0.08848714128 0.09854456867 
0.376486 0.07684738462 0.09553417867 
0.377043 0.05862795379 0.09545905346 
0.377600 0.15286719511 0.09527274815 
0.378158 0.02552909584 0.09441470828 
0.378715 0.05802906230 0.09610045952 
0.379272 0.07488265461 0.09444739816 
0.379829 0.00218862556 0.09391076345 
0.380386 0.12244408628 0.09578466234 
0.380943 0.15575900660 0.09477938603 
0.381500 0.08557196842 0.09361467756 
0.382057 0.06847464063 0.09485685485 
0.382615 0.18132010550 0.09376619715 
0.383172 0.02823587337 0.09087230800 
0.383729 -0.01335961147 0.09257942620 
0.384286 0.02699200012 0.09164466226 
0.384843 0.02872609605 0.09219741349 
0.385400 0.11187345334 0.09117000575 
0.385957 0.04645997267 0.09177570993 
0.386514 -0.03576809997 0.09103466223 
0.387072 0.00349262005 0.09114781984 
0.387629 -0.01069956271 0.09088044056 
0.388186 0.02308702430 0.09159299556 
0.388743 0.13735446316 0.09087521454 
0.389300 0.09412389126 0.09014888481 
0.389857 0.08504187155 0.09160310562 
0.390414 0.08289187178 0.09081913525 
0.390971 0.11921580378 0.09004894426 
0.391528 0.13581364843 0.09197614509 
0.392086 0.05276005716 0.09089363280 
0.392643 0.01368260150 0.09145337635 
0.393200 0.19266975373 0.08958073276 
0.393757 0.08003380139 0.08972341409 
0.394314 0.06441528389 0.08914031944 
0.394871 0.13259783864 0.08959996260 
0.395428 0.06813141667 0.08955491719 
0.395985 0.15817032285 0.08935995199 
0.396542 0.11463717265 0.08984068362 
0.397099 0.12983889044 0.08926552208 
0.397657 0.09240752410 0.08901042625 
0.398214 0.10749321010 0.08893436047 
0.398771 0.02874815244 0.08741362281 
0.399328 0.00409096452 0.08830314425 
0.399885 0.02962361375 0.08949178650 
0.400442 0.06581193333 0.08779195227 
0.400999 0.00336747954 0.09104079789 
0.401556 0.02259586114 0.09034651191 
0.402113 0.09789745236 0.09467783694 
0.402670 0.13335756994 0.09594131383 
0.403227 0.11130664695 0.09334498732 
0.403785 0.14290753624 0.09733205092 
0.404342 0.07195952258 0.09753382857 
0.404899 0.14128657878 0.10001917027 
0.405456 0.21347397583 0.09855676307 
0.406013 0.13023007068 0.10021482837 
0.406570 0.10631933044 0.10125771794 
0.407127 0.11844649174 0.09841734744 
0.407684 0.10753904244 0.09798778079 
0.408241 0.10293488544 0.10143546764 
0.408798 0.02950225795 0.10221034686 
0.409355 0.03306435201 0.10462033902 
0.409912 0.12546130621 0.10740417023 
0.410469 0.02422470585 0.10634906979 
0.411027 -0.03414974195 0.10695495197 
0.411584 -0.04024625316 0.10686051894 
0.412141 0.17872035498 0.11114940087 
0.412698 0.01951165103 0.10951768757 
0.413255 0.10044319450 0.11212058495 
0.413812 -0.00147373353 0.10991226769 
0.414369 0.01978373429 0.11333938459 
0.414926 0.12235672091 0.11700843269 
0.415483 0.07408827146 0.11170519103 
0.416040 0.02680711822 0.11564708073 
0.416597 -0.03034564488 0.11763461108 
0.417154 -0.04206816865 0.11761054635 
0.417711 0.10851234292 0.11869942849 
0.418268 0.03744433792 0.11908397611 
0.418825 0.18791093597 0.11425674228 
0.419382 -0.04113574260 0.11548735430 
0.419940 0.05758770450 0.11596479635 
0.420497 -0.03319216338 0.11467073488 
0.421054 -0.02607379376 0.11371836435 
0.421611 0.11615814106 0.11333613059 
0.422168 -0.00087480475 0.11436356181 
0.422725 -0.00728747187 0.11375232930 
0.423282 0.18986032890 0.11448991790 
0.423839 0.14802391207 0.11565710342 
0.424396 0.13607622047 0.11476421937 
0.424953 0.13247989530 0.11486767233 
0.425510 -0.06438497194 0.11481648091 
0.426067 0.22793372362 0.11704069482 
0.426624 0.04889393108 0.11471352660 
0.427181 -0.00519654034 0.11479621514 
0.427738 0.17047133176 0.11884771291 
0.428295 0.11210025369 0.11787787486 
0.428852 0.10890987494 0.11960130934 
0.429409 -0.06339124905 0.11644284905 
0.429966 0.06619015025 0.11704080167 
0.430523 0.06158337984 0.11648013651 
0.431080 0.18521387514 0.11533040473 
0.431637 0.11545747294 0.11555033259 
0.432194 0.03741621249 0.11760758046 
0.432752 -0.05297430931 0.11531473453 
0.433309 0.08957406000 0.11567796385 
0.433866 0.13928183682 0.11502654403 
0.434423 0.06256917215 0.11779310374 
0.434980 0.08561951599 0.11885316763 
0.435537 0.02365900511 0.12006777225 
0.436094 0.19333343106 0.11662859771 
0.436651 0.12835632109 0.11810621690 
0.437208 0.07205894517 0.11954152776 
0.437765 0.11947487260 0.12119442738 
0.438322 0.00115690064 0.12149038639 
0.438879 -0.00446029221 0.12034170754 
0.439436 -0.01269781255 0.12265301189 
0.439993 0.19420605975 0.12147084254 
0.440550 0.02939201901 0.12191588730 
0.441107 0.00111635579 0.12081241787 
0.441664 -0.02432350370 0.11972086163 
0.442221 0.00320558997 0.12248673587 
0.442778 0.20878409574 0.12553265003 
0.443335 0.07113636565 0.12446775471 
0.443892 0.03172316542 0.12172501692 
0.444449 0.04045433406 0.12702181562 
0.445006 0.04576456681 0.12381957415 
0.445563 0.07695633943 0.12429356620 
0.446120 0.09644444809 0.12812531857 
0.446677 0.02277509259 0.12639954581 
0.447234 0.11902770701 0.12441830664 
0.447791 -0.09876953386 0.12312870217 
0.448348 0.01836165568 0.12701500043 
0.448905 0.04634268218 0.12244436417 
0.449462 0.13748447913 0.12573350548 
0.450019 0.08516435751 0.12578086247 
0.450576 0.11335863459 0.11886486162 
0.451133 0.00806493376 0.12396568921 
0.451690 0.06048801545 0.12160737093 
0.452247 0.00376888831 0.12085894045 
0.452804 0.12689118143 0.12335277137 
0.453361 0.01982549078 0.12356389155 
0.453918 0.00792430507 0.12017352823 
0.454475 -0.00316581420 0.12343709698 
0.455032 0.08467722622 0.12392671933 
0.455589 -0.13966934089 0.12245843537 
0.456146 0.18484512711 0.12533424421 
0.456703 0.12204499438 0.12077173450 
0.457260 0.15556307988 0.11964909237 
0.457817 0.11778800003 0.12197800804 
0.458374 0.01658555381 0.12192083739 
0.458931 0.12244569453 0.12387734382 
0.459488 -0.17725033312 0.12202781454 
0.460045 0.04866970924 0.12443283303 
0.460602 -0.08722544878 0.12734547652 
0.461159 0.09356786614 0.12075340921 
0.461716 0.12359607333 0.12049314536 
0.462273 0.14659920326 0.12566961160 
0.462830 0.20718573591 0.12189331659 
0.463387 -0.02527618149 0.12368249729 
0.463943 0.27017800331 0.12164695610 
0.464500 0.06042840154 0.12233588978 
0.465057 0.11288666044 0.11970976303 
0.465614 0.04481373251 0.12247736777 
0.466171 0.35353695577 0.12579785101 
0.466728 0.12764246654 0.11823367288 
0.467285 0.16235465590 0.11997443169 
0.467842 0.32293468153 0.12185923271 
0.468399 0.02742011233 0.12591479457 
0.468956 0.05298979224 0.12119418061 
0.469513 0.06391007689 0.12114297339 
0.470070 0.03379118442 0.11727853540 
0.470627 0.14470920210 0.12448649312 
0.471184 0.11416870827 0.12042194129 
0.471741 0.00803480252 0.12150779543 
0.472298 0.04532501834 0.12370780547 
0.472855 0.07251822036 0.12361462149 
0.473412 0.19566863687 0.12373117831 
0.473969 0.14361067684 0.12460921109 
0.474526 0.19988050195 0.12036940809 
0.475083 0.02819502939 0.12313570655 
0.475640 0.19041883499 0.11940771338 
0.476196 0.10870950867 0.12373721417 
0.476753 0.03152632429 0.12658668368 
0.477310 -0.11607467742 0.11799858353 
0.477867 0.08462617376 0.11740318445 
0.478424 0.03482641265 0.12280642950 
0.478981 0.19971025289 0.12397815998 
0.479538 0.15318826084 0.11871103739 
0.480095 0.05068612516 0.12304512302 
0.480652 0.00702579786 0.12401555617 
0.481209 0.13083802634 0.12047227783 
0.481766 -0.01022072776 0.12062249965 
0.482323 0.11489046755 0.11937428557 
0.482880 0.18538398746 0.11816701855 
0.483437 0.12189881331 0.12217330007 
0.483994 0.03699299032 0.12495478743 
0.484550 -0.02328463477 0.12232455435 
0.485107 0.13469399257 0.12228498479 
0.485664 -0.00966794971 0.11809880723 
0.486221 0.21289581854 0.11891362093 
0.486778 0.12615127924 0.12100991151 
0.487335 0.19680804772 0.11940310084 
0.487892 -0.01194638618 0.11959985072 
0.488449 0.08186895175 0.12192260284 
0.489006 0.20113906251 0.12019617296 
0.489563 -0.02035259258 0.11852119647 
0.490120 0.11245964880 0.12089445528 
0.490677 0.03319347674 0.12243518257 
0.491233 0.01276899492 0.12070642512 
0.491790 -0.02987405425 0.12029081108 
0.492347 -0.06069495137 0.12247741068 
0.492904 0.08255446873 0.12107911610 
0.493461 -0.04833768574 0.11750291635 
0.494018 0.12337412042 0.12225765924 
0.494575 0.17887741092 0.11829248199 
0.495132 0.04975906968 0.12653223163 
0.495689 -0.14118457267 0.12147435300 
0.496246 0.07273347436 0.12048809023 
0.496802 0.04310544907 0.12336465392 
0.497359 0.18710049348 0.12541062327 
0.497916 -0.08233736154 0.12372404875 
0.498473 0.02729468262 0.12159393981 
0.499030 -0.02328671013 0.12097847566 
0.499587 0.09342164996 0.12079505158 
0.500144 0.12818869129 0.12096401629 
0.500701 -0.00876527909 0.12317290780 
0.501258 0.17328379395 0.12115936156 
0.501815 0.00262439753 0.11561920963 
0.502371 0.19583872698 0.11895254138 
0.502928 0.04638572752 0.12222387503 
0.503485 0.12120064885 0.12188064073 
0.504042 0.14499079265 0.12215132216 
0.504599 0.15707464960 0.12266152688 
0.505156 -0.01987405706 0.12189747892 
0.505713 0.07968151823 0.11945715821 
0.506270 0.00369919823 0.12321731477 
0.506826 0.00899265062 0.12314683176 
0.507383 -0.00797533827 0.12010325465 
0.507940 -0.01226277617 0.12340799920 
0.508497 0.03242405091 0.12646231907 
0.509054 -0.03785988975 0.12092434760 
0.509611 0.22824693134 0.12063056264 
0.510168 0.20805163917 0.12403662726 
0.510725 -0.06858380033 0.12255114539 
0.511281 0.00156467844 0.12128099132 
0.511838 -0.08247019389 0.12272306553 
0.512395 0.03850713310 0.12566738263 
0.512952 0.06425223518 0.12726890763 
0.513509 0.13088192744 0.12587179332 
0.514066 0.21433689620 0.12515454707 
0.514623 0.03626496982 0.12703250267 
0.515179 -0.05253790784 0.12938131083 
0.515736 0.07198722133 0.12480861998 
0.516293 0.06921481089 0.13073860265 
0.516850 0.23783591065 0.12906570050 
0.517407 0.01634797314 0.12604117788 
0.517964 0.14424712908 0.12835705426 
0.518521 0.17891116503 0.12910812258 
0.519077 0.20677635062 0.12844555164 
0.519634 0.09427751226 0.13352228434 
0.520191 0.14695267615 0.13190510594 
0.520748 0.14413085943 0.13125546493 
0.521305 0.30491947691 0.13033584827 
0.521862 0.06996164308 0.13276281555 
0.522418 -0.00630946964 0.13132070013 
0.522975 0.17124593849 0.13458558927 
0.523532 0.30952859239 0.13277639558 
0.524089 0.14935704822 0.13481237894 
0.524646 -0.04592771892 0.13540356725 
0.525203 -0.13806365420 0.13599899136 
0.525759 0.18419625294 0.13566205948 
0.526316 -0.02070272690 0.13913071434 
0.526873 -0.00638565474 0.14174246545 
0.527430 0.02911658070 0.14051471451 
0.527987 0.00421279065 0.14083528632 
0.528544 0.17026762762 0.14210867205 
0.529100 0.26120338346 0.14391967232 
0.529657 -0.00156468975 0.13522670230 
0.530214 0.09596277222 0.14304611412 
0.530771 0.16847901336 0.14708272215 
0.531328 0.05757457448 0.14958745969 
0.531884 0.18723594178 0.14516625216 
0.532441 0.17473059047 0.15211781623 
0.532998 0.18211795466 0.15033901540 
0.533555 -0.12759306018 0.15329291169 
0.534112 -0.05666796529 0.15263673040 
0.534669 0.21701967272 0.14896942089 
0.535225 -0.10181245985 0.15554077348 
0.535782 0.16677441989 0.15497813056 
0.536339 -0.04267200594 0.15956123813 
0.536896 0.02252336696 0.16319872583 
0.537453 0.12277826794 0.15623655099 
0.538009 0.08723878102 0.16266814927 
0.538566 0.15009164921 0.16945254523 
0.539123 -0.13203106944 0.18647880447 
0.539680 0.13448010148 0.17341215144 
0.540237 -0.08707160088 0.19142193458 
0.540793 0.30889578261 0.19110726571 
0.541350 0.09030563174 0.20957340205 
0.541907 0.19905002769 0.22544179001 
0.542464 0.20576077769 0.26186262174 
0.543021 0.02975943678 0.43316859827 
